#wls	flux	fluxerr
1.581966E+03	2.480792E-02	5.416156E-04
1.621515E+03	2.549577E-02	5.555763E-04
1.661064E+03	2.618762E-02	5.695388E-04
1.700613E+03	2.687980E-02	5.834207E-04
1.740162E+03	2.757576E-02	5.972935E-04
1.779711E+03	2.827110E-02	6.110587E-04
1.819260E+03	2.896481E-02	6.246913E-04
1.858810E+03	2.965141E-02	6.380708E-04
1.898359E+03	3.033654E-02	6.513164E-04
1.937908E+03	3.100983E-02	6.642024E-04
1.977457E+03	3.167953E-02	6.769041E-04
2.017006E+03	3.234157E-02	6.893320E-04
2.056555E+03	3.299485E-02	7.014604E-04
2.096104E+03	3.363721E-02	7.132420E-04
2.135654E+03	3.426532E-02	7.246044E-04
2.175203E+03	3.488601E-02	7.356910E-04
2.214752E+03	3.549279E-02	7.463629E-04
2.254301E+03	3.607389E-02	7.563728E-04
2.293850E+03	3.663427E-02	7.658257E-04
2.333399E+03	3.715129E-02	7.742500E-04
2.372948E+03	3.761889E-02	7.815256E-04
2.412498E+03	3.801565E-02	7.872152E-04
2.452047E+03	3.832315E-02	7.909504E-04
2.491596E+03	3.852598E-02	7.924304E-04
2.531145E+03	3.860287E-02	7.912393E-04
2.570694E+03	3.854274E-02	7.871769E-04
2.610243E+03	3.832989E-02	7.799530E-04
2.649792E+03	3.794879E-02	7.692879E-04
2.689342E+03	3.739748E-02	7.551817E-04
2.728891E+03	3.666518E-02	7.374593E-04
2.768440E+03	3.575751E-02	7.162800E-04
2.807989E+03	3.467782E-02	6.917577E-04
2.847538E+03	3.343517E-02	6.641200E-04
2.887087E+03	3.204735E-02	6.337669E-04
2.926636E+03	3.054083E-02	6.012636E-04
2.966185E+03	2.895045E-02	5.673325E-04
2.976073E+03	2.854482E-02	5.587295E-04
2.985960E+03	2.813594E-02	5.500783E-04
2.995847E+03	2.772535E-02	5.414094E-04
3.005735E+03	2.731327E-02	5.327273E-04
3.015622E+03	2.690114E-02	5.240605E-04
3.025509E+03	2.648915E-02	5.154123E-04
3.035396E+03	2.607646E-02	5.067672E-04
3.045284E+03	2.566549E-02	4.981720E-04
3.055171E+03	2.525535E-02	4.896094E-04
3.065058E+03	2.484730E-02	4.811041E-04
3.074946E+03	2.444154E-02	4.726596E-04
3.084833E+03	2.403916E-02	4.642974E-04
3.094720E+03	2.363944E-02	4.560031E-04
3.104607E+03	2.324430E-02	4.478138E-04
3.114495E+03	2.285218E-02	4.396992E-04
3.124382E+03	2.246572E-02	4.317101E-04
3.134269E+03	2.208419E-02	4.238320E-04
3.144157E+03	2.170771E-02	4.160671E-04
3.154044E+03	2.133714E-02	4.084316E-04
3.163931E+03	2.097325E-02	4.009400E-04
3.173818E+03	2.061539E-02	3.935793E-04
3.183706E+03	2.026432E-02	3.863636E-04
3.193593E+03	1.992007E-02	3.792935E-04
3.203480E+03	1.958394E-02	3.723929E-04
3.213368E+03	1.925527E-02	3.656489E-04
3.223255E+03	1.893409E-02	3.590616E-04
3.233142E+03	1.862153E-02	3.526520E-04
3.243029E+03	1.831699E-02	3.464082E-04
3.252917E+03	1.802098E-02	3.403392E-04
3.262804E+03	1.773346E-02	3.344437E-04
3.272691E+03	1.745489E-02	3.287297E-04
3.282579E+03	1.718517E-02	3.231951E-04
3.292466E+03	1.692472E-02	3.178468E-04
3.302353E+03	1.667300E-02	3.126739E-04
3.312240E+03	1.643080E-02	3.076911E-04
3.322128E+03	1.619760E-02	3.028877E-04
3.332015E+03	1.597372E-02	2.982689E-04
3.341902E+03	1.575906E-02	2.938324E-04
3.351790E+03	1.555313E-02	2.895684E-04
3.361677E+03	1.535661E-02	2.854886E-04
3.371564E+03	1.516863E-02	2.815766E-04
3.381451E+03	1.498982E-02	2.778429E-04
3.391339E+03	1.481936E-02	2.742720E-04
3.401226E+03	1.465746E-02	2.708672E-04
3.411113E+03	1.450336E-02	2.676134E-04
3.421001E+03	1.435723E-02	2.645137E-04
3.430888E+03	1.421862E-02	2.615588E-04
3.440775E+03	1.408677E-02	2.587342E-04
3.450662E+03	1.396151E-02	2.560364E-04
3.460550E+03	1.384211E-02	2.534514E-04
3.470437E+03	1.372783E-02	2.509654E-04
3.480324E+03	1.361850E-02	2.485745E-04
3.490212E+03	1.351312E-02	2.462606E-04
3.500099E+03	1.341152E-02	2.440198E-04
3.509986E+03	1.331251E-02	2.418306E-04
3.519873E+03	1.321619E-02	2.396945E-04
3.529761E+03	1.312151E-02	2.375921E-04
3.539648E+03	1.302820E-02	2.355187E-04
3.549535E+03	1.293586E-02	2.334668E-04
3.559423E+03	1.284401E-02	2.314277E-04
3.569310E+03	1.275231E-02	2.293955E-04
3.579197E+03	1.266122E-02	2.273782E-04
3.589084E+03	1.257112E-02	2.253828E-04
3.598972E+03	1.248275E-02	2.234223E-04
3.608859E+03	1.239698E-02	2.215122E-04
3.618746E+03	1.231483E-02	2.196705E-04
3.628634E+03	1.223745E-02	2.179175E-04
3.638521E+03	1.216613E-02	2.162755E-04
3.648408E+03	1.210244E-02	2.147720E-04
3.658295E+03	1.204788E-02	2.134328E-04
3.668183E+03	1.200385E-02	2.122819E-04
3.678070E+03	1.197218E-02	2.113507E-04
3.687957E+03	1.195456E-02	2.106678E-04
3.697845E+03	1.195254E-02	2.102592E-04
3.707732E+03	1.196817E-02	2.101594E-04
3.717619E+03	1.200281E-02	2.103905E-04
3.727506E+03	1.205828E-02	2.109827E-04
3.737394E+03	1.213617E-02	2.119618E-04
3.747281E+03	1.223783E-02	2.133490E-04
3.757168E+03	1.236498E-02	2.151720E-04
3.767056E+03	1.251857E-02	2.174450E-04
3.776943E+03	1.270005E-02	2.201905E-04
3.786830E+03	1.291004E-02	2.234163E-04
3.796717E+03	1.314941E-02	2.271350E-04
3.806605E+03	1.341863E-02	2.313515E-04
3.816492E+03	1.371801E-02	2.360682E-04
3.826379E+03	1.404700E-02	2.412729E-04
3.836267E+03	1.440534E-02	2.469579E-04
3.846154E+03	1.479160E-02	2.530959E-04
3.856041E+03	1.520457E-02	2.596631E-04
3.865928E+03	1.564215E-02	2.666216E-04
3.875816E+03	1.610136E-02	2.739176E-04
3.885703E+03	1.657956E-02	2.815042E-04
3.895590E+03	1.707264E-02	2.893097E-04
3.905478E+03	1.757630E-02	2.972601E-04
3.915365E+03	1.808619E-02	3.052803E-04
3.925252E+03	1.859670E-02	3.132753E-04
3.935139E+03	1.910249E-02	3.211554E-04
3.945027E+03	1.959806E-02	3.288282E-04
3.954914E+03	2.007719E-02	3.361908E-04
3.964801E+03	2.053467E-02	3.431576E-04
3.974689E+03	2.096517E-02	3.496419E-04
3.984576E+03	2.136341E-02	3.555583E-04
3.994463E+03	2.172591E-02	3.608522E-04
4.004350E+03	2.204882E-02	3.654637E-04
4.014238E+03	2.232966E-02	3.693556E-04
4.024125E+03	2.256736E-02	3.725143E-04
4.034012E+03	2.276081E-02	3.749263E-04
4.043900E+03	2.291052E-02	3.766043E-04
4.053787E+03	2.301754E-02	3.775700E-04
4.063674E+03	2.308364E-02	3.778570E-04
4.073561E+03	2.311119E-02	3.775081E-04
4.083449E+03	2.310305E-02	3.765740E-04
4.093336E+03	2.306223E-02	3.751072E-04
4.103223E+03	2.299247E-02	3.731723E-04
4.113111E+03	2.289723E-02	3.708281E-04
4.122998E+03	2.278052E-02	3.681422E-04
4.132885E+03	2.264565E-02	3.651703E-04
4.142772E+03	2.249657E-02	3.619778E-04
4.152660E+03	2.233685E-02	3.586238E-04
4.162547E+03	2.216949E-02	3.551572E-04
4.172434E+03	2.199771E-02	3.516308E-04
4.182322E+03	2.182456E-02	3.480933E-04
4.192209E+03	2.165243E-02	3.445833E-04
4.202096E+03	2.148395E-02	3.411425E-04
4.211983E+03	2.132138E-02	3.378062E-04
4.221871E+03	2.116681E-02	3.346069E-04
4.231758E+03	2.102199E-02	3.315715E-04
4.241645E+03	2.088876E-02	3.287278E-04
4.251533E+03	2.076862E-02	3.260985E-04
4.261420E+03	2.066335E-02	3.237099E-04
4.271307E+03	2.057378E-02	3.215736E-04
4.281194E+03	2.050133E-02	3.197099E-04
4.291082E+03	2.044659E-02	3.181264E-04
4.300969E+03	2.041028E-02	3.168322E-04
4.310856E+03	2.039301E-02	3.158352E-04
4.320744E+03	2.039483E-02	3.151338E-04
4.330631E+03	2.041629E-02	3.147346E-04
4.340518E+03	2.045866E-02	3.146552E-04
4.350405E+03	2.052413E-02	3.149268E-04
4.360293E+03	2.061500E-02	3.155824E-04
4.370180E+03	2.073302E-02	3.166458E-04
4.380067E+03	2.087998E-02	3.181414E-04
4.389955E+03	2.105750E-02	3.200911E-04
4.399842E+03	2.126624E-02	3.225013E-04
4.409729E+03	2.150663E-02	3.253754E-04
4.419616E+03	2.177872E-02	3.287105E-04
4.429504E+03	2.208227E-02	3.325000E-04
4.439391E+03	2.241600E-02	3.367209E-04
4.449278E+03	2.277823E-02	3.413453E-04
4.459166E+03	2.316717E-02	3.463431E-04
4.469053E+03	2.357970E-02	3.516651E-04
4.478940E+03	2.401202E-02	3.572522E-04
4.488827E+03	2.445998E-02	3.630408E-04
4.498715E+03	2.491798E-02	3.689464E-04
4.508602E+03	2.538030E-02	3.748834E-04
4.518489E+03	2.583997E-02	3.807488E-04
4.528377E+03	2.628910E-02	3.864270E-04
4.538264E+03	2.671933E-02	3.917968E-04
4.548151E+03	2.712252E-02	3.967410E-04
4.558038E+03	2.748925E-02	4.011252E-04
4.567926E+03	2.781069E-02	4.048248E-04
4.577813E+03	2.807846E-02	4.077233E-04
4.587700E+03	2.828494E-02	4.097160E-04
4.597588E+03	2.842338E-02	4.107120E-04
4.607475E+03	2.848853E-02	4.106430E-04
4.617362E+03	2.847722E-02	4.094712E-04
4.627249E+03	2.838795E-02	4.071835E-04
4.637137E+03	2.822094E-02	4.037913E-04
4.647024E+03	2.797971E-02	3.993529E-04
4.656911E+03	2.766881E-02	3.939412E-04
4.666798E+03	2.729537E-02	3.876650E-04
4.676686E+03	2.686859E-02	3.806610E-04
4.686573E+03	2.639902E-02	3.730840E-04
4.696460E+03	2.589849E-02	3.651052E-04
4.706348E+03	2.537998E-02	3.569103E-04
4.716235E+03	2.485858E-02	3.487131E-04
4.726122E+03	2.434906E-02	3.407202E-04
4.736009E+03	2.386540E-02	3.331257E-04
4.745897E+03	2.342084E-02	3.261113E-04
4.755784E+03	2.302651E-02	3.198271E-04
4.765671E+03	2.269238E-02	3.144063E-04
4.775559E+03	2.242702E-02	3.099612E-04
4.785446E+03	2.223671E-02	3.065708E-04
4.795333E+03	2.212649E-02	3.042971E-04
4.805220E+03	2.209954E-02	3.031753E-04
4.815108E+03	2.215751E-02	3.032196E-04
4.824995E+03	2.230026E-02	3.044194E-04
4.834882E+03	2.252551E-02	3.067352E-04
4.844770E+03	2.282869E-02	3.100967E-04
4.854657E+03	2.320364E-02	3.144127E-04
4.864544E+03	2.364143E-02	3.195552E-04
4.874431E+03	2.413044E-02	3.253616E-04
4.884319E+03	2.465740E-02	3.316484E-04
4.894206E+03	2.520604E-02	3.381938E-04
4.904093E+03	2.575947E-02	3.447697E-04
4.913981E+03	2.629956E-02	3.511336E-04
4.923868E+03	2.680781E-02	3.570410E-04
4.933755E+03	2.726835E-02	3.622842E-04
4.943642E+03	2.766649E-02	3.666734E-04
4.953530E+03	2.799178E-02	3.700766E-04
4.963417E+03	2.823760E-02	3.724139E-04
4.973304E+03	2.840154E-02	3.736615E-04
4.983192E+03	2.848607E-02	3.738595E-04
4.993079E+03	2.849736E-02	3.730966E-04
5.002966E+03	2.844439E-02	3.714972E-04
5.012853E+03	2.833900E-02	3.692217E-04
5.022741E+03	2.819370E-02	3.664377E-04
5.032628E+03	2.802200E-02	3.633241E-04
5.042515E+03	2.783672E-02	3.600493E-04
5.052403E+03	2.764919E-02	3.567608E-04
5.062290E+03	2.747076E-02	3.536046E-04
5.072177E+03	2.730959E-02	3.506849E-04
5.082064E+03	2.717331E-02	3.480979E-04
5.091952E+03	2.706763E-02	3.459140E-04
5.101839E+03	2.699715E-02	3.441891E-04
5.111726E+03	2.696440E-02	3.429525E-04
5.121614E+03	2.697141E-02	3.422261E-04
5.131501E+03	2.701995E-02	3.420293E-04
5.141388E+03	2.710969E-02	3.423540E-04
5.151275E+03	2.724117E-02	3.432032E-04
5.161163E+03	2.741356E-02	3.445633E-04
5.171050E+03	2.762582E-02	3.464176E-04
5.180937E+03	2.787660E-02	3.487458E-04
5.190825E+03	2.816374E-02	3.515180E-04
5.200712E+03	2.848532E-02	3.547070E-04
5.210599E+03	2.883846E-02	3.582746E-04
5.220486E+03	2.922053E-02	3.621857E-04
5.230374E+03	2.962784E-02	3.663923E-04
5.240261E+03	3.005728E-02	3.708544E-04
5.250148E+03	3.050538E-02	3.755277E-04
5.260036E+03	3.096818E-02	3.803622E-04
5.269923E+03	3.144205E-02	3.853128E-04
5.279810E+03	3.192374E-02	3.903391E-04
5.289697E+03	3.240913E-02	3.953906E-04
5.299585E+03	3.289497E-02	4.004279E-04
5.309472E+03	3.337874E-02	4.054207E-04
5.319359E+03	3.385853E-02	4.103466E-04
5.329247E+03	3.433330E-02	4.151937E-04
5.339134E+03	3.480378E-02	4.199715E-04
5.349021E+03	3.526974E-02	4.246783E-04
5.358908E+03	3.573091E-02	4.293112E-04
5.368796E+03	3.618459E-02	4.338386E-04
5.378683E+03	3.662735E-02	4.382200E-04
5.388570E+03	3.705273E-02	4.423797E-04
5.398458E+03	3.745179E-02	4.462126E-04
5.408345E+03	3.781324E-02	4.495867E-04
5.418232E+03	3.812311E-02	4.523391E-04
5.428119E+03	3.836606E-02	4.542921E-04
5.438007E+03	3.852627E-02	4.552639E-04
5.447894E+03	3.858801E-02	4.550748E-04
5.457781E+03	3.853723E-02	4.535666E-04
5.467669E+03	3.836339E-02	4.506234E-04
5.477556E+03	3.805889E-02	4.461646E-04
5.487443E+03	3.762267E-02	4.401866E-04
5.497330E+03	3.705828E-02	4.327398E-04
5.507218E+03	3.637416E-02	4.239308E-04
5.517105E+03	3.558447E-02	4.139320E-04
5.526992E+03	3.470688E-02	4.029552E-04
5.536880E+03	3.376304E-02	3.912566E-04
5.546767E+03	3.277663E-02	3.791137E-04
5.556654E+03	3.177267E-02	3.668176E-04
5.566541E+03	3.077649E-02	3.546608E-04
5.576429E+03	2.981273E-02	3.429255E-04
5.586316E+03	2.890558E-02	3.318869E-04
5.596203E+03	2.807656E-02	3.217873E-04
5.606091E+03	2.734513E-02	3.128444E-04
5.615978E+03	2.672854E-02	3.052484E-04
5.625865E+03	2.624072E-02	2.991509E-04
5.635752E+03	2.589325E-02	2.946757E-04
5.645640E+03	2.569553E-02	2.919208E-04
5.655527E+03	2.565316E-02	2.909411E-04
5.665414E+03	2.576958E-02	2.917663E-04
5.675302E+03	2.604594E-02	2.944004E-04
5.685189E+03	2.647942E-02	2.988027E-04
5.695076E+03	2.706414E-02	3.048984E-04
5.704963E+03	2.779073E-02	3.125741E-04
5.714851E+03	2.864489E-02	3.216620E-04
5.724738E+03	2.960964E-02	3.319652E-04
5.734625E+03	3.066222E-02	3.432239E-04
5.744513E+03	3.177675E-02	3.551449E-04
5.754400E+03	3.292493E-02	3.674101E-04
5.764287E+03	3.407576E-02	3.796730E-04
5.774174E+03	3.519809E-02	3.915879E-04
5.784062E+03	3.626215E-02	4.028264E-04
5.793949E+03	3.724119E-02	4.130954E-04
5.803836E+03	3.811222E-02	4.221453E-04
5.813724E+03	3.885676E-02	4.297777E-04
5.823611E+03	3.946275E-02	4.358659E-04
5.833498E+03	3.992389E-02	4.403475E-04
5.843385E+03	4.023845E-02	4.432106E-04
5.853273E+03	4.041019E-02	4.445035E-04
5.863160E+03	4.044741E-02	4.443239E-04
5.873047E+03	4.036094E-02	4.427969E-04
5.882935E+03	4.016526E-02	4.400863E-04
5.892822E+03	3.987499E-02	4.363567E-04
5.902709E+03	3.950576E-02	4.317828E-04
5.912596E+03	3.907313E-02	4.265376E-04
5.922484E+03	3.859247E-02	4.207907E-04
5.932371E+03	3.807764E-02	4.146949E-04
5.942258E+03	3.754068E-02	4.083821E-04
5.952146E+03	3.699354E-02	4.019826E-04
5.962033E+03	3.644497E-02	3.955916E-04
5.971920E+03	3.590393E-02	3.893059E-04
5.981807E+03	3.537638E-02	3.831893E-04
5.991695E+03	3.486864E-02	3.773095E-04
6.001582E+03	3.438474E-02	3.717091E-04
6.011469E+03	3.392797E-02	3.664226E-04
6.021357E+03	3.350114E-02	3.614792E-04
6.031244E+03	3.310536E-02	3.568898E-04
6.041131E+03	3.274166E-02	3.526642E-04
6.051018E+03	3.241017E-02	3.488027E-04
6.060906E+03	3.210883E-02	3.452821E-04
6.070793E+03	3.183637E-02	3.420880E-04
6.080680E+03	3.158929E-02	3.391818E-04
6.090568E+03	3.136318E-02	3.365155E-04
6.100455E+03	3.115216E-02	3.340255E-04
6.110342E+03	3.094906E-02	3.316344E-04
6.120229E+03	3.074685E-02	3.292670E-04
6.130117E+03	3.053721E-02	3.268339E-04
6.140004E+03	3.031296E-02	3.242583E-04
6.149891E+03	3.006720E-02	3.214661E-04
6.159779E+03	2.979597E-02	3.184150E-04
6.169666E+03	2.949620E-02	3.150722E-04
6.179553E+03	2.916828E-02	3.114414E-04
6.189440E+03	2.881546E-02	3.075576E-04
6.199328E+03	2.844259E-02	3.034720E-04
6.209215E+03	2.805569E-02	2.992487E-04
6.219102E+03	2.765999E-02	2.949428E-04
6.228990E+03	2.726226E-02	2.906264E-04
6.238877E+03	2.686685E-02	2.863449E-04
6.248764E+03	2.647829E-02	2.821463E-04
6.258651E+03	2.609974E-02	2.780637E-04
6.268539E+03	2.573327E-02	2.741186E-04
6.278426E+03	2.538004E-02	2.703229E-04
6.288313E+03	2.504079E-02	2.666838E-04
6.298201E+03	2.471516E-02	2.631971E-04
6.308088E+03	2.440356E-02	2.598667E-04
6.317975E+03	2.410527E-02	2.566847E-04
6.327862E+03	2.382104E-02	2.536585E-04
6.337750E+03	2.355197E-02	2.507997E-04
6.347637E+03	2.330012E-02	2.481296E-04
6.357524E+03	2.306881E-02	2.456836E-04
6.367412E+03	2.286115E-02	2.434944E-04
6.377299E+03	2.268300E-02	2.416244E-04
6.387186E+03	2.253904E-02	2.401232E-04
6.397073E+03	2.243522E-02	2.390542E-04
6.406961E+03	2.237751E-02	2.384810E-04
6.416848E+03	2.237149E-02	2.384633E-04
6.426735E+03	2.242160E-02	2.390486E-04
6.436623E+03	2.253116E-02	2.402726E-04
6.446510E+03	2.270230E-02	2.421585E-04
6.456397E+03	2.293583E-02	2.447154E-04
6.466284E+03	2.322977E-02	2.479228E-04
6.476172E+03	2.358162E-02	2.517546E-04
6.486059E+03	2.398538E-02	2.561474E-04
6.495946E+03	2.443492E-02	2.610364E-04
6.505833E+03	2.492180E-02	2.663322E-04
6.515721E+03	2.543577E-02	2.719256E-04
6.525608E+03	2.596567E-02	2.776979E-04
6.535495E+03	2.650001E-02	2.835265E-04
6.545383E+03	2.702610E-02	2.892759E-04
6.555270E+03	2.753206E-02	2.948188E-04
6.565157E+03	2.800557E-02	3.000233E-04
6.575044E+03	2.843632E-02	3.047786E-04
6.584932E+03	2.881347E-02	3.089679E-04
6.594819E+03	2.912880E-02	3.125022E-04
6.604706E+03	2.937527E-02	3.153053E-04
6.614594E+03	2.954783E-02	3.173217E-04
6.624481E+03	2.964377E-02	3.185212E-04
6.634368E+03	2.966104E-02	3.188805E-04
6.644255E+03	2.960128E-02	3.184158E-04
6.654143E+03	2.946698E-02	3.171522E-04
6.664030E+03	2.926177E-02	3.151278E-04
6.673917E+03	2.899168E-02	3.124058E-04
6.683805E+03	2.866329E-02	3.090558E-04
6.693692E+03	2.828551E-02	3.051728E-04
6.703579E+03	2.786811E-02	3.008609E-04
6.713466E+03	2.742212E-02	2.962384E-04
6.723354E+03	2.695957E-02	2.914346E-04
6.733241E+03	2.649288E-02	2.865830E-04
6.743128E+03	2.603621E-02	2.818370E-04
6.753016E+03	2.560259E-02	2.773375E-04
6.762903E+03	2.520529E-02	2.732288E-04
6.772790E+03	2.485657E-02	2.696446E-04
6.782677E+03	2.456914E-02	2.667240E-04
6.792565E+03	2.435193E-02	2.645651E-04
6.802452E+03	2.421394E-02	2.632677E-04
6.812339E+03	2.416027E-02	2.628892E-04
6.822227E+03	2.419502E-02	2.634763E-04
6.832114E+03	2.431864E-02	2.650363E-04
6.842001E+03	2.452756E-02	2.675327E-04
6.851888E+03	2.481650E-02	2.709105E-04
6.861776E+03	2.517585E-02	2.750667E-04
6.871663E+03	2.559179E-02	2.798528E-04
6.881550E+03	2.604907E-02	2.851034E-04
6.891438E+03	2.652916E-02	2.906171E-04
6.901325E+03	2.701162E-02	2.961709E-04
6.911212E+03	2.747619E-02	3.015428E-04
6.921099E+03	2.790378E-02	3.065229E-04
6.930987E+03	2.827830E-02	3.109333E-04
6.940874E+03	2.858646E-02	3.146265E-04
6.950761E+03	2.882054E-02	3.175157E-04
6.960649E+03	2.897697E-02	3.195591E-04
6.970536E+03	2.905812E-02	3.207806E-04
6.980423E+03	2.906990E-02	3.212432E-04
6.990310E+03	2.902237E-02	3.210559E-04
7.000198E+03	2.892866E-02	3.203622E-04
7.010085E+03	2.880230E-02	3.193103E-04
7.019972E+03	2.865803E-02	3.180629E-04
7.029860E+03	2.850889E-02	3.167640E-04
7.039747E+03	2.836729E-02	3.155517E-04
7.049634E+03	2.824312E-02	3.145364E-04
7.059521E+03	2.814320E-02	3.137950E-04
7.069409E+03	2.807236E-02	3.133821E-04
7.079296E+03	2.803383E-02	3.133355E-04
7.089183E+03	2.802604E-02	3.136387E-04
7.099071E+03	2.804847E-02	3.142875E-04
7.108958E+03	2.809700E-02	3.152371E-04
7.118845E+03	2.816626E-02	3.164284E-04
7.128732E+03	2.825166E-02	3.178111E-04
7.138620E+03	2.834597E-02	3.193045E-04
7.148507E+03	2.844393E-02	3.208500E-04
7.158394E+03	2.853877E-02	3.223715E-04
7.168282E+03	2.862506E-02	3.238078E-04
7.178169E+03	2.869685E-02	3.250911E-04
7.188056E+03	2.874994E-02	3.261734E-04
7.197943E+03	2.878045E-02	3.270100E-04
7.207831E+03	2.878609E-02	3.275737E-04
7.217718E+03	2.876457E-02	3.278375E-04
7.227605E+03	2.871584E-02	3.277993E-04
7.237493E+03	2.864044E-02	3.274640E-04
7.247380E+03	2.853993E-02	3.268482E-04
7.257267E+03	2.841720E-02	3.259837E-04
7.267154E+03	2.827582E-02	3.249103E-04
7.277042E+03	2.811838E-02	3.236566E-04
7.286929E+03	2.794865E-02	3.222653E-04
7.296816E+03	2.776955E-02	3.207693E-04
7.306704E+03	2.758393E-02	3.192010E-04
7.316591E+03	2.739353E-02	3.175802E-04
7.326478E+03	2.719933E-02	3.159177E-04
7.336365E+03	2.700110E-02	3.142108E-04
7.346253E+03	2.679966E-02	3.124686E-04
7.356140E+03	2.659328E-02	3.106706E-04
7.366027E+03	2.638092E-02	3.088042E-04
7.375915E+03	2.616209E-02	3.068631E-04
7.385802E+03	2.593507E-02	3.048265E-04
7.395689E+03	2.569833E-02	3.026757E-04
7.405576E+03	2.545110E-02	3.004008E-04
7.415464E+03	2.519244E-02	2.979896E-04
7.425351E+03	2.492306E-02	2.954491E-04
7.435238E+03	2.464257E-02	2.927734E-04
7.445126E+03	2.435291E-02	2.899843E-04
7.455013E+03	2.405641E-02	2.871080E-04
7.464900E+03	2.375581E-02	2.841765E-04
7.474787E+03	2.345591E-02	2.812463E-04
7.484675E+03	2.316248E-02	2.783862E-04
7.494562E+03	2.288096E-02	2.756620E-04
7.504449E+03	2.261584E-02	2.731282E-04
7.514337E+03	2.237294E-02	2.708564E-04
7.524224E+03	2.215726E-02	2.689087E-04
7.534111E+03	2.197325E-02	2.673414E-04
7.543998E+03	2.182475E-02	2.662036E-04
7.553886E+03	2.171427E-02	2.655293E-04
7.563773E+03	2.164440E-02	2.653532E-04
7.573660E+03	2.161565E-02	2.656854E-04
7.583548E+03	2.162785E-02	2.665275E-04
7.593435E+03	2.168010E-02	2.678719E-04
7.603322E+03	2.176973E-02	2.696896E-04
7.613209E+03	2.189243E-02	2.719304E-04
7.623097E+03	2.204322E-02	2.745358E-04
7.632984E+03	2.221676E-02	2.774415E-04
7.642871E+03	2.240649E-02	2.805680E-04
7.652759E+03	2.260492E-02	2.838227E-04
7.662646E+03	2.280498E-02	2.871173E-04
7.672533E+03	2.300035E-02	2.903726E-04
7.682420E+03	2.318480E-02	2.935091E-04
7.692308E+03	2.335244E-02	2.964507E-04
7.702195E+03	2.349954E-02	2.991482E-04
7.712082E+03	2.362308E-02	3.015608E-04
7.721970E+03	2.372125E-02	3.036627E-04
7.731857E+03	2.379337E-02	3.054426E-04
7.741744E+03	2.383974E-02	3.069012E-04
7.751631E+03	2.386198E-02	3.080565E-04
7.761519E+03	2.386051E-02	3.089112E-04
7.771406E+03	2.383886E-02	3.095085E-04
7.781293E+03	2.379727E-02	3.098489E-04
7.791181E+03	2.373931E-02	3.099769E-04
7.801068E+03	2.366610E-02	3.099048E-04
7.810955E+03	2.357850E-02	3.096424E-04
7.820842E+03	2.347879E-02	3.092177E-04
7.830730E+03	2.336780E-02	3.086401E-04
7.840617E+03	2.324554E-02	3.079083E-04
7.850504E+03	2.311234E-02	3.070253E-04
7.860392E+03	2.296949E-02	3.060067E-04
7.870279E+03	2.281595E-02	3.048373E-04
7.880166E+03	2.265176E-02	3.035164E-04
7.890053E+03	2.247812E-02	3.020587E-04
7.899941E+03	2.229413E-02	3.004505E-04
7.909828E+03	2.210062E-02	2.987020E-04
7.919715E+03	2.189751E-02	2.968106E-04
7.929603E+03	2.168591E-02	2.947900E-04
7.939490E+03	2.146644E-02	2.926478E-04
7.949377E+03	2.123927E-02	2.903850E-04
7.959264E+03	2.100508E-02	2.880098E-04
7.969152E+03	2.076447E-02	2.855297E-04
7.979039E+03	2.051792E-02	2.829501E-04
7.988926E+03	2.026521E-02	2.802675E-04
7.998814E+03	2.000697E-02	2.774893E-04
8.008701E+03	1.974303E-02	2.746126E-04
8.018588E+03	1.947203E-02	2.716177E-04
8.028475E+03	1.919434E-02	2.685086E-04
8.038363E+03	1.890821E-02	2.652600E-04
8.048250E+03	1.861324E-02	2.618649E-04
8.058137E+03	1.830851E-02	2.583093E-04
8.068025E+03	1.799230E-02	2.545675E-04
8.077912E+03	1.766539E-02	2.506493E-04
8.087799E+03	1.732623E-02	2.465311E-04
8.097686E+03	1.697557E-02	2.422219E-04
8.107574E+03	1.661475E-02	2.377398E-04
8.117461E+03	1.624459E-02	2.330947E-04
8.127348E+03	1.586748E-02	2.283203E-04
8.137236E+03	1.548735E-02	2.234721E-04
8.147123E+03	1.510676E-02	2.185869E-04
8.157010E+03	1.473079E-02	2.137381E-04
8.166897E+03	1.436407E-02	2.089937E-04
8.176785E+03	1.401074E-02	2.044153E-04
8.186672E+03	1.367608E-02	2.000814E-04
8.196559E+03	1.336484E-02	1.960640E-04
8.206447E+03	1.308147E-02	1.924315E-04
8.216334E+03	1.283000E-02	1.892467E-04
8.226221E+03	1.261365E-02	1.865607E-04
8.236108E+03	1.243539E-02	1.844220E-04
8.245996E+03	1.229794E-02	1.828757E-04
8.255883E+03	1.220287E-02	1.819497E-04
8.265770E+03	1.215151E-02	1.816694E-04
8.275658E+03	1.214510E-02	1.820583E-04
8.285545E+03	1.218358E-02	1.831208E-04
8.295432E+03	1.226753E-02	1.848712E-04
8.305319E+03	1.239669E-02	1.873109E-04
8.315207E+03	1.257133E-02	1.904492E-04
8.325094E+03	1.279133E-02	1.942898E-04
8.334981E+03	1.305655E-02	1.988358E-04
8.344868E+03	1.336621E-02	2.040805E-04
8.354756E+03	1.372091E-02	2.100386E-04
8.364643E+03	1.412030E-02	2.167097E-04
8.374530E+03	1.456475E-02	2.241048E-04
8.384418E+03	1.505345E-02	2.322167E-04
8.394305E+03	1.558702E-02	2.410599E-04
8.404192E+03	1.616418E-02	2.506197E-04
8.414079E+03	1.678447E-02	2.608940E-04
8.423967E+03	1.744686E-02	2.718718E-04
8.433854E+03	1.814818E-02	2.835079E-04
8.443741E+03	1.888508E-02	2.957547E-04
8.453629E+03	1.965413E-02	3.085620E-04
8.463516E+03	2.044857E-02	3.218271E-04
8.473403E+03	2.126185E-02	3.354493E-04
8.483290E+03	2.208558E-02	3.492976E-04
8.493178E+03	2.291015E-02	3.632211E-04
8.503065E+03	2.372435E-02	3.770412E-04
8.512952E+03	2.451757E-02	3.905875E-04
8.522840E+03	2.527839E-02	4.036749E-04
8.532727E+03	2.599565E-02	4.161210E-04
8.542614E+03	2.665824E-02	4.277421E-04
8.552501E+03	2.725845E-02	4.384076E-04
8.562389E+03	2.778804E-02	4.479777E-04
8.572276E+03	2.824060E-02	4.563403E-04
8.582163E+03	2.861495E-02	4.634676E-04
8.592051E+03	2.890724E-02	4.692880E-04
8.601938E+03	2.911952E-02	4.738256E-04
8.611825E+03	2.925397E-02	4.771066E-04
8.621712E+03	2.931331E-02	4.791669E-04
8.631600E+03	2.930391E-02	4.801024E-04
8.641487E+03	2.922944E-02	4.799655E-04
8.651374E+03	2.909754E-02	4.788748E-04
8.661262E+03	2.891432E-02	4.769248E-04
8.671149E+03	2.868596E-02	4.742119E-04
8.681036E+03	2.841771E-02	4.708182E-04
8.690923E+03	2.811804E-02	4.668799E-04
8.700811E+03	2.779009E-02	4.624460E-04
8.710698E+03	2.744174E-02	4.576450E-04
8.720585E+03	2.707725E-02	4.525457E-04
8.730473E+03	2.670126E-02	4.472245E-04
8.740360E+03	2.631810E-02	4.417526E-04
8.750247E+03	2.593322E-02	4.362214E-04
8.760134E+03	2.554838E-02	4.306600E-04
8.770022E+03	2.516734E-02	4.251326E-04
8.779909E+03	2.479257E-02	4.196812E-04
8.789796E+03	2.442613E-02	4.143414E-04
8.799684E+03	2.406890E-02	4.091296E-04
8.809571E+03	2.372289E-02	4.040807E-04
8.819458E+03	2.338901E-02	3.992117E-04
8.829345E+03	2.306635E-02	3.945084E-04
8.839233E+03	2.275677E-02	3.900039E-04
8.849120E+03	2.245893E-02	3.856767E-04
8.859007E+03	2.217357E-02	3.815409E-04
8.868895E+03	2.190061E-02	3.775965E-04
8.878782E+03	2.163851E-02	3.738183E-04
8.888669E+03	2.138870E-02	3.702320E-04
8.898556E+03	2.115053E-02	3.668279E-04
8.938106E+03	2.032152E-02	3.551855E-04
8.977655E+03	1.972717E-02	3.474123E-04
9.017204E+03	1.941948E-02	3.445269E-04
9.056753E+03	1.939474E-02	3.465773E-04
9.096302E+03	1.955564E-02	3.519209E-04
9.135851E+03	1.973142E-02	3.575326E-04
9.175400E+03	1.975576E-02	3.603828E-04
9.214950E+03	1.956421E-02	3.592322E-04
9.254499E+03	1.921433E-02	3.550684E-04
9.294048E+03	1.880296E-02	3.496385E-04
9.333597E+03	1.838348E-02	3.439225E-04
9.373146E+03	1.796192E-02	3.380339E-04
9.412695E+03	1.752995E-02	3.318173E-04
9.452244E+03	1.708500E-02	3.252231E-04
9.491794E+03	1.663668E-02	3.184343E-04
9.531343E+03	1.620135E-02	3.117680E-04
9.570892E+03	1.579557E-02	3.055510E-04
9.610441E+03	1.543243E-02	3.000497E-04
9.649990E+03	1.511088E-02	2.952590E-04
9.689539E+03	1.480661E-02	2.907155E-04
9.729088E+03	1.446911E-02	2.854303E-04
9.768638E+03	1.404547E-02	2.783475E-04
9.808187E+03	1.350676E-02	2.688711E-04
9.847736E+03	1.285510E-02	2.570157E-04
9.887285E+03	1.212996E-02	2.435486E-04
9.926834E+03	1.137669E-02	2.293700E-04
9.966383E+03	1.063597E-02	2.153006E-04
1.000593E+04	9.929419E-03	2.017873E-04
1.004548E+04	9.266796E-03	1.890413E-04
1.008503E+04	8.652433E-03	1.771654E-04
1.012458E+04	8.084252E-03	1.661313E-04
1.016413E+04	7.561049E-03	1.559277E-04
1.020368E+04	7.080152E-03	1.465118E-04
