#wls	flux	fluxerr
1.581966E+03	7.210861E-03	7.560493E-04
1.621515E+03	7.375325E-03	7.727961E-04
1.661064E+03	7.539546E-03	7.894825E-04
1.700613E+03	7.701495E-03	8.058952E-04
1.740162E+03	7.861929E-03	8.221128E-04
1.779711E+03	8.021678E-03	8.382213E-04
1.819260E+03	8.178572E-03	8.539930E-04
1.858810E+03	8.333399E-03	8.695096E-04
1.898359E+03	8.485418E-03	8.846934E-04
1.937908E+03	8.633855E-03	8.994631E-04
1.977457E+03	8.777882E-03	9.137324E-04
2.017006E+03	8.916639E-03	9.274116E-04
2.056555E+03	9.052497E-03	9.407475E-04
2.096104E+03	9.181314E-03	9.533095E-04
2.135654E+03	9.305432E-03	9.653416E-04
2.175203E+03	9.422256E-03	9.765748E-04
2.214752E+03	9.532455E-03	9.870795E-04
2.254301E+03	9.636686E-03	9.969247E-04
2.293850E+03	9.732252E-03	1.005832E-03
2.333399E+03	9.821404E-03	1.014036E-03
2.372948E+03	9.901379E-03	1.021253E-03
2.412498E+03	9.972694E-03	1.027537E-03
2.452047E+03	1.003581E-02	1.032939E-03
2.491596E+03	1.008949E-02	1.037333E-03
2.531145E+03	1.013408E-02	1.040756E-03
2.570694E+03	1.016981E-02	1.043238E-03
2.610243E+03	1.019684E-02	1.044793E-03
2.649792E+03	1.021367E-02	1.045273E-03
2.689342E+03	1.022177E-02	1.044831E-03
2.728891E+03	1.022094E-02	1.043450E-03
2.768440E+03	1.021084E-02	1.041098E-03
2.807989E+03	1.019105E-02	1.037736E-03
2.847538E+03	1.016237E-02	1.033448E-03
2.887087E+03	1.012535E-02	1.028296E-03
2.926636E+03	1.008156E-02	1.022441E-03
2.966185E+03	1.002863E-02	1.015647E-03
2.976073E+03	1.001390E-02	1.013794E-03
2.985960E+03	1.000023E-02	1.012049E-03
2.995847E+03	9.984104E-03	1.010055E-03
3.005735E+03	9.968943E-03	1.008157E-03
3.015622E+03	9.953539E-03	1.006235E-03
3.025509E+03	9.936743E-03	1.004171E-03
3.035396E+03	9.919636E-03	1.002076E-03
3.045284E+03	9.903254E-03	1.000054E-03
3.055171E+03	9.885385E-03	9.978806E-04
3.065058E+03	9.867074E-03	9.956627E-04
3.074946E+03	9.849324E-03	9.935012E-04
3.084833E+03	9.830001E-03	9.911808E-04
3.094720E+03	9.811138E-03	9.889066E-04
3.104607E+03	9.792665E-03	9.866715E-04
3.114495E+03	9.772520E-03	9.842678E-04
3.124382E+03	9.752672E-03	9.818940E-04
3.134269E+03	9.732085E-03	9.794458E-04
3.144157E+03	9.711684E-03	9.770162E-04
3.154044E+03	9.691404E-03	9.745989E-04
3.163931E+03	9.670256E-03	9.720942E-04
3.173818E+03	9.649129E-03	9.695918E-04
3.183706E+03	9.627968E-03	9.670861E-04
3.193593E+03	9.606714E-03	9.645710E-04
3.203480E+03	9.584435E-03	9.619533E-04
3.213368E+03	9.562848E-03	9.594052E-04
3.223255E+03	9.540153E-03	9.567462E-04
3.233142E+03	9.518030E-03	9.541447E-04
3.243029E+03	9.495558E-03	9.515086E-04
3.252917E+03	9.472694E-03	9.488334E-04
3.262804E+03	9.450205E-03	9.461961E-04
3.272691E+03	9.427213E-03	9.435088E-04
3.282579E+03	9.404460E-03	9.408458E-04
3.292466E+03	9.381877E-03	9.382001E-04
3.302353E+03	9.358629E-03	9.354883E-04
3.312240E+03	9.335431E-03	9.327820E-04
3.322128E+03	9.312207E-03	9.300734E-04
3.332015E+03	9.288895E-03	9.273566E-04
3.341902E+03	9.265423E-03	9.246243E-04
3.351790E+03	9.242431E-03	9.219404E-04
3.361677E+03	9.219128E-03	9.192259E-04
3.371564E+03	9.195454E-03	9.164750E-04
3.381451E+03	9.172018E-03	9.137483E-04
3.391339E+03	9.148072E-03	9.109714E-04
3.401226E+03	9.124209E-03	9.082035E-04
3.411113E+03	9.100353E-03	9.054368E-04
3.421001E+03	9.076434E-03	9.026645E-04
3.430888E+03	9.052389E-03	8.998803E-04
3.440775E+03	9.028768E-03	8.971390E-04
3.450662E+03	9.004331E-03	8.943174E-04
3.460550E+03	8.980241E-03	8.915308E-04
3.470437E+03	8.956463E-03	8.887761E-04
3.480324E+03	8.932414E-03	8.859952E-04
3.490212E+03	8.909216E-03	8.832994E-04
3.500099E+03	8.885765E-03	8.805793E-04
3.509986E+03	8.862639E-03	8.778922E-04
3.519873E+03	8.840390E-03	8.752926E-04
3.529761E+03	8.818012E-03	8.726809E-04
3.539648E+03	8.797082E-03	8.702132E-04
3.549535E+03	8.776629E-03	8.677932E-04
3.559423E+03	8.757208E-03	8.654759E-04
3.569310E+03	8.738404E-03	8.632199E-04
3.579197E+03	8.721249E-03	8.611272E-04
3.589084E+03	8.705348E-03	8.591586E-04
3.598972E+03	8.690810E-03	8.573247E-04
3.608859E+03	8.677758E-03	8.556374E-04
3.618746E+03	8.667195E-03	8.541954E-04
3.628634E+03	8.658390E-03	8.529263E-04
3.638521E+03	8.651514E-03	8.518469E-04
3.648408E+03	8.647571E-03	8.510554E-04
3.658295E+03	8.646312E-03	8.505272E-04
3.668183E+03	8.647922E-03	8.502800E-04
3.678070E+03	8.652977E-03	8.503701E-04
3.687957E+03	8.661269E-03	8.507764E-04
3.697845E+03	8.673362E-03	8.515541E-04
3.707732E+03	8.689053E-03	8.526826E-04
3.717619E+03	8.709243E-03	8.542497E-04
3.727506E+03	8.733697E-03	8.562318E-04
3.737394E+03	8.762186E-03	8.586058E-04
3.747281E+03	8.795513E-03	8.614498E-04
3.757168E+03	8.833731E-03	8.647684E-04
3.767056E+03	8.876519E-03	8.685294E-04
3.776943E+03	8.923873E-03	8.727316E-04
3.786830E+03	8.976401E-03	8.774339E-04
3.796717E+03	9.033333E-03	8.825604E-04
3.806605E+03	9.094526E-03	8.880963E-04
3.816492E+03	9.160420E-03	8.940842E-04
3.826379E+03	9.230436E-03	9.004665E-04
3.836267E+03	9.304259E-03	9.072121E-04
3.846154E+03	9.381522E-03	9.142848E-04
3.856041E+03	9.461807E-03	9.216432E-04
3.865928E+03	9.544645E-03	9.292412E-04
3.875816E+03	9.629520E-03	9.370281E-04
3.885703E+03	9.716172E-03	9.449785E-04
3.895590E+03	9.803408E-03	9.529760E-04
3.905478E+03	9.891202E-03	9.610181E-04
3.915365E+03	9.978618E-03	9.690138E-04
3.925252E+03	1.006501E-02	9.769002E-04
3.935139E+03	1.014944E-02	9.845869E-04
3.945027E+03	1.023184E-02	9.920670E-04
3.954914E+03	1.031101E-02	9.992255E-04
3.964801E+03	1.038664E-02	1.006031E-03
3.974689E+03	1.045788E-02	1.012404E-03
3.984576E+03	1.052448E-02	1.018321E-03
3.994463E+03	1.058570E-02	1.023708E-03
4.004350E+03	1.064113E-02	1.028529E-03
4.014238E+03	1.069014E-02	1.032723E-03
4.024125E+03	1.073274E-02	1.036293E-03
4.034012E+03	1.076822E-02	1.039170E-03
4.043900E+03	1.079699E-02	1.041396E-03
4.053787E+03	1.081878E-02	1.042945E-03
4.063674E+03	1.083318E-02	1.043780E-03
4.073561E+03	1.084065E-02	1.043944E-03
4.083449E+03	1.084144E-02	1.043464E-03
4.093336E+03	1.083569E-02	1.042354E-03
4.103223E+03	1.082385E-02	1.040660E-03
4.113111E+03	1.080623E-02	1.038410E-03
4.122998E+03	1.078322E-02	1.035643E-03
4.132885E+03	1.075567E-02	1.032443E-03
4.142772E+03	1.072407E-02	1.028856E-03
4.152660E+03	1.068893E-02	1.024932E-03
4.162547E+03	1.065097E-02	1.020741E-03
4.172434E+03	1.061074E-02	1.016337E-03
4.182322E+03	1.056896E-02	1.011787E-03
4.192209E+03	1.052614E-02	1.007143E-03
4.202096E+03	1.048298E-02	1.002469E-03
4.211983E+03	1.043992E-02	9.978099E-04
4.221871E+03	1.039739E-02	9.932057E-04
4.231758E+03	1.035616E-02	9.887286E-04
4.241645E+03	1.031654E-02	9.844103E-04
4.251533E+03	1.027885E-02	9.802798E-04
4.261420E+03	1.024336E-02	9.763623E-04
4.271307E+03	1.021063E-02	9.727111E-04
4.281194E+03	1.018084E-02	9.693439E-04
4.291082E+03	1.015417E-02	9.662758E-04
4.300969E+03	1.013107E-02	9.635509E-04
4.310856E+03	1.011153E-02	9.611655E-04
4.320744E+03	1.009595E-02	9.591595E-04
4.330631E+03	1.008445E-02	9.575423E-04
4.340518E+03	1.007727E-02	9.563363E-04
4.350405E+03	1.007464E-02	9.555623E-04
4.360293E+03	1.007660E-02	9.552244E-04
4.370180E+03	1.008361E-02	9.553652E-04
4.380067E+03	1.009550E-02	9.559673E-04
4.389955E+03	1.011234E-02	9.570366E-04
4.399842E+03	1.013427E-02	9.585857E-04
4.409729E+03	1.016093E-02	9.605802E-04
4.419616E+03	1.019231E-02	9.630184E-04
4.429504E+03	1.022803E-02	9.658640E-04
4.439391E+03	1.026777E-02	9.690853E-04
4.449278E+03	1.031083E-02	9.726167E-04
4.459166E+03	1.035685E-02	9.764220E-04
4.469053E+03	1.040521E-02	9.804445E-04
4.478940E+03	1.045496E-02	9.845937E-04
4.488827E+03	1.050534E-02	9.887977E-04
4.498715E+03	1.055566E-02	9.929911E-04
4.508602E+03	1.060477E-02	9.970665E-04
4.518489E+03	1.065190E-02	1.000951E-03
4.528377E+03	1.069610E-02	1.004557E-03
4.538264E+03	1.073621E-02	1.007775E-03
4.548151E+03	1.077160E-02	1.010547E-03
4.558038E+03	1.080120E-02	1.012773E-03
4.567926E+03	1.082439E-02	1.014397E-03
4.577813E+03	1.084056E-02	1.015362E-03
4.587700E+03	1.084921E-02	1.015623E-03
4.597588E+03	1.085002E-02	1.015150E-03
4.607475E+03	1.084267E-02	1.013916E-03
4.617362E+03	1.082744E-02	1.011947E-03
4.627249E+03	1.080426E-02	1.009237E-03
4.637137E+03	1.077371E-02	1.005844E-03
4.647024E+03	1.073605E-02	1.001792E-03
4.656911E+03	1.069206E-02	9.971545E-04
4.666798E+03	1.064250E-02	9.920036E-04
4.676686E+03	1.058799E-02	9.863977E-04
4.686573E+03	1.052947E-02	9.804256E-04
4.696460E+03	1.046780E-02	9.741680E-04
4.706348E+03	1.040388E-02	9.677083E-04
4.716235E+03	1.033848E-02	9.611192E-04
4.726122E+03	1.027259E-02	9.544925E-04
4.736009E+03	1.020683E-02	9.478860E-04
4.745897E+03	1.014257E-02	9.414260E-04
4.755784E+03	1.008052E-02	9.351800E-04
4.765671E+03	1.002169E-02	9.292397E-04
4.775559E+03	9.966862E-03	9.236781E-04
4.785446E+03	9.916955E-03	9.185790E-04
4.795333E+03	9.872231E-03	9.139663E-04
4.805220E+03	9.833388E-03	9.099037E-04
4.815108E+03	9.800679E-03	9.064140E-04
4.824995E+03	9.774344E-03	9.035184E-04
4.834882E+03	9.754386E-03	9.012163E-04
4.844770E+03	9.740782E-03	8.995047E-04
4.854657E+03	9.733173E-03	8.983496E-04
4.864544E+03	9.731383E-03	8.977340E-04
4.874431E+03	9.734907E-03	8.976104E-04
4.884319E+03	9.743128E-03	8.979214E-04
4.894206E+03	9.755336E-03	8.986010E-04
4.904093E+03	9.770752E-03	8.995769E-04
4.913981E+03	9.788642E-03	9.007812E-04
4.923868E+03	9.808162E-03	9.021359E-04
4.933755E+03	9.828575E-03	9.035731E-04
4.943642E+03	9.848883E-03	9.050011E-04
4.953530E+03	9.868685E-03	9.063832E-04
4.963417E+03	9.887166E-03	9.076445E-04
4.973304E+03	9.903844E-03	9.087411E-04
4.983192E+03	9.918690E-03	9.096706E-04
4.993079E+03	9.931194E-03	9.103866E-04
5.002966E+03	9.941510E-03	9.109035E-04
5.012853E+03	9.949602E-03	9.112183E-04
5.022741E+03	9.955752E-03	9.113573E-04
5.032628E+03	9.960220E-03	9.113444E-04
5.042515E+03	9.963336E-03	9.112102E-04
5.052403E+03	9.965465E-03	9.109883E-04
5.062290E+03	9.966986E-03	9.107132E-04
5.072177E+03	9.968386E-03	9.104298E-04
5.082064E+03	9.969927E-03	9.101620E-04
5.091952E+03	9.971943E-03	9.099403E-04
5.101839E+03	9.974838E-03	9.098014E-04
5.111726E+03	9.978864E-03	9.097684E-04
5.121614E+03	9.984127E-03	9.098508E-04
5.131501E+03	9.990981E-03	9.100808E-04
5.141388E+03	9.999326E-03	9.104491E-04
5.151275E+03	1.000931E-02	9.109692E-04
5.161163E+03	1.002104E-02	9.116499E-04
5.171050E+03	1.003434E-02	9.124764E-04
5.180937E+03	1.004912E-02	9.134394E-04
5.190825E+03	1.006522E-02	9.145252E-04
5.200712E+03	1.008267E-02	9.157350E-04
5.210599E+03	1.010092E-02	9.170200E-04
5.220486E+03	1.012002E-02	9.183845E-04
5.230374E+03	1.013949E-02	9.197839E-04
5.240261E+03	1.015920E-02	9.212080E-04
5.250148E+03	1.017862E-02	9.226082E-04
5.260036E+03	1.019761E-02	9.239711E-04
5.269923E+03	1.021579E-02	9.252639E-04
5.279810E+03	1.023267E-02	9.264418E-04
5.289697E+03	1.024796E-02	9.274776E-04
5.299585E+03	1.026120E-02	9.283309E-04
5.309472E+03	1.027201E-02	9.289682E-04
5.319359E+03	1.027976E-02	9.293317E-04
5.329247E+03	1.028395E-02	9.293769E-04
5.339134E+03	1.028404E-02	9.290550E-04
5.349021E+03	1.027916E-02	9.282883E-04
5.358908E+03	1.026886E-02	9.270362E-04
5.368796E+03	1.025250E-02	9.252419E-04
5.378683E+03	1.022938E-02	9.228425E-04
5.388570E+03	1.019916E-02	9.198083E-04
5.398458E+03	1.016126E-02	9.160867E-04
5.408345E+03	1.011528E-02	9.116423E-04
5.418232E+03	1.006099E-02	9.064564E-04
5.428119E+03	9.998190E-03	9.005107E-04
5.438007E+03	9.926667E-03	8.937864E-04
5.447894E+03	9.846438E-03	8.862862E-04
5.457781E+03	9.757739E-03	8.780316E-04
5.467669E+03	9.660841E-03	8.690479E-04
5.477556E+03	9.556058E-03	8.593637E-04
5.487443E+03	9.443931E-03	8.490282E-04
5.497330E+03	9.325125E-03	8.381017E-04
5.507218E+03	9.200431E-03	8.266556E-04
5.517105E+03	9.070740E-03	8.147701E-04
5.526992E+03	8.936941E-03	8.025255E-04
5.536880E+03	8.800083E-03	7.900161E-04
5.546767E+03	8.661353E-03	7.773484E-04
5.556654E+03	8.521712E-03	7.646087E-04
5.566541E+03	8.382313E-03	7.519003E-04
5.576429E+03	8.244382E-03	7.393331E-04
5.586316E+03	8.108967E-03	7.270006E-04
5.596203E+03	7.977152E-03	7.149998E-04
5.606091E+03	7.849981E-03	7.034238E-04
5.615978E+03	7.728345E-03	6.923519E-04
5.625865E+03	7.613136E-03	6.818637E-04
5.635752E+03	7.505152E-03	6.720299E-04
5.645640E+03	7.405158E-03	6.629186E-04
5.655527E+03	7.313577E-03	6.545669E-04
5.665414E+03	7.230862E-03	6.470147E-04
5.675302E+03	7.157400E-03	6.402961E-04
5.685189E+03	7.093313E-03	6.344212E-04
5.695076E+03	7.038653E-03	6.293942E-04
5.704963E+03	6.993421E-03	6.252147E-04
5.714851E+03	6.957297E-03	6.218531E-04
5.724738E+03	6.929988E-03	6.192830E-04
5.734625E+03	6.911243E-03	6.174813E-04
5.744513E+03	6.900383E-03	6.163869E-04
5.754400E+03	6.896992E-03	6.159622E-04
5.764287E+03	6.900468E-03	6.161531E-04
5.774174E+03	6.910013E-03	6.168879E-04
5.784062E+03	6.925000E-03	6.181105E-04
5.793949E+03	6.944779E-03	6.197625E-04
5.803836E+03	6.968487E-03	6.217668E-04
5.813724E+03	6.995399E-03	6.240584E-04
5.823611E+03	7.024938E-03	6.265859E-04
5.833498E+03	7.056222E-03	6.292704E-04
5.843385E+03	7.088739E-03	6.320663E-04
5.853273E+03	7.121893E-03	6.349204E-04
5.863160E+03	7.155008E-03	6.377726E-04
5.873047E+03	7.187749E-03	6.405929E-04
5.882935E+03	7.219645E-03	6.433394E-04
5.892822E+03	7.250297E-03	6.459768E-04
5.902709E+03	7.279597E-03	6.484954E-04
5.912596E+03	7.307304E-03	6.508738E-04
5.922484E+03	7.333325E-03	6.531040E-04
5.932371E+03	7.357646E-03	6.551847E-04
5.942258E+03	7.380328E-03	6.571215E-04
5.952146E+03	7.401508E-03	6.589266E-04
5.962033E+03	7.421461E-03	6.606247E-04
5.971920E+03	7.440315E-03	6.622270E-04
5.981807E+03	7.458619E-03	6.637829E-04
5.991695E+03	7.476620E-03	6.653139E-04
6.001582E+03	7.494894E-03	6.668716E-04
6.011469E+03	7.513753E-03	6.684838E-04
6.021357E+03	7.533911E-03	6.702138E-04
6.031244E+03	7.555708E-03	6.720921E-04
6.041131E+03	7.579855E-03	6.741819E-04
6.051018E+03	7.606666E-03	6.765110E-04
6.060906E+03	7.636726E-03	6.791314E-04
6.070793E+03	7.670341E-03	6.820705E-04
6.080680E+03	7.707910E-03	6.853635E-04
6.090568E+03	7.749676E-03	6.890321E-04
6.100455E+03	7.795573E-03	6.930706E-04
6.110342E+03	7.845737E-03	6.974909E-04
6.120229E+03	7.900048E-03	7.022823E-04
6.130117E+03	7.958592E-03	7.074526E-04
6.140004E+03	8.021027E-03	7.129715E-04
6.149891E+03	8.087053E-03	7.188122E-04
6.159779E+03	8.156021E-03	7.249170E-04
6.169666E+03	8.227419E-03	7.312407E-04
6.179553E+03	8.300495E-03	7.377163E-04
6.189440E+03	8.374419E-03	7.442699E-04
6.199328E+03	8.448465E-03	7.508374E-04
6.209215E+03	8.521582E-03	7.573252E-04
6.219102E+03	8.593022E-03	7.636670E-04
6.228990E+03	8.661576E-03	7.697552E-04
6.238877E+03	8.726368E-03	7.755123E-04
6.248764E+03	8.786551E-03	7.808628E-04
6.258651E+03	8.841122E-03	7.857176E-04
6.268539E+03	8.889144E-03	7.899936E-04
6.278426E+03	8.930019E-03	7.936377E-04
6.288313E+03	8.962968E-03	7.965804E-04
6.298201E+03	8.987402E-03	7.987695E-04
6.308088E+03	9.002843E-03	8.001625E-04
6.317975E+03	9.009020E-03	8.007350E-04
6.327862E+03	9.005591E-03	8.004568E-04
6.337750E+03	8.992615E-03	7.993327E-04
6.347637E+03	8.969897E-03	7.973455E-04
6.357524E+03	8.937730E-03	7.945211E-04
6.367412E+03	8.896336E-03	7.908789E-04
6.377299E+03	8.845960E-03	7.864406E-04
6.387186E+03	8.787216E-03	7.812605E-04
6.397073E+03	8.720638E-03	7.753861E-04
6.406961E+03	8.646742E-03	7.688629E-04
6.416848E+03	8.566402E-03	7.617683E-04
6.426735E+03	8.480264E-03	7.541599E-04
6.436623E+03	8.389287E-03	7.461224E-04
6.446510E+03	8.294002E-03	7.377030E-04
6.456397E+03	8.195474E-03	7.289965E-04
6.466284E+03	8.094306E-03	7.200559E-04
6.476172E+03	7.991325E-03	7.109550E-04
6.486059E+03	7.887036E-03	7.017383E-04
6.495946E+03	7.782297E-03	6.924821E-04
6.505833E+03	7.677377E-03	6.832104E-04
6.515721E+03	7.572882E-03	6.739768E-04
6.525608E+03	7.469161E-03	6.648124E-04
6.535495E+03	7.366428E-03	6.557362E-04
6.545383E+03	7.264920E-03	6.467692E-04
6.555270E+03	7.164927E-03	6.379370E-04
6.565157E+03	7.066628E-03	6.292556E-04
6.575044E+03	6.970202E-03	6.207410E-04
6.584932E+03	6.875746E-03	6.124018E-04
6.594819E+03	6.783600E-03	6.042680E-04
6.604706E+03	6.693882E-03	5.963505E-04
6.614594E+03	6.606798E-03	5.886674E-04
6.624481E+03	6.522570E-03	5.812385E-04
6.634368E+03	6.441498E-03	5.740907E-04
6.644255E+03	6.363816E-03	5.672448E-04
6.654143E+03	6.289753E-03	5.607212E-04
6.664030E+03	6.219541E-03	5.545409E-04
6.673917E+03	6.153475E-03	5.487301E-04
6.683805E+03	6.091706E-03	5.433023E-04
6.693692E+03	6.034451E-03	5.382773E-04
6.703579E+03	5.981997E-03	5.336804E-04
6.713466E+03	5.934545E-03	5.295301E-04
6.723354E+03	5.892309E-03	5.258455E-04
6.733241E+03	5.855486E-03	5.226443E-04
6.743128E+03	5.824346E-03	5.199509E-04
6.753016E+03	5.799011E-03	5.177765E-04
6.762903E+03	5.779735E-03	5.161438E-04
6.772790E+03	5.766619E-03	5.150622E-04
6.782677E+03	5.759886E-03	5.145521E-04
6.792565E+03	5.759669E-03	5.146253E-04
6.802452E+03	5.766065E-03	5.152911E-04
6.812339E+03	5.779132E-03	5.165549E-04
6.822227E+03	5.798945E-03	5.184236E-04
6.832114E+03	5.825323E-03	5.208817E-04
6.842001E+03	5.858297E-03	5.239322E-04
6.851888E+03	5.897629E-03	5.275540E-04
6.861776E+03	5.943157E-03	5.317332E-04
6.871663E+03	5.994501E-03	5.364361E-04
6.881550E+03	6.051365E-03	5.416365E-04
6.891438E+03	6.113247E-03	5.472900E-04
6.901325E+03	6.179741E-03	5.533605E-04
6.911212E+03	6.250332E-03	5.598021E-04
6.921099E+03	6.324407E-03	5.665604E-04
6.930987E+03	6.401436E-03	5.735879E-04
6.940874E+03	6.481066E-03	5.808534E-04
6.950761E+03	6.562680E-03	5.883018E-04
6.960649E+03	6.645967E-03	5.959054E-04
6.970536E+03	6.730528E-03	6.036286E-04
6.980423E+03	6.816227E-03	6.114594E-04
6.990310E+03	6.902841E-03	6.193779E-04
7.000198E+03	6.990413E-03	6.273881E-04
7.010085E+03	7.078963E-03	6.354920E-04
7.019972E+03	7.168477E-03	6.436885E-04
7.029860E+03	7.259143E-03	6.519946E-04
7.039747E+03	7.350967E-03	6.604110E-04
7.049634E+03	7.444015E-03	6.689438E-04
7.059521E+03	7.538400E-03	6.776035E-04
7.069409E+03	7.633960E-03	6.863756E-04
7.079296E+03	7.730542E-03	6.952465E-04
7.089183E+03	7.827974E-03	7.042009E-04
7.099071E+03	7.925662E-03	7.131857E-04
7.108958E+03	8.023286E-03	7.221720E-04
7.118845E+03	8.120096E-03	7.310925E-04
7.128732E+03	8.215320E-03	7.398779E-04
7.138620E+03	8.308073E-03	7.484480E-04
7.148507E+03	8.397361E-03	7.567136E-04
7.158394E+03	8.482010E-03	7.645685E-04
7.168282E+03	8.561106E-03	7.719301E-04
7.178169E+03	8.633384E-03	7.786839E-04
7.188056E+03	8.697686E-03	7.847250E-04
7.197943E+03	8.752890E-03	7.899515E-04
7.207831E+03	8.797950E-03	7.942683E-04
7.217718E+03	8.831942E-03	7.975913E-04
7.227605E+03	8.854091E-03	7.998494E-04
7.237493E+03	8.863812E-03	8.009889E-04
7.247380E+03	8.860850E-03	8.009856E-04
7.257267E+03	8.845062E-03	7.998256E-04
7.267154E+03	8.816536E-03	7.975156E-04
7.277042E+03	8.775576E-03	7.940819E-04
7.286929E+03	8.722808E-03	7.895800E-04
7.296816E+03	8.658914E-03	7.840707E-04
7.306704E+03	8.584842E-03	7.776386E-04
7.316591E+03	8.501534E-03	7.703680E-04
7.326478E+03	8.410015E-03	7.623510E-04
7.336365E+03	8.311587E-03	7.537047E-04
7.346253E+03	8.207244E-03	7.445185E-04
7.356140E+03	8.097995E-03	7.348832E-04
7.366027E+03	7.984949E-03	7.248991E-04
7.375915E+03	7.869084E-03	7.146543E-04
7.385802E+03	7.751452E-03	7.042440E-04
7.395689E+03	7.632960E-03	6.937505E-04
7.405576E+03	7.514466E-03	6.832514E-04
7.415464E+03	7.396875E-03	6.728290E-04
7.425351E+03	7.281030E-03	6.625597E-04
7.435238E+03	7.167517E-03	6.524970E-04
7.445126E+03	7.057240E-03	6.427233E-04
7.455013E+03	6.950656E-03	6.332803E-04
7.464900E+03	6.848362E-03	6.242230E-04
7.474787E+03	6.750972E-03	6.156073E-04
7.484675E+03	6.658753E-03	6.074583E-04
7.494562E+03	6.572246E-03	5.998257E-04
7.504449E+03	6.491555E-03	5.927195E-04
7.514337E+03	6.417051E-03	5.861743E-04
7.524224E+03	6.348672E-03	5.801850E-04
7.534111E+03	6.286543E-03	5.747636E-04
7.543998E+03	6.230621E-03	5.699069E-04
7.553886E+03	6.180795E-03	5.656054E-04
7.563773E+03	6.136880E-03	5.618428E-04
7.573660E+03	6.098630E-03	5.585973E-04
7.583548E+03	6.065640E-03	5.558324E-04
7.593435E+03	6.037699E-03	5.535293E-04
7.603322E+03	6.014192E-03	5.516323E-04
7.613209E+03	5.994786E-03	5.501112E-04
7.623097E+03	5.978759E-03	5.489003E-04
7.632984E+03	5.965668E-03	5.479594E-04
7.642871E+03	5.954792E-03	5.472223E-04
7.652759E+03	5.945466E-03	5.466284E-04
7.662646E+03	5.937091E-03	5.461226E-04
7.672533E+03	5.928903E-03	5.456347E-04
7.682420E+03	5.920317E-03	5.451108E-04
7.692308E+03	5.910619E-03	5.444852E-04
7.702195E+03	5.899293E-03	5.437099E-04
7.712082E+03	5.885716E-03	5.427273E-04
7.721970E+03	5.869564E-03	5.415073E-04
7.731857E+03	5.850260E-03	5.399961E-04
7.741744E+03	5.827613E-03	5.381755E-04
7.751631E+03	5.801178E-03	5.360041E-04
7.761519E+03	5.770893E-03	5.334754E-04
7.771406E+03	5.736583E-03	5.305726E-04
7.781293E+03	5.698063E-03	5.272782E-04
7.791181E+03	5.655346E-03	5.235926E-04
7.801068E+03	5.608497E-03	5.195212E-04
7.810955E+03	5.557390E-03	5.150516E-04
7.820842E+03	5.502255E-03	5.102046E-04
7.830730E+03	5.443212E-03	5.049907E-04
7.840617E+03	5.380347E-03	4.994171E-04
7.850504E+03	5.314010E-03	4.935159E-04
7.860392E+03	5.244370E-03	4.873020E-04
7.870279E+03	5.171776E-03	4.808076E-04
7.880166E+03	5.096544E-03	4.740614E-04
7.890053E+03	5.019081E-03	4.671010E-04
7.899941E+03	4.939683E-03	4.599535E-04
7.909828E+03	4.858733E-03	4.526541E-04
7.919715E+03	4.776762E-03	4.452522E-04
7.929603E+03	4.694161E-03	4.377841E-04
7.939490E+03	4.611204E-03	4.302752E-04
7.949377E+03	4.528474E-03	4.227796E-04
7.959264E+03	4.446164E-03	4.153155E-04
7.969152E+03	4.364827E-03	4.079347E-04
7.979039E+03	4.284689E-03	4.006583E-04
7.988926E+03	4.206089E-03	3.935181E-04
7.998814E+03	4.129392E-03	3.865487E-04
8.008701E+03	4.054776E-03	3.797667E-04
8.018588E+03	3.982619E-03	3.732081E-04
8.028475E+03	3.913060E-03	3.668861E-04
8.038363E+03	3.846329E-03	3.608226E-04
8.048250E+03	3.782696E-03	3.550435E-04
8.058137E+03	3.722258E-03	3.495582E-04
8.068025E+03	3.665264E-03	3.443906E-04
8.077912E+03	3.611855E-03	3.395545E-04
8.087799E+03	3.562223E-03	3.350685E-04
8.097686E+03	3.516511E-03	3.309465E-04
8.107574E+03	3.474964E-03	3.272122E-04
8.117461E+03	3.437683E-03	3.238757E-04
8.127348E+03	3.404966E-03	3.209659E-04
8.137236E+03	3.376936E-03	3.184949E-04
8.147123E+03	3.353808E-03	3.164836E-04
8.157010E+03	3.335764E-03	3.149502E-04
8.166897E+03	3.323135E-03	3.139265E-04
8.176785E+03	3.316032E-03	3.134238E-04
8.186672E+03	3.314801E-03	3.134758E-04
8.196559E+03	3.319623E-03	3.141005E-04
8.206447E+03	3.330826E-03	3.153297E-04
8.216334E+03	3.348614E-03	3.171838E-04
8.226221E+03	3.373391E-03	3.197020E-04
8.236108E+03	3.405392E-03	3.229078E-04
8.245996E+03	3.444996E-03	3.268382E-04
8.255883E+03	3.492466E-03	3.315192E-04
8.265770E+03	3.548210E-03	3.369907E-04
8.275658E+03	3.612595E-03	3.432891E-04
8.285545E+03	3.685903E-03	3.504423E-04
8.295432E+03	3.768606E-03	3.584965E-04
8.305319E+03	3.860926E-03	3.674744E-04
8.315207E+03	3.963327E-03	3.774214E-04
8.325094E+03	4.076103E-03	3.883674E-04
8.334981E+03	4.199523E-03	4.003392E-04
8.344868E+03	4.333930E-03	4.133713E-04
8.354756E+03	4.479447E-03	4.274772E-04
8.364643E+03	4.636256E-03	4.426757E-04
8.374530E+03	4.804521E-03	4.589842E-04
8.384418E+03	4.984134E-03	4.763942E-04
8.394305E+03	5.175062E-03	4.949041E-04
8.404192E+03	5.376958E-03	5.144824E-04
8.414079E+03	5.589531E-03	5.351029E-04
8.423967E+03	5.812195E-03	5.567110E-04
8.433854E+03	6.044266E-03	5.792426E-04
8.443741E+03	6.284805E-03	6.026090E-04
8.453629E+03	6.532832E-03	6.267175E-04
8.463516E+03	6.786830E-03	6.514235E-04
8.473403E+03	7.045511E-03	6.766041E-04
8.483290E+03	7.307022E-03	7.020820E-04
8.493178E+03	7.569596E-03	7.276875E-04
8.503065E+03	7.830995E-03	7.532057E-04
8.512952E+03	8.089128E-03	7.784349E-04
8.522840E+03	8.341470E-03	8.031315E-04
8.532727E+03	8.585757E-03	8.270764E-04
8.542614E+03	8.819486E-03	8.500273E-04
8.552501E+03	9.040189E-03	8.717444E-04
8.562389E+03	9.245630E-03	8.920100E-04
8.572276E+03	9.433741E-03	9.106222E-04
8.582163E+03	9.602553E-03	9.273881E-04
8.592051E+03	9.750495E-03	9.421532E-04
8.601938E+03	9.876158E-03	9.547780E-04
8.611825E+03	9.978454E-03	9.651541E-04
8.621712E+03	1.005689E-02	9.732304E-04
8.631600E+03	1.011104E-02	9.789610E-04
8.641487E+03	1.014075E-02	9.823296E-04
8.651374E+03	1.014634E-02	9.833615E-04
8.661262E+03	1.012836E-02	9.821084E-04
8.671149E+03	1.008735E-02	9.786176E-04
8.681036E+03	1.002446E-02	9.729983E-04
8.690923E+03	9.940891E-03	9.653633E-04
8.700811E+03	9.837700E-03	9.558132E-04
8.710698E+03	9.716349E-03	9.444868E-04
8.720585E+03	9.578522E-03	9.315455E-04
8.730473E+03	9.425819E-03	9.171425E-04
8.740360E+03	9.259591E-03	9.014073E-04
8.750247E+03	9.081875E-03	8.845365E-04
8.760134E+03	8.894268E-03	8.666840E-04
8.770022E+03	8.698590E-03	8.480259E-04
8.779909E+03	8.496329E-03	8.287064E-04
8.789796E+03	8.289158E-03	8.088878E-04
8.799684E+03	8.078531E-03	7.887113E-04
8.809571E+03	7.865673E-03	7.682963E-04
8.819458E+03	7.652089E-03	7.477895E-04
8.829345E+03	7.438795E-03	7.272904E-04
8.839233E+03	7.226836E-03	7.069013E-04
8.849120E+03	7.017150E-03	6.867140E-04
8.859007E+03	6.810562E-03	6.668099E-04
8.868895E+03	6.607908E-03	6.472713E-04
8.878782E+03	6.409601E-03	6.281393E-04
8.888669E+03	6.216285E-03	6.094777E-04
8.898556E+03	6.028304E-03	5.913210E-04
8.938106E+03	5.336195E-03	5.243945E-04
8.977655E+03	4.744898E-03	4.671331E-04
9.017204E+03	4.251492E-03	4.193063E-04
9.056753E+03	3.845249E-03	3.799088E-04
9.096302E+03	3.512640E-03	3.476499E-04
9.135851E+03	3.239769E-03	3.211919E-04
9.175400E+03	3.014341E-03	2.993460E-04
9.214950E+03	2.825971E-03	2.811043E-04
9.254499E+03	2.666515E-03	2.656753E-04
9.294048E+03	2.529504E-03	2.524283E-04
9.333597E+03	2.410124E-03	2.408939E-04
9.373146E+03	2.304569E-03	2.307004E-04
9.412695E+03	2.210025E-03	2.215728E-04
9.452244E+03	2.124343E-03	2.133008E-04
9.491794E+03	2.045842E-03	2.057203E-04
9.531343E+03	1.973246E-03	1.987065E-04
9.570892E+03	1.905577E-03	1.921638E-04
9.610441E+03	1.841993E-03	1.860098E-04
9.649990E+03	1.781896E-03	1.801863E-04
9.689539E+03	1.724641E-03	1.746298E-04
9.729088E+03	1.670009E-03	1.693197E-04
9.768638E+03	1.617594E-03	1.642163E-04
9.808187E+03	1.567123E-03	1.592931E-04
9.847736E+03	1.518444E-03	1.545357E-04
9.887285E+03	1.471338E-03	1.499229E-04
9.926834E+03	1.425875E-03	1.454628E-04
9.966383E+03	1.381764E-03	1.411266E-04
1.000593E+04	1.339081E-03	1.369229E-04
1.004548E+04	1.297811E-03	1.328509E-04
1.008503E+04	1.257732E-03	1.288889E-04
1.012458E+04	1.219094E-03	1.250628E-04
1.016413E+04	1.181745E-03	1.213582E-04
1.020368E+04	1.145711E-03	1.177783E-04
