#wls	flux	fluxerr
1.600000E+03	1.634241E-15	6.839700E-17
1.640000E+03	1.390638E-15	5.762436E-17
1.680000E+03	1.180745E-15	4.843319E-17
1.720000E+03	1.000752E-15	4.062875E-17
1.760000E+03	8.474582E-16	3.404651E-17
1.800000E+03	7.174754E-16	2.851925E-17
1.840000E+03	6.080514E-16	2.391004E-17
1.880000E+03	5.163806E-16	2.008419E-17
1.920000E+03	4.400332E-16	1.692595E-17
1.960000E+03	3.768628E-16	1.433432E-17
2.000000E+03	3.250509E-16	1.222416E-17
2.040000E+03	2.830901E-16	1.052493E-17
2.080000E+03	2.496810E-16	9.176249E-18
2.120000E+03	2.240860E-16	8.140385E-18
2.160000E+03	2.060990E-16	7.399945E-18
2.200000E+03	1.957866E-16	6.947651E-18
2.240000E+03	1.935240E-16	6.787041E-18
2.280000E+03	2.001105E-16	6.935907E-18
2.320000E+03	2.165762E-16	7.418887E-18
2.360000E+03	2.444338E-16	8.275633E-18
2.400000E+03	2.859373E-16	9.568587E-18
2.440000E+03	3.443275E-16	1.138975E-17
2.480000E+03	4.234776E-16	1.384746E-17
2.520000E+03	5.277870E-16	1.706175E-17
2.560000E+03	6.612971E-16	2.113530E-17
2.600000E+03	8.269977E-16	2.613226E-17
2.640000E+03	1.025627E-15	3.204275E-17
2.680000E+03	1.255917E-15	3.879435E-17
2.720000E+03	1.514082E-15	4.623988E-17
2.760000E+03	1.794216E-15	5.417346E-17
2.800000E+03	2.088101E-15	6.232846E-17
2.840000E+03	2.386157E-15	7.040911E-17
2.880000E+03	2.678364E-15	7.811957E-17
2.920000E+03	2.955742E-15	8.520741E-17
2.960000E+03	3.210988E-15	9.147976E-17
3.000000E+03	3.439246E-15	9.682234E-17
3.010000E+03	3.491897E-15	9.801041E-17
3.020000E+03	3.542687E-15	9.913762E-17
3.030000E+03	3.591583E-15	1.002036E-16
3.040000E+03	3.638807E-15	1.012149E-16
3.050000E+03	3.684219E-15	1.021681E-16
3.060000E+03	3.727935E-15	1.030669E-16
3.070000E+03	3.769833E-15	1.039083E-16
3.080000E+03	3.810288E-15	1.047032E-16
3.090000E+03	3.849071E-15	1.054455E-16
3.100000E+03	3.886326E-15	1.061398E-16
3.110000E+03	3.922205E-15	1.067903E-16
3.120000E+03	3.956739E-15	1.073985E-16
3.130000E+03	3.990089E-15	1.079689E-16
3.140000E+03	4.022184E-15	1.085000E-16
3.150000E+03	4.053308E-15	1.089997E-16
3.160000E+03	4.083514E-15	1.094697E-16
3.170000E+03	4.112977E-15	1.099149E-16
3.180000E+03	4.141643E-15	1.103341E-16
3.190000E+03	4.169696E-15	1.107324E-16
3.200000E+03	4.197315E-15	1.111146E-16
3.210000E+03	4.224573E-15	1.114828E-16
3.220000E+03	4.251654E-15	1.118420E-16
3.230000E+03	4.278636E-15	1.121942E-16
3.240000E+03	4.305705E-15	1.125443E-16
3.250000E+03	4.332945E-15	1.128944E-16
3.260000E+03	4.360442E-15	1.132468E-16
3.270000E+03	4.388391E-15	1.136063E-16
3.280000E+03	4.416885E-15	1.139752E-16
3.290000E+03	4.446021E-15	1.143560E-16
3.300000E+03	4.476103E-15	1.147561E-16
3.310000E+03	4.507135E-15	1.151755E-16
3.320000E+03	4.539233E-15	1.156168E-16
3.330000E+03	4.572520E-15	1.160829E-16
3.340000E+03	4.607317E-15	1.165817E-16
3.350000E+03	4.643575E-15	1.171114E-16
3.360000E+03	4.681542E-15	1.176780E-16
3.370000E+03	4.721387E-15	1.182852E-16
3.380000E+03	4.763205E-15	1.189349E-16
3.390000E+03	4.807203E-15	1.196318E-16
3.400000E+03	4.853695E-15	1.203831E-16
3.410000E+03	4.902664E-15	1.211877E-16
3.420000E+03	4.954551E-15	1.220559E-16
3.430000E+03	5.009373E-15	1.229875E-16
3.440000E+03	5.067489E-15	1.239903E-16
3.450000E+03	5.128899E-15	1.250636E-16
3.460000E+03	5.193899E-15	1.262138E-16
3.470000E+03	5.262389E-15	1.274375E-16
3.480000E+03	5.334507E-15	1.287372E-16
3.490000E+03	5.410370E-15	1.301148E-16
3.500000E+03	5.490379E-15	1.315790E-16
3.510000E+03	5.574628E-15	1.331309E-16
3.520000E+03	5.663332E-15	1.347747E-16
3.530000E+03	5.756582E-15	1.365113E-16
3.540000E+03	5.854431E-15	1.383410E-16
3.550000E+03	5.956983E-15	1.402650E-16
3.560000E+03	6.064063E-15	1.422781E-16
3.570000E+03	6.175710E-15	1.443799E-16
3.580000E+03	6.291931E-15	1.465693E-16
3.590000E+03	6.412612E-15	1.488426E-16
3.600000E+03	6.537594E-15	1.511949E-16
3.610000E+03	6.666668E-15	1.536202E-16
3.620000E+03	6.799657E-15	1.561134E-16
3.630000E+03	6.936329E-15	1.586680E-16
3.640000E+03	7.076160E-15	1.612712E-16
3.650000E+03	7.218940E-15	1.639173E-16
3.660000E+03	7.364217E-15	1.665952E-16
3.670000E+03	7.511929E-15	1.693029E-16
3.680000E+03	7.661857E-15	1.720347E-16
3.690000E+03	7.813998E-15	1.747900E-16
3.700000E+03	7.968625E-15	1.775741E-16
3.710000E+03	8.126124E-15	1.803950E-16
3.720000E+03	8.287290E-15	1.832695E-16
3.730000E+03	8.452860E-15	1.862126E-16
3.740000E+03	8.624056E-15	1.892502E-16
3.750000E+03	8.802187E-15	1.924092E-16
3.760000E+03	8.988793E-15	1.957214E-16
3.770000E+03	9.185310E-15	1.992157E-16
3.780000E+03	9.393371E-15	2.029247E-16
3.790000E+03	9.614426E-15	2.068766E-16
3.800000E+03	9.849821E-15	2.110968E-16
3.810000E+03	1.010036E-14	2.155988E-16
3.820000E+03	1.036675E-14	2.203936E-16
3.830000E+03	1.064858E-14	2.254685E-16
3.840000E+03	1.094513E-14	2.308038E-16
3.850000E+03	1.125452E-14	2.363568E-16
3.860000E+03	1.157460E-14	2.420788E-16
3.870000E+03	1.190191E-14	2.478948E-16
3.880000E+03	1.223273E-14	2.537260E-16
3.890000E+03	1.256312E-14	2.594901E-16
3.900000E+03	1.288858E-14	2.650945E-16
3.910000E+03	1.320491E-14	2.704546E-16
3.920000E+03	1.350815E-14	2.754918E-16
3.930000E+03	1.379450E-14	2.801330E-16
3.940000E+03	1.406118E-14	2.843257E-16
3.950000E+03	1.430575E-14	2.880265E-16
3.960000E+03	1.452641E-14	2.912052E-16
3.970000E+03	1.472253E-14	2.938554E-16
3.980000E+03	1.489401E-14	2.959817E-16
3.990000E+03	1.504162E-14	2.976062E-16
4.000000E+03	1.516663E-14	2.987602E-16
4.010000E+03	1.527116E-14	2.994914E-16
4.020000E+03	1.535775E-14	2.998548E-16
4.030000E+03	1.542930E-14	2.999118E-16
4.040000E+03	1.548921E-14	2.997327E-16
4.050000E+03	1.554046E-14	2.993777E-16
4.060000E+03	1.558653E-14	2.989163E-16
4.070000E+03	1.563033E-14	2.984056E-16
4.080000E+03	1.567481E-14	2.979028E-16
4.090000E+03	1.572245E-14	2.974548E-16
4.100000E+03	1.577514E-14	2.970966E-16
4.110000E+03	1.583468E-14	2.968612E-16
4.120000E+03	1.590177E-14	2.967601E-16
4.130000E+03	1.597657E-14	2.967949E-16
4.140000E+03	1.605845E-14	2.969522E-16
4.150000E+03	1.614615E-14	2.972076E-16
4.160000E+03	1.623736E-14	2.975178E-16
4.170000E+03	1.632944E-14	2.978341E-16
4.180000E+03	1.641897E-14	2.980947E-16
4.190000E+03	1.650218E-14	2.982328E-16
4.200000E+03	1.657563E-14	2.981884E-16
4.210000E+03	1.663543E-14	2.978951E-16
4.220000E+03	1.667793E-14	2.972916E-16
4.230000E+03	1.670010E-14	2.963287E-16
4.240000E+03	1.669886E-14	2.949578E-16
4.250000E+03	1.667209E-14	2.931476E-16
4.260000E+03	1.661796E-14	2.908727E-16
4.270000E+03	1.653526E-14	2.881192E-16
4.280000E+03	1.642372E-14	2.848890E-16
4.290000E+03	1.628354E-14	2.811931E-16
4.300000E+03	1.611620E-14	2.770636E-16
4.310000E+03	1.592382E-14	2.725432E-16
4.320000E+03	1.570999E-14	2.676990E-16
4.330000E+03	1.547912E-14	2.626106E-16
4.340000E+03	1.523673E-14	2.573750E-16
4.350000E+03	1.498876E-14	2.520946E-16
4.360000E+03	1.474199E-14	2.468838E-16
4.370000E+03	1.450480E-14	2.418821E-16
4.380000E+03	1.429055E-14	2.373091E-16
4.390000E+03	1.411201E-14	2.333708E-16
4.400000E+03	1.398038E-14	2.302443E-16
4.410000E+03	1.390546E-14	2.280806E-16
4.420000E+03	1.389486E-14	2.269921E-16
4.430000E+03	1.395464E-14	2.270644E-16
4.440000E+03	1.408914E-14	2.283543E-16
4.450000E+03	1.430078E-14	2.308869E-16
4.460000E+03	1.459059E-14	2.346645E-16
4.470000E+03	1.495777E-14	2.396607E-16
4.480000E+03	1.539942E-14	2.458157E-16
4.490000E+03	1.591246E-14	2.530684E-16
4.500000E+03	1.649176E-14	2.613260E-16
4.510000E+03	1.713017E-14	2.704657E-16
4.520000E+03	1.781783E-14	2.803237E-16
4.530000E+03	1.854178E-14	2.906896E-16
4.540000E+03	1.928683E-14	3.013214E-16
4.550000E+03	2.003501E-14	3.119369E-16
4.560000E+03	2.076662E-14	3.222307E-16
4.570000E+03	2.146070E-14	3.318825E-16
4.580000E+03	2.209657E-14	3.405801E-16
4.590000E+03	2.265467E-14	3.480324E-16
4.600000E+03	2.311824E-14	3.539948E-16
4.610000E+03	2.347430E-14	3.582835E-16
4.620000E+03	2.371423E-14	3.607832E-16
4.630000E+03	2.383473E-14	3.614605E-16
4.640000E+03	2.383757E-14	3.603589E-16
4.650000E+03	2.372951E-14	3.575966E-16
4.660000E+03	2.352073E-14	3.533414E-16
4.670000E+03	2.322510E-14	3.478142E-16
4.680000E+03	2.285827E-14	3.412601E-16
4.690000E+03	2.243701E-14	3.339372E-16
4.700000E+03	2.197716E-14	3.260873E-16
4.710000E+03	2.149440E-14	3.179465E-16
4.720000E+03	2.100222E-14	3.097161E-16
4.730000E+03	2.051285E-14	3.015762E-16
4.740000E+03	2.003643E-14	2.936743E-16
4.750000E+03	1.958151E-14	2.861329E-16
4.760000E+03	1.915432E-14	2.790392E-16
4.770000E+03	1.875938E-14	2.724547E-16
4.780000E+03	1.839944E-14	2.664142E-16
4.790000E+03	1.807565E-14	2.609295E-16
4.800000E+03	1.778820E-14	2.559982E-16
4.810000E+03	1.753589E-14	2.515978E-16
4.820000E+03	1.731675E-14	2.476952E-16
4.830000E+03	1.712852E-14	2.442537E-16
4.840000E+03	1.696831E-14	2.412280E-16
4.850000E+03	1.683267E-14	2.385655E-16
4.860000E+03	1.671820E-14	2.362147E-16
4.870000E+03	1.662053E-14	2.341112E-16
4.880000E+03	1.653558E-14	2.321954E-16
4.890000E+03	1.645869E-14	2.304006E-16
4.900000E+03	1.638521E-14	2.286608E-16
4.910000E+03	1.631065E-14	2.269130E-16
4.920000E+03	1.623111E-14	2.251035E-16
4.930000E+03	1.614314E-14	2.231855E-16
4.940000E+03	1.604459E-14	2.211302E-16
4.950000E+03	1.593440E-14	2.189248E-16
4.960000E+03	1.581297E-14	2.165765E-16
4.970000E+03	1.568195E-14	2.141093E-16
4.980000E+03	1.554408E-14	2.115620E-16
4.990000E+03	1.540356E-14	2.089928E-16
5.000000E+03	1.526494E-14	2.064638E-16
5.010000E+03	1.513341E-14	2.040449E-16
5.020000E+03	1.501435E-14	2.018078E-16
5.030000E+03	1.491328E-14	1.998255E-16
5.040000E+03	1.483537E-14	1.981648E-16
5.050000E+03	1.478535E-14	1.968863E-16
5.060000E+03	1.476785E-14	1.960485E-16
5.070000E+03	1.478700E-14	1.957024E-16
5.080000E+03	1.484638E-14	1.958915E-16
5.090000E+03	1.494953E-14	1.966580E-16
5.100000E+03	1.509943E-14	1.980366E-16
5.110000E+03	1.529863E-14	2.000560E-16
5.120000E+03	1.554894E-14	2.027350E-16
5.130000E+03	1.585184E-14	2.060880E-16
5.140000E+03	1.620708E-14	2.101074E-16
5.150000E+03	1.661384E-14	2.147782E-16
5.160000E+03	1.706944E-14	2.200618E-16
5.170000E+03	1.756918E-14	2.258948E-16
5.180000E+03	1.810640E-14	2.321890E-16
5.190000E+03	1.867247E-14	2.388330E-16
5.200000E+03	1.925612E-14	2.456826E-16
5.210000E+03	1.984479E-14	2.525791E-16
5.220000E+03	2.042440E-14	2.593464E-16
5.230000E+03	2.098023E-14	2.658019E-16
5.240000E+03	2.149744E-14	2.717635E-16
5.250000E+03	2.196269E-14	2.770690E-16
5.260000E+03	2.236376E-14	2.815721E-16
5.270000E+03	2.269192E-14	2.851708E-16
5.280000E+03	2.294062E-14	2.877912E-16
5.290000E+03	2.310728E-14	2.894086E-16
5.300000E+03	2.319243E-14	2.900371E-16
5.310000E+03	2.319915E-14	2.897217E-16
5.320000E+03	2.313390E-14	2.885487E-16
5.330000E+03	2.300414E-14	2.866155E-16
5.340000E+03	2.281896E-14	2.840386E-16
5.350000E+03	2.258815E-14	2.809424E-16
5.360000E+03	2.232106E-14	2.774444E-16
5.370000E+03	2.202682E-14	2.736587E-16
5.380000E+03	2.171359E-14	2.696869E-16
5.390000E+03	2.138930E-14	2.656268E-16
5.400000E+03	2.106076E-14	2.615610E-16
5.410000E+03	2.073457E-14	2.575691E-16
5.420000E+03	2.041675E-14	2.537230E-16
5.430000E+03	2.010811E-14	2.500294E-16
5.440000E+03	1.980423E-14	2.464307E-16
5.450000E+03	1.949711E-14	2.428243E-16
5.460000E+03	1.917959E-14	2.391178E-16
5.470000E+03	1.884596E-14	2.352368E-16
5.480000E+03	1.849265E-14	2.311329E-16
5.490000E+03	1.811725E-14	2.267718E-16
5.500000E+03	1.771954E-14	2.221468E-16
5.510000E+03	1.730012E-14	2.172610E-16
5.520000E+03	1.686075E-14	2.121322E-16
5.530000E+03	1.640453E-14	2.067949E-16
5.540000E+03	1.593503E-14	2.012901E-16
5.550000E+03	1.545650E-14	1.956676E-16
5.560000E+03	1.497418E-14	1.899905E-16
5.570000E+03	1.449320E-14	1.843209E-16
5.580000E+03	1.401907E-14	1.787265E-16
5.590000E+03	1.355733E-14	1.732765E-16
5.600000E+03	1.311349E-14	1.680403E-16
5.610000E+03	1.269279E-14	1.630851E-16
5.620000E+03	1.230021E-14	1.584752E-16
5.630000E+03	1.194036E-14	1.542716E-16
5.640000E+03	1.161733E-14	1.505295E-16
5.650000E+03	1.133487E-14	1.472999E-16
5.660000E+03	1.109617E-14	1.446281E-16
5.670000E+03	1.090416E-14	1.425564E-16
5.680000E+03	1.076104E-14	1.411185E-16
5.690000E+03	1.066860E-14	1.403427E-16
5.700000E+03	1.062862E-14	1.402585E-16
5.710000E+03	1.064170E-14	1.408797E-16
5.720000E+03	1.070857E-14	1.422226E-16
5.730000E+03	1.082864E-14	1.442858E-16
5.740000E+03	1.100125E-14	1.470674E-16
5.750000E+03	1.122410E-14	1.505432E-16
5.760000E+03	1.149452E-14	1.546841E-16
5.770000E+03	1.180816E-14	1.594379E-16
5.780000E+03	1.215928E-14	1.647327E-16
5.790000E+03	1.254091E-14	1.704790E-16
5.800000E+03	1.294466E-14	1.765668E-16
5.810000E+03	1.336045E-14	1.828615E-16
5.820000E+03	1.377724E-14	1.892134E-16
5.830000E+03	1.418334E-14	1.954616E-16
5.840000E+03	1.456647E-14	2.014351E-16
5.850000E+03	1.491499E-14	2.069694E-16
5.860000E+03	1.521804E-14	2.119082E-16
5.870000E+03	1.546647E-14	2.161176E-16
5.880000E+03	1.565266E-14	2.194826E-16
5.890000E+03	1.577208E-14	2.219306E-16
5.900000E+03	1.582247E-14	2.234199E-16
5.910000E+03	1.580406E-14	2.239438E-16
5.920000E+03	1.571944E-14	2.235285E-16
5.930000E+03	1.557308E-14	2.222281E-16
5.940000E+03	1.537117E-14	2.201220E-16
5.950000E+03	1.512066E-14	2.173014E-16
5.960000E+03	1.482903E-14	2.138667E-16
5.970000E+03	1.450406E-14	2.099241E-16
5.980000E+03	1.415324E-14	2.055771E-16
5.990000E+03	1.378309E-14	2.009167E-16
6.000000E+03	1.340020E-14	1.960357E-16
6.010000E+03	1.301025E-14	1.910157E-16
6.020000E+03	1.261794E-14	1.859246E-16
6.030000E+03	1.222771E-14	1.808272E-16
6.040000E+03	1.184362E-14	1.757841E-16
6.050000E+03	1.146877E-14	1.708419E-16
6.060000E+03	1.110667E-14	1.660546E-16
6.070000E+03	1.076006E-14	1.614650E-16
6.080000E+03	1.043183E-14	1.571191E-16
6.090000E+03	1.012462E-14	1.530593E-16
6.100000E+03	9.841196E-15	1.493313E-16
6.110000E+03	9.583989E-15	1.459756E-16
6.120000E+03	9.355266E-15	1.430313E-16
6.130000E+03	9.157105E-15	1.405350E-16
6.140000E+03	8.991334E-15	1.385201E-16
6.150000E+03	8.859353E-15	1.370138E-16
6.160000E+03	8.762292E-15	1.360399E-16
6.170000E+03	8.700715E-15	1.356132E-16
6.180000E+03	8.675118E-15	1.357483E-16
6.190000E+03	8.684961E-15	1.364434E-16
6.200000E+03	8.729424E-15	1.376925E-16
6.210000E+03	8.806824E-15	1.394757E-16
6.220000E+03	8.914846E-15	1.417631E-16
6.230000E+03	9.050450E-15	1.445126E-16
6.240000E+03	9.210160E-15	1.476743E-16
6.250000E+03	9.390040E-15	1.511903E-16
6.260000E+03	9.585532E-15	1.549911E-16
6.270000E+03	9.792092E-15	1.590063E-16
6.280000E+03	1.000511E-14	1.631629E-16
6.290000E+03	1.021991E-14	1.673860E-16
6.300000E+03	1.043209E-14	1.716032E-16
6.310000E+03	1.063777E-14	1.757503E-16
6.320000E+03	1.083363E-14	1.797706E-16
6.330000E+03	1.101689E-14	1.836155E-16
6.340000E+03	1.118568E-14	1.872508E-16
6.350000E+03	1.133873E-14	1.906519E-16
6.360000E+03	1.147597E-14	1.938138E-16
6.370000E+03	1.159776E-14	1.967387E-16
6.380000E+03	1.170532E-14	1.994439E-16
6.390000E+03	1.180058E-14	2.019587E-16
6.400000E+03	1.188616E-14	2.043250E-16
6.410000E+03	1.196329E-14	2.065615E-16
6.420000E+03	1.202990E-14	2.086299E-16
6.430000E+03	1.208360E-14	2.104859E-16
6.440000E+03	1.212240E-14	2.120915E-16
6.450000E+03	1.214389E-14	2.134000E-16
6.460000E+03	1.214690E-14	2.143869E-16
6.470000E+03	1.212972E-14	2.150168E-16
6.480000E+03	1.209125E-14	2.152652E-16
6.490000E+03	1.203111E-14	2.151200E-16
6.500000E+03	1.194837E-14	2.145593E-16
6.510000E+03	1.184357E-14	2.135871E-16
6.520000E+03	1.171673E-14	2.121983E-16
6.530000E+03	1.156862E-14	2.104015E-16
6.540000E+03	1.140055E-14	2.082157E-16
6.550000E+03	1.121384E-14	2.056602E-16
6.560000E+03	1.101031E-14	2.027639E-16
6.570000E+03	1.079201E-14	1.995609E-16
6.580000E+03	1.056121E-14	1.960897E-16
6.590000E+03	1.032013E-14	1.923891E-16
6.600000E+03	1.007156E-14	1.885086E-16
6.610000E+03	9.817618E-15	1.844867E-16
6.620000E+03	9.560859E-15	1.803701E-16
6.630000E+03	9.303405E-15	1.761986E-16
6.640000E+03	9.047516E-15	1.720152E-16
6.650000E+03	8.794968E-15	1.678541E-16
6.660000E+03	8.547476E-15	1.637491E-16
6.670000E+03	8.306656E-15	1.597326E-16
6.680000E+03	8.073627E-15	1.558279E-16
6.690000E+03	7.849425E-15	1.520567E-16
6.700000E+03	7.634867E-15	1.484372E-16
6.710000E+03	7.430689E-15	1.449859E-16
6.720000E+03	7.237200E-15	1.417114E-16
6.730000E+03	7.054667E-15	1.386211E-16
6.740000E+03	6.883207E-15	1.357200E-16
6.750000E+03	6.722806E-15	1.330102E-16
6.760000E+03	6.573341E-15	1.304917E-16
6.770000E+03	6.434695E-15	1.281647E-16
6.780000E+03	6.306464E-15	1.260232E-16
6.790000E+03	6.188386E-15	1.240644E-16
6.800000E+03	6.079845E-15	1.222780E-16
6.810000E+03	5.980593E-15	1.206609E-16
6.820000E+03	5.890150E-15	1.192053E-16
6.830000E+03	5.807921E-15	1.179011E-16
6.840000E+03	5.733404E-15	1.167395E-16
6.850000E+03	5.666188E-15	1.157138E-16
6.860000E+03	5.605673E-15	1.148130E-16
6.870000E+03	5.551461E-15	1.140303E-16
6.880000E+03	5.502974E-15	1.133551E-16
6.890000E+03	5.459841E-15	1.127806E-16
6.900000E+03	5.421617E-15	1.122987E-16
6.910000E+03	5.387782E-15	1.118995E-16
6.920000E+03	5.358126E-15	1.115794E-16
6.930000E+03	5.332087E-15	1.113275E-16
6.940000E+03	5.309321E-15	1.111370E-16
6.950000E+03	5.289695E-15	1.110059E-16
6.960000E+03	5.272729E-15	1.109245E-16
6.970000E+03	5.258343E-15	1.108917E-16
6.980000E+03	5.246105E-15	1.108987E-16
6.990000E+03	5.235886E-15	1.109431E-16
7.000000E+03	5.227477E-15	1.110208E-16
7.010000E+03	5.220779E-15	1.111301E-16
7.020000E+03	5.215423E-15	1.112633E-16
7.030000E+03	5.211421E-15	1.114209E-16
7.040000E+03	5.208505E-15	1.115973E-16
7.050000E+03	5.206405E-15	1.117870E-16
7.060000E+03	5.205234E-15	1.119924E-16
7.070000E+03	5.204523E-15	1.122038E-16
7.080000E+03	5.204275E-15	1.124211E-16
7.090000E+03	5.204194E-15	1.126381E-16
7.100000E+03	5.204174E-15	1.128525E-16
7.110000E+03	5.203896E-15	1.130575E-16
7.120000E+03	5.203238E-15	1.132505E-16
7.130000E+03	5.201869E-15	1.134241E-16
7.140000E+03	5.199658E-15	1.135755E-16
7.150000E+03	5.196372E-15	1.136995E-16
7.160000E+03	5.191685E-15	1.137890E-16
7.170000E+03	5.185581E-15	1.138435E-16
7.180000E+03	5.177651E-15	1.138540E-16
7.190000E+03	5.167701E-15	1.138160E-16
7.200000E+03	5.155761E-15	1.137300E-16
7.210000E+03	5.141568E-15	1.135902E-16
7.220000E+03	5.124985E-15	1.133934E-16
7.230000E+03	5.105891E-15	1.131367E-16
7.240000E+03	5.084294E-15	1.128202E-16
7.250000E+03	5.059915E-15	1.124377E-16
7.260000E+03	5.032916E-15	1.119924E-16
7.270000E+03	5.003179E-15	1.114818E-16
7.280000E+03	4.970822E-15	1.109083E-16
7.290000E+03	4.935793E-15	1.102707E-16
7.300000E+03	4.898280E-15	1.095731E-16
7.310000E+03	4.858302E-15	1.088158E-16
7.320000E+03	4.816116E-15	1.080046E-16
7.330000E+03	4.771911E-15	1.071436E-16
7.340000E+03	4.726006E-15	1.062400E-16
7.350000E+03	4.678544E-15	1.052971E-16
7.360000E+03	4.629795E-15	1.043210E-16
7.370000E+03	4.580246E-15	1.033227E-16
7.380000E+03	4.530097E-15	1.023068E-16
7.390000E+03	4.479756E-15	1.012827E-16
7.400000E+03	4.429538E-15	1.002576E-16
7.410000E+03	4.379952E-15	9.924329E-17
7.420000E+03	4.331304E-15	9.824679E-17
7.430000E+03	4.283801E-15	9.727304E-17
7.440000E+03	4.237826E-15	9.633100E-17
7.450000E+03	4.193558E-15	9.542501E-17
7.460000E+03	4.151072E-15	9.455697E-17
7.470000E+03	4.110699E-15	9.373474E-17
7.480000E+03	4.072567E-15	9.296150E-17
7.490000E+03	4.036775E-15	9.223981E-17
7.500000E+03	4.003498E-15	9.157393E-17
7.510000E+03	3.972876E-15	9.096740E-17
7.520000E+03	3.945027E-15	9.042321E-17
7.530000E+03	3.919947E-15	8.994160E-17
7.540000E+03	3.897785E-15	8.952630E-17
7.550000E+03	3.878481E-15	8.917627E-17
7.560000E+03	3.862036E-15	8.889183E-17
7.570000E+03	3.848601E-15	8.867679E-17
7.580000E+03	3.837850E-15	8.852403E-17
7.590000E+03	3.829884E-15	8.843614E-17
7.600000E+03	3.824510E-15	8.840901E-17
7.610000E+03	3.821696E-15	8.844226E-17
7.620000E+03	3.821217E-15	8.853097E-17
7.630000E+03	3.823017E-15	8.867416E-17
7.640000E+03	3.826852E-15	8.886654E-17
7.650000E+03	3.832660E-15	8.910693E-17
7.660000E+03	3.840189E-15	8.938980E-17
7.670000E+03	3.849377E-15	8.971401E-17
7.680000E+03	3.860068E-15	9.007621E-17
7.690000E+03	3.872012E-15	9.047087E-17
7.700000E+03	3.885044E-15	9.089444E-17
7.710000E+03	3.899193E-15	9.134783E-17
7.720000E+03	3.914084E-15	9.182258E-17
7.730000E+03	3.929527E-15	9.231448E-17
7.740000E+03	3.945507E-15	9.282341E-17
7.750000E+03	3.961597E-15	9.333955E-17
7.760000E+03	3.977640E-15	9.385945E-17
7.770000E+03	3.993465E-15	9.437926E-17
7.780000E+03	4.008574E-15	9.488738E-17
7.790000E+03	4.022653E-15	9.537647E-17
7.800000E+03	4.035580E-15	9.584373E-17
7.810000E+03	4.046922E-15	9.627894E-17
7.820000E+03	4.056346E-15	9.667417E-17
7.830000E+03	4.063530E-15	9.702168E-17
7.840000E+03	4.068162E-15	9.731391E-17
7.850000E+03	4.069956E-15	9.754386E-17
7.860000E+03	4.068759E-15	9.770762E-17
7.870000E+03	4.064130E-15	9.779433E-17
7.880000E+03	4.055984E-15	9.780155E-17
7.890000E+03	4.044269E-15	9.772765E-17
7.900000E+03	4.028756E-15	9.756661E-17
7.910000E+03	4.009349E-15	9.731564E-17
7.920000E+03	3.985980E-15	9.697244E-17
7.930000E+03	3.958802E-15	9.654019E-17
7.940000E+03	3.927562E-15	9.601199E-17
7.950000E+03	3.892318E-15	9.538857E-17
7.960000E+03	3.853018E-15	9.466789E-17
7.970000E+03	3.809603E-15	9.384764E-17
7.980000E+03	3.762122E-15	9.292814E-17
7.990000E+03	3.710611E-15	9.190926E-17
8.000000E+03	3.655391E-15	9.079772E-17
8.010000E+03	3.596558E-15	8.959480E-17
8.020000E+03	3.534395E-15	8.830636E-17
8.030000E+03	3.468890E-15	8.693097E-17
8.040000E+03	3.400234E-15	8.547224E-17
8.050000E+03	3.328815E-15	8.393876E-17
8.060000E+03	3.254680E-15	8.233067E-17
8.070000E+03	3.178108E-15	8.065392E-17
8.080000E+03	3.099432E-15	7.891593E-17
8.090000E+03	3.019130E-15	7.712793E-17
8.100000E+03	2.937504E-15	7.529682E-17
8.110000E+03	2.855258E-15	7.343988E-17
8.120000E+03	2.772850E-15	7.156832E-17
8.130000E+03	2.690959E-15	6.969925E-17
8.140000E+03	2.610383E-15	6.785314E-17
8.150000E+03	2.531795E-15	6.604749E-17
8.160000E+03	2.455940E-15	6.430197E-17
8.170000E+03	2.383542E-15	6.263598E-17
8.180000E+03	2.315268E-15	6.106782E-17
8.190000E+03	2.251661E-15	5.961271E-17
8.200000E+03	2.193309E-15	5.828735E-17
8.210000E+03	2.140593E-15	5.710321E-17
8.220000E+03	2.093867E-15	5.607127E-17
8.230000E+03	2.053412E-15	5.520065E-17
8.240000E+03	2.019437E-15	5.449875E-17
8.250000E+03	1.992039E-15	5.397009E-17
8.260000E+03	1.971383E-15	5.362111E-17
8.270000E+03	1.957501E-15	5.345467E-17
8.280000E+03	1.950462E-15	5.347480E-17
8.290000E+03	1.950332E-15	5.368547E-17
8.300000E+03	1.957132E-15	5.408947E-17
8.310000E+03	1.971052E-15	5.469438E-17
8.320000E+03	1.992088E-15	5.550242E-17
8.330000E+03	2.020357E-15	5.651927E-17
8.340000E+03	2.056048E-15	5.775275E-17
8.350000E+03	2.099198E-15	5.920644E-17
8.360000E+03	2.150076E-15	6.089063E-17
8.370000E+03	2.208787E-15	6.281104E-17
8.380000E+03	2.275422E-15	6.497309E-17
8.390000E+03	2.350250E-15	6.738737E-17
8.400000E+03	2.433190E-15	7.005452E-17
8.410000E+03	2.524521E-15	7.298567E-17
8.420000E+03	2.624137E-15	7.618083E-17
8.430000E+03	2.732004E-15	7.964212E-17
8.440000E+03	2.848016E-15	8.336961E-17
8.450000E+03	2.972071E-15	8.736331E-17
8.460000E+03	3.103811E-15	9.161584E-17
8.470000E+03	3.242867E-15	9.611916E-17
8.480000E+03	3.388766E-15	1.008620E-16
8.490000E+03	3.540934E-15	1.058301E-16
8.500000E+03	3.698704E-15	1.110056E-16
8.510000E+03	3.861317E-15	1.163681E-16
8.520000E+03	4.028041E-15	1.218973E-16
8.530000E+03	4.197731E-15	1.275601E-16
8.540000E+03	4.369512E-15	1.333310E-16
8.550000E+03	4.542349E-15	1.391792E-16
8.560000E+03	4.715164E-15	1.450721E-16
8.570000E+03	4.886857E-15	1.509756E-16
8.580000E+03	5.056462E-15	1.568596E-16
8.590000E+03	5.222584E-15	1.626799E-16
8.600000E+03	5.384437E-15	1.684105E-16
8.610000E+03	5.540661E-15	1.740071E-16
8.620000E+03	5.690577E-15	1.794462E-16
8.630000E+03	5.833269E-15	1.846964E-16
8.640000E+03	5.967540E-15	1.897167E-16
8.650000E+03	6.092976E-15	1.944908E-16
8.660000E+03	6.208923E-15	1.989942E-16
8.670000E+03	6.314827E-15	2.032054E-16
8.680000E+03	6.410052E-15	2.070998E-16
8.690000E+03	6.494449E-15	2.106684E-16
8.700000E+03	6.567790E-15	2.138996E-16
8.710000E+03	6.629959E-15	2.167852E-16
8.720000E+03	6.681146E-15	2.193269E-16
8.730000E+03	6.721023E-15	2.215096E-16
8.740000E+03	6.750181E-15	2.233484E-16
8.750000E+03	6.768883E-15	2.248477E-16
8.760000E+03	6.777257E-15	2.260076E-16
8.770000E+03	6.775919E-15	2.268446E-16
8.780000E+03	6.765332E-15	2.273705E-16
8.790000E+03	6.746007E-15	2.275988E-16
8.800000E+03	6.718492E-15	2.275444E-16
8.810000E+03	6.683365E-15	2.272239E-16
8.820000E+03	6.641441E-15	2.266620E-16
8.830000E+03	6.593119E-15	2.258696E-16
8.840000E+03	6.539230E-15	2.248729E-16
8.850000E+03	6.480182E-15	2.236834E-16
8.860000E+03	6.417012E-15	2.223353E-16
8.870000E+03	6.350107E-15	2.208403E-16
8.880000E+03	6.280259E-15	2.192245E-16
8.890000E+03	6.207608E-15	2.174916E-16
8.900000E+03	6.133100E-15	2.156739E-16
8.910000E+03	6.056821E-15	2.137735E-16
8.920000E+03	5.979238E-15	2.118064E-16
8.930000E+03	5.900978E-15	2.097943E-16
8.940000E+03	5.822024E-15	2.077363E-16
8.950000E+03	5.743120E-15	2.056588E-16
8.960000E+03	5.664367E-15	2.035654E-16
8.970000E+03	5.585828E-15	2.014584E-16
8.980000E+03	5.507924E-15	1.993532E-16
8.990000E+03	5.430838E-15	1.972567E-16
9.000000E+03	5.354535E-15	1.951679E-16
9.040000E+03	5.061240E-15	1.870470E-16
9.080000E+03	4.789363E-15	1.794117E-16
9.120000E+03	4.540569E-15	1.723590E-16
9.160000E+03	4.314039E-15	1.658936E-16
9.200000E+03	4.107777E-15	1.599727E-16
9.240000E+03	3.918003E-15	1.544790E-16
9.280000E+03	3.739379E-15	1.492257E-16
9.320000E+03	3.566265E-15	1.440030E-16
9.360000E+03	3.393754E-15	1.386207E-16
9.400000E+03	3.219992E-15	1.330057E-16
9.440000E+03	3.045639E-15	1.271866E-16
9.480000E+03	2.873344E-15	1.212773E-16
9.520000E+03	2.706628E-15	1.154338E-16
9.560000E+03	2.548699E-15	1.098048E-16
9.600000E+03	2.402115E-15	1.045160E-16
9.640000E+03	2.268649E-15	9.966272E-17
9.680000E+03	2.149574E-15	9.532060E-17
9.720000E+03	2.044570E-15	9.149550E-17
9.760000E+03	1.953024E-15	8.817915E-17
9.800000E+03	1.873936E-15	8.534396E-17
9.840000E+03	1.806397E-15	8.296457E-17
9.880000E+03	1.749586E-15	8.101771E-17
9.920000E+03	1.702821E-15	7.948499E-17
9.960000E+03	1.665631E-15	7.835641E-17
1.000000E+04	1.637100E-15	7.759991E-17
1.004000E+04	1.616036E-15	7.716845E-17
1.008000E+04	1.601461E-15	7.702347E-17
1.012000E+04	1.592298E-15	7.711977E-17
1.016000E+04	1.587703E-15	7.742201E-17
1.020000E+04	1.586860E-15	7.789482E-17
1.024000E+04	1.588966E-15	7.850227E-17
1.028000E+04	1.593774E-15	7.923504E-17
1.032000E+04	1.600699E-15	8.006633E-17
