#wls	flux	fluxerr
1.597671E+03	7.247625E-15	3.299182E-16
1.637612E+03	6.310254E-15	2.838682E-16
1.677554E+03	5.380629E-15	2.391630E-16
1.717496E+03	4.488196E-15	1.970874E-16
1.757438E+03	3.659646E-15	1.587418E-16
1.797379E+03	2.913163E-15	1.248032E-16
1.837321E+03	2.261187E-15	9.566530E-17
1.877263E+03	1.710075E-15	7.144052E-17
1.917205E+03	1.260050E-15	5.197436E-17
1.957146E+03	9.063133E-16	3.690791E-17
1.997088E+03	6.395843E-16	2.571305E-17
2.037030E+03	4.475714E-16	1.776300E-17
2.076972E+03	3.164210E-16	1.239681E-17
2.116914E+03	2.323400E-16	8.985901E-18
2.156855E+03	1.830798E-16	6.990100E-18
2.196797E+03	1.586434E-16	5.979904E-18
2.236739E+03	1.526883E-16	5.682539E-18
2.276681E+03	1.628363E-16	5.984111E-18
2.316622E+03	1.905210E-16	6.914431E-18
2.356564E+03	2.412144E-16	8.646435E-18
2.396506E+03	3.254150E-16	1.152250E-17
2.436448E+03	4.606090E-16	1.611263E-17
2.476389E+03	6.733315E-16	2.327167E-17
2.516331E+03	1.001387E-15	3.419753E-17
2.556273E+03	1.493634E-15	5.040233E-17
2.596215E+03	2.205882E-15	7.355473E-17
2.636156E+03	3.189296E-15	1.050855E-16
2.676098E+03	4.480035E-15	1.458595E-16
2.716040E+03	6.086747E-15	1.958031E-16
2.755982E+03	7.975773E-15	2.534845E-16
2.795924E+03	1.006420E-14	3.159768E-16
2.835865E+03	1.222880E-14	3.792264E-16
2.875807E+03	1.432032E-14	4.385677E-16
2.915749E+03	1.619059E-14	4.895941E-16
2.955691E+03	1.771446E-14	5.288110E-16
2.995632E+03	1.880978E-14	5.541853E-16
3.005618E+03	1.901210E-14	5.582892E-16
3.015603E+03	1.918492E-14	5.614874E-16
3.025589E+03	1.932881E-14	5.638046E-16
3.035574E+03	1.944493E-14	5.652835E-16
3.045560E+03	1.953500E-14	5.659813E-16
3.055545E+03	1.960132E-14	5.659722E-16
3.065530E+03	1.964510E-14	5.652979E-16
3.075516E+03	1.966620E-14	5.639609E-16
3.085501E+03	1.966518E-14	5.619833E-16
3.095487E+03	1.964372E-14	5.594194E-16
3.105472E+03	1.960264E-14	5.562984E-16
3.115458E+03	1.954337E-14	5.526661E-16
3.125443E+03	1.946606E-14	5.485323E-16
3.135429E+03	1.937371E-14	5.439864E-16
3.145414E+03	1.926666E-14	5.390422E-16
3.155399E+03	1.914669E-14	5.337536E-16
3.165385E+03	1.901558E-14	5.281742E-16
3.175370E+03	1.887475E-14	5.223461E-16
3.185356E+03	1.872605E-14	5.163232E-16
3.195341E+03	1.857090E-14	5.101473E-16
3.205327E+03	1.841115E-14	5.038708E-16
3.215312E+03	1.824824E-14	4.975342E-16
3.225298E+03	1.808397E-14	4.911873E-16
3.235283E+03	1.791973E-14	4.848686E-16
3.245268E+03	1.775694E-14	4.786158E-16
3.255254E+03	1.759729E-14	4.724744E-16
3.265239E+03	1.744214E-14	4.664794E-16
3.275225E+03	1.729312E-14	4.606731E-16
3.285210E+03	1.715152E-14	4.550878E-16
3.295196E+03	1.701862E-14	4.497550E-16
3.305181E+03	1.689570E-14	4.447054E-16
3.315166E+03	1.678429E-14	4.399766E-16
3.325152E+03	1.668565E-14	4.355973E-16
3.335137E+03	1.660104E-14	4.315964E-16
3.345123E+03	1.653173E-14	4.280021E-16
3.355108E+03	1.647876E-14	4.248364E-16
3.365094E+03	1.644372E-14	4.221348E-16
3.375079E+03	1.642773E-14	4.199197E-16
3.385065E+03	1.643243E-14	4.182269E-16
3.395050E+03	1.645901E-14	4.170795E-16
3.405035E+03	1.650849E-14	4.164955E-16
3.415021E+03	1.658280E-14	4.165162E-16
3.425006E+03	1.668266E-14	4.171509E-16
3.434992E+03	1.680932E-14	4.184216E-16
3.444977E+03	1.696340E-14	4.203346E-16
3.454963E+03	1.714490E-14	4.228805E-16
3.464948E+03	1.735286E-14	4.260258E-16
3.474934E+03	1.758594E-14	4.297285E-16
3.484919E+03	1.784213E-14	4.339305E-16
3.494904E+03	1.811958E-14	4.385787E-16
3.504890E+03	1.841506E-14	4.435876E-16
3.514875E+03	1.872467E-14	4.488567E-16
3.524861E+03	1.904414E-14	4.542785E-16
3.534846E+03	1.936809E-14	4.597217E-16
3.544832E+03	1.969139E-14	4.650626E-16
3.554817E+03	2.000889E-14	4.701803E-16
3.564803E+03	2.031543E-14	4.749555E-16
3.574788E+03	2.060622E-14	4.792800E-16
3.584773E+03	2.087680E-14	4.830561E-16
3.594759E+03	2.112426E-14	4.862235E-16
3.604744E+03	2.134558E-14	4.887216E-16
3.614730E+03	2.153932E-14	4.905263E-16
3.624715E+03	2.170504E-14	4.916374E-16
3.634701E+03	2.184340E-14	4.920803E-16
3.644686E+03	2.195628E-14	4.919070E-16
3.654671E+03	2.204701E-14	4.912009E-16
3.664657E+03	2.212036E-14	4.900758E-16
3.674642E+03	2.218202E-14	4.886639E-16
3.684628E+03	2.223855E-14	4.871131E-16
3.694613E+03	2.229825E-14	4.856062E-16
3.704599E+03	2.236936E-14	4.843204E-16
3.714584E+03	2.246127E-14	4.834535E-16
3.724570E+03	2.258350E-14	4.832012E-16
3.734555E+03	2.274590E-14	4.837619E-16
3.744540E+03	2.295792E-14	4.853194E-16
3.754526E+03	2.322925E-14	4.880580E-16
3.764511E+03	2.356940E-14	4.921538E-16
3.774497E+03	2.398672E-14	4.977530E-16
3.784482E+03	2.448905E-14	5.049865E-16
3.794468E+03	2.508281E-14	5.139529E-16
3.804453E+03	2.577259E-14	5.247091E-16
3.814439E+03	2.656024E-14	5.372545E-16
3.824424E+03	2.744474E-14	5.515295E-16
3.834409E+03	2.842188E-14	5.674114E-16
3.844395E+03	2.948321E-14	5.846953E-16
3.854380E+03	3.061743E-14	6.031245E-16
3.864366E+03	3.180966E-14	6.223788E-16
3.874351E+03	3.304202E-14	6.420870E-16
3.884337E+03	3.429484E-14	6.618530E-16
3.894322E+03	3.554739E-14	6.812713E-16
3.904308E+03	3.677882E-14	6.999452E-16
3.914293E+03	3.797035E-14	7.175284E-16
3.924278E+03	3.910496E-14	7.337178E-16
3.934264E+03	4.017024E-14	7.483055E-16
3.944249E+03	4.115799E-14	7.611688E-16
3.954235E+03	4.206390E-14	7.722604E-16
3.964220E+03	4.288858E-14	7.816255E-16
3.974206E+03	4.363644E-14	7.893778E-16
3.984191E+03	4.431484E-14	7.956817E-16
3.994176E+03	4.493252E-14	8.007227E-16
4.004162E+03	4.549993E-14	8.047112E-16
4.014147E+03	4.602769E-14	8.078557E-16
4.024133E+03	4.652536E-14	8.103406E-16
4.034118E+03	4.700094E-14	8.123181E-16
4.044104E+03	4.746097E-14	8.139110E-16
4.054089E+03	4.790969E-14	8.152002E-16
4.064075E+03	4.834887E-14	8.162219E-16
4.074060E+03	4.877969E-14	8.170022E-16
4.084045E+03	4.920042E-14	8.175182E-16
4.094031E+03	4.960885E-14	8.177398E-16
4.104016E+03	5.000074E-14	8.176054E-16
4.114002E+03	5.036989E-14	8.170239E-16
4.123987E+03	5.070946E-14	8.158970E-16
4.133973E+03	5.100968E-14	8.140832E-16
4.143958E+03	5.125905E-14	8.114191E-16
4.153944E+03	5.144501E-14	8.077300E-16
4.163929E+03	5.155342E-14	8.028237E-16
4.173914E+03	5.156976E-14	7.965083E-16
4.183900E+03	5.148047E-14	7.886143E-16
4.193885E+03	5.409953E-14	8.219373E-16
4.198390E+03	5.415017E-14	8.196541E-16
4.202895E+03	5.416717E-14	8.168680E-16
4.207400E+03	5.417885E-14	8.140120E-16
4.211904E+03	5.415948E-14	8.107013E-16
4.216408E+03	5.410892E-14	8.069393E-16
4.220914E+03	5.402702E-14	8.027285E-16
4.225418E+03	5.390789E-14	7.979885E-16
4.229923E+03	5.375901E-14	7.928355E-16
4.234427E+03	5.358030E-14	7.872731E-16
4.238933E+03	5.336479E-14	7.812041E-16
4.243437E+03	5.310469E-14	7.745219E-16
4.247942E+03	5.280170E-14	7.672581E-16
4.252447E+03	5.245373E-14	7.593889E-16
4.256951E+03	5.206149E-14	7.509329E-16
4.261456E+03	5.162772E-14	7.419360E-16
4.265961E+03	5.116397E-14	7.325694E-16
4.270466E+03	5.066422E-14	7.227532E-16
4.274970E+03	5.013222E-14	7.125458E-16
4.279475E+03	4.958548E-14	7.021998E-16
4.283980E+03	4.902879E-14	6.917844E-16
4.288484E+03	4.846414E-14	6.813301E-16
4.292989E+03	4.790024E-14	6.709592E-16
4.297493E+03	4.734798E-14	6.608235E-16
4.301999E+03	4.676026E-14	6.502652E-16
4.306503E+03	4.612404E-14	6.391102E-16
4.311008E+03	4.544316E-14	6.274173E-16
4.315513E+03	4.467595E-14	6.146195E-16
4.320017E+03	4.382799E-14	6.008062E-16
4.324522E+03	4.296236E-14	5.868502E-16
4.329026E+03	4.208894E-14	5.728874E-16
4.333532E+03	4.118987E-14	5.586758E-16
4.338036E+03	4.030381E-14	5.447418E-16
4.342541E+03	3.942688E-14	5.310301E-16
4.347045E+03	3.857112E-14	5.177000E-16
4.351550E+03	3.772066E-14	5.045354E-16
4.356055E+03	3.689354E-14	4.917759E-16
4.360559E+03	3.610290E-14	4.795915E-16
4.365065E+03	3.536595E-14	4.682043E-16
4.369569E+03	3.471402E-14	4.580201E-16
4.374074E+03	3.415853E-14	4.491767E-16
4.378578E+03	3.369686E-14	4.416263E-16
4.383083E+03	3.336162E-14	4.357819E-16
4.387588E+03	3.313210E-14	4.313577E-16
4.392092E+03	3.302084E-14	4.285024E-16
4.396597E+03	3.303232E-14	4.272588E-16
4.401102E+03	3.315893E-14	4.275129E-16
4.405607E+03	3.343958E-14	4.297515E-16
4.410111E+03	3.383627E-14	4.334689E-16
4.414616E+03	3.436161E-14	4.388124E-16
4.419121E+03	3.502011E-14	4.458253E-16
4.423625E+03	3.580612E-14	4.544206E-16
4.428131E+03	3.669867E-14	4.643189E-16
4.432635E+03	3.767869E-14	4.752694E-16
4.437140E+03	3.872807E-14	4.870355E-16
4.441644E+03	3.982042E-14	4.992801E-16
4.446150E+03	4.097533E-14	5.122446E-16
4.450654E+03	4.218270E-14	5.257987E-16
4.455158E+03	4.341292E-14	5.395704E-16
4.459663E+03	4.467631E-14	5.536869E-16
4.464168E+03	4.596882E-14	5.680966E-16
4.468673E+03	4.725342E-14	5.823423E-16
4.473177E+03	4.855482E-14	5.967297E-16
4.477683E+03	4.989985E-14	6.115872E-16
4.482187E+03	5.126903E-14	6.266746E-16
4.486691E+03	5.264471E-14	6.417754E-16
4.491196E+03	5.402903E-14	6.569166E-16
4.495701E+03	5.542408E-14	6.721237E-16
4.500206E+03	5.680071E-14	6.870454E-16
4.504710E+03	5.814947E-14	7.015703E-16
4.509215E+03	5.947445E-14	7.157515E-16
4.513720E+03	6.076205E-14	7.294287E-16
4.518224E+03	6.202139E-14	7.427164E-16
4.522729E+03	6.327745E-14	7.559162E-16
4.527234E+03	6.454998E-14	7.692642E-16
4.531739E+03	6.581819E-14	7.825136E-16
4.536243E+03	6.708086E-14	7.956508E-16
4.540748E+03	6.832445E-14	8.085170E-16
4.545253E+03	6.953830E-14	8.209882E-16
4.549757E+03	7.067933E-14	8.325610E-16
4.554262E+03	7.173573E-14	8.431026E-16
4.558766E+03	7.270195E-14	8.525551E-16
4.563272E+03	7.357254E-14	8.608617E-16
4.567776E+03	7.436400E-14	8.682236E-16
4.572281E+03	7.506452E-14	8.745089E-16
4.576786E+03	7.566010E-14	8.795615E-16
4.581290E+03	7.615362E-14	8.834231E-16
4.585795E+03	7.650470E-14	8.856333E-16
4.590300E+03	7.669282E-14	8.859647E-16
4.594805E+03	7.668890E-14	8.840942E-16
4.599309E+03	7.648939E-14	8.799935E-16
4.603814E+03	7.612764E-14	8.740587E-16
4.608319E+03	7.561076E-14	8.663811E-16
4.612824E+03	7.496379E-14	8.572577E-16
4.617328E+03	7.421193E-14	8.469835E-16
4.621832E+03	7.336464E-14	8.356722E-16
4.626338E+03	7.242802E-14	8.233982E-16
4.630842E+03	7.143279E-14	8.105153E-16
4.635347E+03	7.037985E-14	7.970364E-16
4.639852E+03	6.927671E-14	7.830483E-16
4.644357E+03	6.814558E-14	7.688045E-16
4.648861E+03	6.696187E-14	7.540284E-16
4.653365E+03	6.572342E-14	7.386978E-16
4.657871E+03	6.445254E-14	7.230653E-16
4.662375E+03	6.313851E-14	7.070125E-16
4.666880E+03	6.179093E-14	6.906476E-16
4.671384E+03	6.045481E-14	6.744742E-16
4.675890E+03	5.912808E-14	6.584672E-16
4.680394E+03	5.778066E-14	6.422913E-16
4.684898E+03	5.638143E-14	6.256012E-16
4.689404E+03	5.492601E-14	6.083504E-16
4.693908E+03	5.342828E-14	5.906957E-16
4.698413E+03	5.187422E-14	5.724835E-16
4.702917E+03	5.027662E-14	5.538577E-16
4.707423E+03	4.868300E-14	5.353420E-16
4.711927E+03	4.711926E-14	5.172207E-16
4.716431E+03	4.562115E-14	4.998827E-16
4.720936E+03	4.422344E-14	4.837039E-16
4.725441E+03	4.295773E-14	4.690227E-16
4.729946E+03	4.181779E-14	4.557635E-16
4.734450E+03	4.079955E-14	4.438741E-16
4.738956E+03	3.990653E-14	4.333851E-16
4.743460E+03	3.913029E-14	4.241978E-16
4.747964E+03	3.846890E-14	4.162840E-16
4.752470E+03	3.792801E-14	4.096977E-16
4.756974E+03	3.751109E-14	4.044694E-16
4.761479E+03	3.722273E-14	4.006410E-16
4.765983E+03	3.705554E-14	3.981253E-16
4.770489E+03	3.698906E-14	3.966957E-16
4.774993E+03	3.700277E-14	3.961267E-16
4.779497E+03	3.707284E-14	3.961587E-16
4.784002E+03	3.714489E-14	3.962082E-16
4.788507E+03	3.718403E-14	3.959031E-16
4.793012E+03	3.716400E-14	3.949667E-16
4.797516E+03	3.706182E-14	3.931581E-16
4.802022E+03	3.687627E-14	3.904690E-16
4.806526E+03	3.660504E-14	3.868798E-16
4.811031E+03	3.624145E-14	3.823252E-16
4.815535E+03	3.580942E-14	3.770622E-16
4.820040E+03	3.533953E-14	3.714161E-16
4.824545E+03	3.486674E-14	3.657561E-16
4.829049E+03	3.442173E-14	3.604033E-16
4.833554E+03	3.403084E-14	3.556315E-16
4.838059E+03	3.372814E-14	3.517924E-16
4.842564E+03	3.354992E-14	3.492591E-16
4.847068E+03	3.352491E-14	3.483219E-16
4.851573E+03	3.369718E-14	3.494287E-16
4.856078E+03	3.407797E-14	3.526838E-16
4.860582E+03	3.468840E-14	3.582924E-16
4.865088E+03	3.552985E-14	3.662540E-16
4.869592E+03	3.657289E-14	3.762519E-16
4.874097E+03	3.777155E-14	3.878009E-16
4.878601E+03	3.905229E-14	4.001375E-16
4.883106E+03	4.034584E-14	4.125477E-16
4.887611E+03	4.160262E-14	4.245247E-16
4.892115E+03	4.278074E-14	4.356434E-16
4.896620E+03	4.383161E-14	4.454149E-16
4.901125E+03	4.474404E-14	4.537331E-16
4.905630E+03	4.550685E-14	4.604937E-16
4.910134E+03	4.608458E-14	4.653480E-16
4.914639E+03	4.646711E-14	4.682053E-16
4.919144E+03	4.665313E-14	4.690655E-16
4.923648E+03	4.663692E-14	4.678838E-16
4.928153E+03	4.640394E-14	4.645279E-16
4.932658E+03	4.595291E-14	4.589989E-16
4.937163E+03	4.530240E-14	4.514972E-16
4.941667E+03	4.447437E-14	4.422542E-16
4.946171E+03	4.350295E-14	4.316208E-16
4.950677E+03	4.242565E-14	4.199781E-16
4.955181E+03	4.128332E-14	4.077374E-16
4.959686E+03	4.011134E-14	3.952520E-16
4.964191E+03	3.894071E-14	3.828288E-16
4.968696E+03	3.781241E-14	3.708706E-16
4.973200E+03	3.675861E-14	3.596893E-16
4.977705E+03	3.580818E-14	3.495620E-16
4.982210E+03	3.498115E-14	3.406769E-16
4.986714E+03	3.429980E-14	3.332424E-16
4.991219E+03	3.378417E-14	3.274428E-16
4.995723E+03	3.343883E-14	3.233107E-16
5.000229E+03	3.327277E-14	3.209209E-16
5.004733E+03	3.327167E-14	3.201235E-16
5.009238E+03	3.341345E-14	3.206947E-16
5.013743E+03	3.368490E-14	3.224978E-16
5.018247E+03	3.406720E-14	3.253441E-16
5.022752E+03	3.452823E-14	3.289195E-16
5.027257E+03	3.503584E-14	3.329129E-16
5.031762E+03	3.556893E-14	3.371212E-16
5.036266E+03	3.611198E-14	3.413957E-16
5.040771E+03	3.666942E-14	3.457775E-16
5.045276E+03	3.724014E-14	3.502550E-16
5.049780E+03	3.782524E-14	3.548380E-16
5.054285E+03	3.842806E-14	3.595566E-16
5.058789E+03	3.904971E-14	3.644200E-16
5.063295E+03	3.967350E-14	3.692714E-16
5.067799E+03	4.029611E-14	3.740802E-16
5.072304E+03	4.090306E-14	3.787127E-16
5.076809E+03	4.148991E-14	3.831287E-16
5.081313E+03	4.207775E-14	3.875247E-16
5.085818E+03	4.265768E-14	3.918189E-16
5.090322E+03	4.323637E-14	3.960732E-16
5.094828E+03	4.383604E-14	4.004908E-16
5.099332E+03	4.447005E-14	4.051925E-16
5.103837E+03	4.512503E-14	4.100546E-16
5.108341E+03	4.579766E-14	4.150456E-16
5.112846E+03	4.649571E-14	4.202346E-16
5.117351E+03	4.722807E-14	4.257009E-16
5.121855E+03	4.798806E-14	4.313821E-16
5.126361E+03	4.877235E-14	4.372464E-16
5.130865E+03	4.958315E-14	4.433129E-16
5.135370E+03	5.041487E-14	4.495302E-16
5.139874E+03	5.125974E-14	4.558282E-16
5.144379E+03	5.212107E-14	4.622358E-16
5.148884E+03	5.299664E-14	4.687331E-16
5.153388E+03	5.388641E-14	4.753195E-16
5.157893E+03	5.479262E-14	4.820143E-16
5.162398E+03	5.570855E-14	4.887579E-16
5.166903E+03	5.662868E-14	4.955027E-16
5.171407E+03	5.752404E-14	5.019963E-16
5.175913E+03	5.837792E-14	5.080957E-16
5.180417E+03	5.918026E-14	5.137179E-16
5.184921E+03	5.992109E-14	5.187808E-16
5.189427E+03	6.058262E-14	5.231357E-16
5.193931E+03	6.114697E-14	5.266357E-16
5.198436E+03	6.161640E-14	5.293073E-16
5.202940E+03	6.196429E-14	5.309298E-16
5.207446E+03	6.218943E-14	5.315014E-16
5.211950E+03	6.228302E-14	5.309566E-16
5.216454E+03	6.223722E-14	5.292376E-16
5.220959E+03	6.206097E-14	5.264300E-16
5.225464E+03	6.175105E-14	5.225149E-16
5.229969E+03	6.132854E-14	5.176797E-16
5.234473E+03	6.082456E-14	5.121934E-16
5.238979E+03	6.025595E-14	5.062026E-16
5.243483E+03	5.964487E-14	4.998975E-16
5.247987E+03	5.901475E-14	4.934763E-16
5.252492E+03	5.837893E-14	4.870516E-16
5.256997E+03	5.773404E-14	4.805955E-16
5.261502E+03	5.709237E-14	4.742109E-16
5.266006E+03	5.645946E-14	4.679435E-16
5.270511E+03	5.583532E-14	4.617928E-16
5.275016E+03	5.523665E-14	4.558959E-16
5.279520E+03	5.467787E-14	4.503706E-16
5.284025E+03	5.415563E-14	4.451874E-16
5.288530E+03	5.368106E-14	4.404354E-16
5.293035E+03	5.327301E-14	4.362671E-16
5.297539E+03	5.292702E-14	4.326430E-16
5.302044E+03	5.262199E-14	4.293882E-16
5.306549E+03	5.234457E-14	4.263924E-16
5.311053E+03	5.209364E-14	4.236458E-16
5.315558E+03	5.186699E-14	4.211295E-16
5.320062E+03	5.165019E-14	4.187258E-16
5.324568E+03	5.142215E-14	4.162638E-16
5.329072E+03	5.119730E-14	4.138610E-16
5.333577E+03	5.096677E-14	4.114460E-16
5.338082E+03	5.071506E-14	4.088938E-16
5.342587E+03	5.043552E-14	4.061520E-16
5.347091E+03	5.012817E-14	4.032217E-16
5.351596E+03	4.980411E-14	4.001927E-16
5.356101E+03	4.947444E-14	3.971546E-16
5.360605E+03	4.915689E-14	3.942496E-16
5.365110E+03	4.887472E-14	3.916637E-16
5.369615E+03	4.862127E-14	3.893428E-16
5.374120E+03	4.840537E-14	3.873569E-16
5.378624E+03	4.822923E-14	3.857220E-16
5.383128E+03	4.807956E-14	3.843307E-16
5.387634E+03	4.794308E-14	3.830757E-16
5.392138E+03	4.779766E-14	3.817796E-16
5.396643E+03	4.763669E-14	3.803887E-16
5.401148E+03	4.743918E-14	3.787350E-16
5.405653E+03	4.720184E-14	3.767911E-16
5.410157E+03	4.690259E-14	3.743803E-16
5.414661E+03	4.654922E-14	3.715635E-16
5.419167E+03	4.616166E-14	3.684988E-16
5.423671E+03	4.573771E-14	3.651673E-16
5.428176E+03	4.529288E-14	3.616915E-16
5.432680E+03	4.484372E-14	3.582023E-16
5.437186E+03	4.439469E-14	3.547340E-16
5.441690E+03	4.396120E-14	3.514087E-16
5.446194E+03	4.355319E-14	3.483046E-16
5.450700E+03	4.317065E-14	3.454211E-16
5.455204E+03	4.282127E-14	3.428187E-16
5.459709E+03	4.251716E-14	3.405941E-16
5.464214E+03	4.225167E-14	3.386936E-16
5.468719E+03	4.202809E-14	3.371433E-16
5.473223E+03	4.185518E-14	3.360136E-16
5.477727E+03	4.173293E-14	3.353045E-16
5.482233E+03	4.166458E-14	3.350425E-16
5.486737E+03	4.165340E-14	3.352543E-16
5.491242E+03	4.169935E-14	3.359403E-16
5.495746E+03	4.178918E-14	3.369945E-16
5.500252E+03	4.190196E-14	3.382488E-16
5.504756E+03	4.202889E-14	3.396318E-16
5.509260E+03	4.214906E-14	3.409746E-16
5.513766E+03	4.228228E-14	3.424370E-16
5.518270E+03	4.240984E-14	3.438672E-16
5.522775E+03	4.250541E-14	3.450509E-16
5.527279E+03	4.257669E-14	3.460495E-16
5.531785E+03	4.260945E-14	3.467459E-16
5.536289E+03	4.258287E-14	3.469688E-16
5.540794E+03	4.248823E-14	3.466448E-16
5.545298E+03	4.232779E-14	3.457897E-16
5.549803E+03	4.210600E-14	3.444371E-16
5.554308E+03	4.183056E-14	3.426477E-16
5.558812E+03	4.152673E-14	3.406262E-16
5.563318E+03	4.120989E-14	3.384974E-16
5.567822E+03	4.087893E-14	3.362511E-16
5.572327E+03	4.053278E-14	3.338776E-16
5.576831E+03	4.018896E-14	3.315203E-16
5.581336E+03	3.984858E-14	3.291879E-16
5.585841E+03	3.951272E-14	3.268890E-16
5.590345E+03	3.918466E-14	3.246503E-16
5.594850E+03	3.886330E-14	3.224628E-16
5.599355E+03	3.854100E-14	3.202628E-16
5.603860E+03	3.821119E-14	3.179950E-16
5.608364E+03	3.787936E-14	3.157045E-16
5.612869E+03	3.755205E-14	3.134457E-16
5.617374E+03	3.722708E-14	3.111999E-16
5.621878E+03	3.689791E-14	3.089122E-16
5.626384E+03	3.656890E-14	3.066189E-16
5.630888E+03	3.624442E-14	3.043560E-16
5.635393E+03	3.592119E-14	3.020961E-16
5.639897E+03	3.559704E-14	2.998206E-16
5.644402E+03	3.526870E-14	2.975018E-16
5.648907E+03	3.493944E-14	2.951668E-16
5.653411E+03	3.460928E-14	2.928154E-16
5.657916E+03	3.427603E-14	2.904290E-16
5.662421E+03	3.394079E-14	2.880167E-16
5.666926E+03	3.360356E-14	2.855780E-16
5.671430E+03	3.327739E-14	2.832240E-16
5.675935E+03	3.296118E-14	2.809456E-16
5.680440E+03	3.265927E-14	2.787798E-16
5.684944E+03	3.238143E-14	2.768107E-16
5.689449E+03	3.212870E-14	2.750482E-16
5.693954E+03	3.190867E-14	2.735580E-16
5.698459E+03	3.171913E-14	2.723223E-16
5.702963E+03	3.156006E-14	2.713419E-16
5.707468E+03	3.143792E-14	2.706736E-16
5.711973E+03	3.138629E-14	2.706081E-16
5.716477E+03	3.138667E-14	2.709881E-16
5.720982E+03	3.143035E-14	2.717401E-16
5.725487E+03	3.153569E-14	2.730246E-16
5.729992E+03	3.170804E-14	2.748899E-16
5.734496E+03	3.195166E-14	2.773754E-16
5.739001E+03	3.226647E-14	2.804827E-16
5.743506E+03	3.265567E-14	2.842421E-16
5.748010E+03	3.311375E-14	2.886079E-16
5.752515E+03	3.363742E-14	2.935535E-16
5.757019E+03	3.422229E-14	2.990427E-16
5.761525E+03	3.485858E-14	3.049920E-16
5.766029E+03	3.553761E-14	3.113265E-16
5.770534E+03	3.624962E-14	3.179620E-16
5.775039E+03	3.699566E-14	3.249087E-16
5.779543E+03	3.775521E-14	3.319869E-16
5.784048E+03	3.852071E-14	3.391304E-16
5.788553E+03	3.929540E-14	3.463676E-16
5.793058E+03	4.008356E-14	3.537366E-16
5.797562E+03	4.091857E-14	3.615324E-16
5.802067E+03	4.182622E-14	3.699843E-16
5.806572E+03	4.275263E-14	3.786176E-16
5.811076E+03	4.362141E-14	3.867550E-16
5.815581E+03	4.438316E-14	3.939563E-16
5.820085E+03	4.504444E-14	4.002764E-16
5.824591E+03	4.560750E-14	4.057323E-16
5.829095E+03	4.605740E-14	4.101879E-16
5.833600E+03	4.639533E-14	4.136505E-16
5.838105E+03	4.663966E-14	4.162809E-16
5.842609E+03	4.679799E-14	4.181441E-16
5.847114E+03	4.688542E-14	4.193731E-16
5.851618E+03	4.689560E-14	4.199090E-16
5.856124E+03	4.682646E-14	4.197313E-16
5.860628E+03	4.668344E-14	4.188866E-16
5.865133E+03	4.647734E-14	4.174700E-16
5.869637E+03	4.622212E-14	4.156057E-16
5.874143E+03	4.592642E-14	4.133703E-16
5.878647E+03	4.560846E-14	4.109269E-16
5.883151E+03	4.527576E-14	4.083430E-16
5.887657E+03	4.493903E-14	4.057153E-16
5.892161E+03	4.460148E-14	4.030729E-16
5.896666E+03	4.425564E-14	4.003482E-16
5.901170E+03	4.390365E-14	3.975608E-16
5.905676E+03	4.355405E-14	3.947883E-16
5.910180E+03	4.320900E-14	3.920504E-16
5.914684E+03	4.287487E-14	3.894055E-16
5.919189E+03	4.254954E-14	3.868348E-16
5.923694E+03	4.223407E-14	3.843485E-16
5.928199E+03	4.192950E-14	3.819565E-16
5.932703E+03	4.163157E-14	3.796205E-16
5.937209E+03	4.134026E-14	3.773410E-16
5.941713E+03	4.105665E-14	3.751279E-16
5.946217E+03	4.077539E-14	3.729330E-16
5.950723E+03	4.049010E-14	3.706981E-16
5.955227E+03	4.018374E-14	3.682672E-16
5.959732E+03	3.984464E-14	3.655329E-16
5.964236E+03	3.946749E-14	3.624457E-16
5.968742E+03	3.903959E-14	3.588881E-16
5.973246E+03	3.856521E-14	3.548980E-16
5.977750E+03	3.806035E-14	3.506217E-16
5.982255E+03	3.756011E-14	3.463821E-16
5.986760E+03	3.710590E-14	3.425619E-16
5.991265E+03	3.674440E-14	3.395940E-16
5.995769E+03	3.652226E-14	3.379128E-16
6.000275E+03	3.642767E-14	3.374138E-16
6.004779E+03	3.638305E-14	3.373815E-16
6.009283E+03	3.633216E-14	3.372956E-16
6.013788E+03	3.626652E-14	3.370775E-16
6.018293E+03	3.618614E-14	3.367273E-16
6.022798E+03	3.606560E-14	3.360077E-16
6.027302E+03	3.587526E-14	3.346413E-16
6.031807E+03	3.560884E-14	3.325672E-16
6.036312E+03	3.526217E-14	3.297440E-16
6.040816E+03	3.482366E-14	3.260603E-16
6.045321E+03	3.427856E-14	3.213748E-16
6.049826E+03	3.361111E-14	3.155355E-16
6.054331E+03	3.281612E-14	3.084887E-16
6.058835E+03	3.189683E-14	3.002600E-16
6.063341E+03	3.086605E-14	2.909648E-16
6.067845E+03	2.973548E-14	2.807086E-16
6.072350E+03	2.852315E-14	2.696572E-16
6.076854E+03	2.724709E-14	2.579770E-16
6.081359E+03	2.591472E-14	2.457350E-16
6.085864E+03	2.453665E-14	2.330283E-16
6.090368E+03	2.312343E-14	2.199545E-16
6.094873E+03	2.169411E-14	2.066919E-16
6.099378E+03	2.027715E-14	1.935105E-16
6.103883E+03	1.890629E-14	1.807319E-16
6.108387E+03	1.761419E-14	1.686698E-16
6.112892E+03	1.643133E-14	1.576194E-16
6.117397E+03	1.537872E-14	1.477867E-16
6.121901E+03	1.448260E-14	1.394300E-16
6.126406E+03	1.376288E-14	1.327487E-16
6.130911E+03	1.322574E-14	1.278114E-16
6.135416E+03	1.288368E-14	1.247486E-16
6.139920E+03	1.274184E-14	1.236208E-16
6.144424E+03	1.279378E-14	1.243770E-16
6.148930E+03	1.302146E-14	1.268533E-16
6.153434E+03	1.339849E-14	1.308026E-16
6.157939E+03	1.390057E-14	1.359976E-16
6.162444E+03	1.449608E-14	1.421368E-16
6.166949E+03	1.515868E-14	1.489684E-16
6.171453E+03	1.588097E-14	1.564251E-16
6.175957E+03	1.666084E-14	1.644913E-16
6.180463E+03	1.749299E-14	1.731200E-16
6.184967E+03	1.835850E-14	1.821284E-16
6.189472E+03	1.924055E-14	1.913532E-16
6.193976E+03	2.013704E-14	2.007762E-16
6.198482E+03	2.103536E-14	2.102740E-16
6.202986E+03	2.191454E-14	2.196372E-16
6.207490E+03	2.275359E-14	2.286550E-16
6.211996E+03	2.354102E-14	2.372093E-16
6.216500E+03	2.427474E-14	2.452757E-16
6.221005E+03	2.495164E-14	2.528192E-16
6.225510E+03	2.555709E-14	2.596871E-16
6.230015E+03	2.608587E-14	2.658204E-16
6.234519E+03	2.654326E-14	2.712671E-16
6.239024E+03	2.692826E-14	2.760109E-16
6.243529E+03	2.724511E-14	2.800893E-16
6.248033E+03	2.750534E-14	2.836149E-16
6.252538E+03	2.771320E-14	2.866265E-16
6.257042E+03	2.788441E-14	2.892824E-16
6.261548E+03	2.803158E-14	2.917103E-16
6.266052E+03	2.816519E-14	2.940168E-16
6.270557E+03	2.829675E-14	2.963214E-16
6.275062E+03	2.842839E-14	2.986462E-16
6.279566E+03	2.854961E-14	3.008800E-16
6.284071E+03	2.865834E-14	3.029999E-16
6.288575E+03	2.875352E-14	3.049934E-16
6.293081E+03	2.883727E-14	3.068815E-16
6.297585E+03	2.891062E-14	3.086736E-16
6.302090E+03	2.897673E-14	3.104022E-16
6.306594E+03	2.903559E-14	3.120665E-16
6.311099E+03	2.908408E-14	3.136317E-16
6.315604E+03	2.912114E-14	3.150849E-16
6.320108E+03	2.915201E-14	3.164816E-16
6.324614E+03	2.917460E-14	3.177983E-16
6.329118E+03	2.918473E-14	3.189876E-16
6.333623E+03	2.918241E-14	3.200483E-16
6.338127E+03	2.917494E-14	3.210591E-16
6.342632E+03	2.916130E-14	3.220081E-16
6.347137E+03	2.913939E-14	3.228705E-16
6.351641E+03	2.910189E-14	3.235640E-16
6.356146E+03	2.904879E-14	3.240865E-16
6.360651E+03	2.898327E-14	3.244715E-16
6.365156E+03	2.891260E-14	3.247987E-16
6.369660E+03	2.884726E-14	3.251855E-16
6.374165E+03	2.880189E-14	3.257979E-16
6.378670E+03	2.876811E-14	3.265427E-16
6.383174E+03	2.873547E-14	3.273020E-16
6.387680E+03	2.870501E-14	3.280878E-16
6.392184E+03	2.868091E-14	3.289477E-16
6.396689E+03	2.866004E-14	3.298462E-16
6.401193E+03	2.863090E-14	3.306508E-16
6.405698E+03	2.859977E-14	3.314331E-16
6.410203E+03	2.856558E-14	3.321799E-16
6.414707E+03	2.853358E-14	3.329519E-16
6.419212E+03	2.850062E-14	3.337123E-16
6.423717E+03	2.845730E-14	3.343507E-16
6.428222E+03	2.840361E-14	3.348649E-16
6.432726E+03	2.834583E-14	3.353279E-16
6.437232E+03	2.828083E-14	3.357020E-16
6.441736E+03	2.821382E-14	3.360478E-16
6.446240E+03	2.815212E-14	3.364525E-16
6.450745E+03	2.809050E-14	3.368540E-16
6.455250E+03	2.803107E-14	3.372773E-16
6.459755E+03	2.797380E-14	3.377220E-16
6.464259E+03	2.791557E-14	3.381504E-16
6.468764E+03	2.785950E-14	3.386003E-16
6.473269E+03	2.780561E-14	3.390720E-16
6.477773E+03	2.775494E-14	3.395779E-16
6.482278E+03	2.771062E-14	3.401569E-16
6.486783E+03	2.766846E-14	3.407583E-16
6.491288E+03	2.762639E-14	3.413559E-16
6.495792E+03	2.758021E-14	3.418979E-16
6.500297E+03	2.752992E-14	3.423836E-16
6.504802E+03	2.747867E-14	3.428518E-16
6.509306E+03	2.741913E-14	3.432099E-16
6.513811E+03	2.735025E-14	3.434441E-16
6.518315E+03	2.727622E-14	3.436055E-16
6.522821E+03	2.718971E-14	3.436013E-16
6.527325E+03	2.708446E-14	3.433498E-16
6.531830E+03	2.696358E-14	3.428886E-16
6.536335E+03	2.682709E-14	3.422159E-16
6.540839E+03	2.667601E-14	3.413426E-16
6.545344E+03	2.650617E-14	3.402134E-16
6.549849E+03	2.631651E-14	3.388127E-16
6.554354E+03	2.611120E-14	3.371915E-16
6.558858E+03	2.589862E-14	3.354565E-16
6.563363E+03	2.567562E-14	3.335660E-16
6.567868E+03	2.544847E-14	3.316005E-16
6.572372E+03	2.521822E-14	3.295730E-16
6.576877E+03	2.498172E-14	3.274418E-16
6.581381E+03	2.474211E-14	3.252476E-16
6.585887E+03	2.450044E-14	3.230041E-16
6.590391E+03	2.426088E-14	3.207657E-16
6.594896E+03	2.402238E-14	3.185189E-16
6.599401E+03	2.378809E-14	3.163061E-16
6.603906E+03	2.356325E-14	3.141969E-16
6.608410E+03	2.334365E-14	3.121367E-16
6.612914E+03	2.312826E-14	3.101120E-16
6.617420E+03	2.291813E-14	3.081376E-16
6.621924E+03	2.270591E-14	3.061147E-16
6.626429E+03	2.249370E-14	3.040718E-16
6.630933E+03	2.228465E-14	3.020514E-16
6.635439E+03	2.207561E-14	3.000114E-16
6.639943E+03	2.187285E-14	2.980370E-16
6.644447E+03	2.167430E-14	2.961006E-16
6.648953E+03	2.147786E-14	2.941742E-16
6.653457E+03	2.128246E-14	2.922430E-16
6.657962E+03	2.109231E-14	2.903654E-16
6.662467E+03	2.090426E-14	2.884985E-16
6.666972E+03	2.071202E-14	2.865554E-16
6.671476E+03	2.052293E-14	2.846376E-16
6.675980E+03	2.034012E-14	2.827891E-16
6.680486E+03	2.016152E-14	2.809817E-16
6.684990E+03	1.998815E-14	2.792301E-16
6.689495E+03	1.981688E-14	2.774910E-16
6.693999E+03	1.964771E-14	2.757647E-16
6.698505E+03	1.948903E-14	2.741698E-16
6.703009E+03	1.934085E-14	2.727071E-16
6.707513E+03	1.920002E-14	2.713333E-16
6.712019E+03	1.906654E-14	2.700493E-16
6.716523E+03	1.894462E-14	2.689154E-16
6.721028E+03	1.883005E-14	2.678729E-16
6.725532E+03	1.872179E-14	2.669078E-16
6.730038E+03	1.862090E-14	2.660358E-16
6.734542E+03	1.853263E-14	2.653326E-16
6.739046E+03	1.845594E-14	2.647846E-16
6.743551E+03	1.838977E-14	2.643777E-16
6.748056E+03	1.832678E-14	2.640070E-16
6.752561E+03	1.827327E-14	2.637637E-16
6.757065E+03	1.822399E-14	2.635727E-16
6.761571E+03	1.817789E-14	2.634193E-16
6.766075E+03	1.813707E-14	2.633340E-16
6.770579E+03	1.810576E-14	2.633787E-16
6.775084E+03	1.806920E-14	2.633395E-16
6.779589E+03	1.801794E-14	2.630775E-16
6.784094E+03	1.795932E-14	2.626992E-16
6.788598E+03	1.789967E-14	2.622965E-16
6.793103E+03	1.783265E-14	2.617766E-16
6.797608E+03	1.776671E-14	2.612630E-16
6.802113E+03	1.770182E-14	2.607555E-16
6.806617E+03	1.763062E-14	2.601454E-16
6.811122E+03	1.755522E-14	2.594635E-16
6.815627E+03	1.747665E-14	2.587250E-16
6.820131E+03	1.739704E-14	2.579609E-16
6.824637E+03	1.732059E-14	2.572341E-16
6.829141E+03	1.724626E-14	2.565288E-16
6.833646E+03	1.717932E-14	2.559240E-16
6.838150E+03	1.711661E-14	2.553731E-16
6.842655E+03	1.705707E-14	2.548606E-16
6.847160E+03	1.700177E-14	2.544026E-16
6.851664E+03	1.694541E-14	2.539202E-16
6.856169E+03	1.689224E-14	2.534770E-16
6.860674E+03	1.683168E-14	2.529142E-16
6.865179E+03	1.675949E-14	2.521678E-16
6.869683E+03	1.668308E-14	2.513484E-16
6.874188E+03	1.660560E-14	2.505038E-16
6.878693E+03	1.652283E-14	2.495698E-16
6.883197E+03	1.643899E-14	2.486104E-16
6.887702E+03	1.635832E-14	2.476894E-16
6.892207E+03	1.627977E-14	2.467914E-16
6.896712E+03	1.620014E-14	2.458681E-16
6.901216E+03	1.612368E-14	2.449837E-16
6.905720E+03	1.604934E-14	2.441228E-16
6.910226E+03	1.597499E-14	2.432530E-16
6.914730E+03	1.590487E-14	2.424390E-16
6.919235E+03	1.583156E-14	2.415679E-16
6.923740E+03	1.575930E-14	2.407045E-16
6.928245E+03	1.569022E-14	2.398811E-16
6.932749E+03	1.562325E-14	2.390818E-16
6.937253E+03	1.555628E-14	2.382743E-16
6.941759E+03	1.548930E-14	2.374587E-16
6.946263E+03	1.542125E-14	2.366186E-16
6.950768E+03	1.535850E-14	2.358520E-16
6.955272E+03	1.530212E-14	2.351754E-16
6.959778E+03	1.525318E-14	2.346057E-16
6.964282E+03	1.520742E-14	2.340778E-16
6.968787E+03	1.516061E-14	2.335263E-16
6.973292E+03	1.510634E-14	2.328528E-16
6.977796E+03	1.505208E-14	2.321719E-16
6.982301E+03	1.500738E-14	2.316315E-16
6.986806E+03	1.497014E-14	2.311993E-16
6.991311E+03	1.493184E-14	2.307437E-16
6.995815E+03	1.489354E-14	2.302815E-16
7.000320E+03	1.485418E-14	2.297959E-16
7.004825E+03	1.480950E-14	2.292212E-16
7.009329E+03	1.476267E-14	2.286066E-16
7.013834E+03	1.471371E-14	2.279520E-16
7.018338E+03	1.466261E-14	2.272576E-16
7.022844E+03	1.461364E-14	2.265895E-16
7.027348E+03	1.457214E-14	2.260305E-16
7.031853E+03	1.454024E-14	2.256140E-16
7.036358E+03	1.451048E-14	2.252243E-16
7.040862E+03	1.448287E-14	2.248616E-16
7.045367E+03	1.445846E-14	2.245424E-16
7.049871E+03	1.443514E-14	2.242338E-16
7.054377E+03	1.440968E-14	2.238859E-16
7.058881E+03	1.437995E-14	2.234653E-16
7.063386E+03	1.434059E-14	2.228890E-16
7.067890E+03	1.430444E-14	2.223564E-16
7.072395E+03	1.428007E-14	2.220007E-16
7.076900E+03	1.425999E-14	2.217056E-16
7.081404E+03	1.423777E-14	2.213715E-16
7.085910E+03	1.421770E-14	2.210646E-16
7.090414E+03	1.419336E-14	2.206854E-16
7.094919E+03	1.415936E-14	2.201501E-16
7.099423E+03	1.412643E-14	2.196256E-16
7.103928E+03	1.408707E-14	2.189952E-16
7.108433E+03	1.403803E-14	2.182087E-16
7.112937E+03	1.397395E-14	2.171826E-16
7.117442E+03	1.388836E-14	2.158169E-16
7.121947E+03	1.379628E-14	2.143449E-16
7.126452E+03	1.370094E-14	2.128171E-16
7.130956E+03	1.360555E-14	2.112836E-16
7.135461E+03	1.352087E-14	2.099114E-16
7.139966E+03	1.344261E-14	2.086340E-16
7.144470E+03	1.337077E-14	2.074515E-16
7.148976E+03	1.330967E-14	2.064306E-16
7.153480E+03	1.325716E-14	2.055382E-16
7.157985E+03	1.320463E-14	2.046407E-16
7.162489E+03	1.315316E-14	2.037547E-16
7.166995E+03	1.310383E-14	2.028971E-16
7.171499E+03	1.306203E-14	2.021516E-16
7.176003E+03	1.303100E-14	2.015679E-16
7.180508E+03	1.300754E-14	2.010963E-16
7.185013E+03	1.298514E-14	2.006363E-16
7.189518E+03	1.296491E-14	2.002049E-16
7.194022E+03	1.294684E-14	1.998019E-16
7.198528E+03	1.293203E-14	1.994442E-16
7.203032E+03	1.292477E-14	1.991982E-16
7.207536E+03	1.292186E-14	1.990140E-16
7.212041E+03	1.291896E-14	1.988248E-16
7.216546E+03	1.291716E-14	1.986474E-16
7.221051E+03	1.291104E-14	1.983985E-16
7.225555E+03	1.289734E-14	1.980284E-16
7.230060E+03	1.287498E-14	1.975206E-16
7.234565E+03	1.284178E-14	1.968421E-16
7.239069E+03	1.279555E-14	1.959599E-16
7.243574E+03	1.273845E-14	1.949077E-16
7.248079E+03	1.267047E-14	1.936858E-16
7.252584E+03	1.259160E-14	1.922946E-16
7.257088E+03	1.250290E-14	1.907510E-16
7.261594E+03	1.241089E-14	1.891548E-16
7.266098E+03	1.232970E-14	1.877215E-16
7.270602E+03	1.225498E-14	1.863846E-16
7.275107E+03	1.217695E-14	1.849952E-16
7.279612E+03	1.210105E-14	1.836362E-16
7.284117E+03	1.203708E-14	1.824561E-16
7.288621E+03	1.197743E-14	1.813392E-16
7.293126E+03	1.192755E-14	1.803678E-16
7.297631E+03	1.188419E-14	1.794922E-16
7.302135E+03	1.183644E-14	1.785477E-16
7.306640E+03	1.177558E-14	1.774033E-16
7.311145E+03	1.169612E-14	1.759772E-16
7.315650E+03	1.160025E-14	1.743035E-16
7.320154E+03	1.149776E-14	1.725302E-16
7.324659E+03	1.139739E-14	1.707887E-16
7.329164E+03	1.129695E-14	1.690464E-16
7.333669E+03	1.119643E-14	1.673035E-16
7.338173E+03	1.109257E-14	1.655110E-16
7.342677E+03	1.098754E-14	1.637020E-16
7.347183E+03	1.088529E-14	1.619351E-16
7.351687E+03	1.078306E-14	1.601697E-16
7.356192E+03	1.067815E-14	1.583655E-16
7.360697E+03	1.057458E-14	1.565826E-16
7.365202E+03	1.047159E-14	1.548098E-16
7.369706E+03	1.037259E-14	1.530974E-16
7.374210E+03	1.028054E-14	1.514889E-16
7.378716E+03	1.019039E-14	1.499098E-16
7.383220E+03	1.010458E-14	1.483955E-16
7.387725E+03	1.002606E-14	1.469896E-16
7.392229E+03	9.946944E-15	1.455758E-16
7.396735E+03	9.867657E-15	1.441606E-16
7.401239E+03	9.792491E-15	1.428068E-16
7.405743E+03	9.717819E-15	1.414614E-16
7.410249E+03	9.647171E-15	1.401755E-16
7.414753E+03	9.580650E-15	1.389507E-16
7.419258E+03	9.506151E-15	1.376114E-16
7.423763E+03	9.421901E-15	1.361327E-16
7.428268E+03	9.332183E-15	1.345773E-16
7.432772E+03	9.238431E-15	1.329665E-16
7.437276E+03	9.145042E-15	1.313638E-16
7.441782E+03	9.056667E-15	1.298360E-16
7.446286E+03	8.970428E-15	1.283417E-16
7.450791E+03	8.883239E-15	1.268366E-16
7.455295E+03	8.796759E-15	1.253447E-16
7.459801E+03	8.711648E-15	1.238753E-16
7.464305E+03	8.629453E-15	1.224504E-16
7.468809E+03	8.552072E-15	1.210967E-16
7.473315E+03	8.479613E-15	1.198153E-16
7.477819E+03	8.413075E-15	1.186202E-16
7.482324E+03	8.354910E-15	1.175452E-16
7.486828E+03	8.302909E-15	1.165588E-16
7.491334E+03	8.257080E-15	1.156604E-16
7.495838E+03	8.223860E-15	1.149397E-16
7.500343E+03	8.200502E-15	1.143572E-16
7.504847E+03	8.178236E-15	1.137900E-16
7.509352E+03	8.155959E-15	1.132228E-16
7.513857E+03	8.134106E-15	1.126617E-16
7.518361E+03	8.109686E-15	1.120653E-16
7.522867E+03	8.084694E-15	1.114615E-16
7.527371E+03	8.056234E-15	1.108106E-16
7.531876E+03	8.023291E-15	1.100990E-16
7.536380E+03	7.993115E-15	1.094266E-16
7.540885E+03	7.970494E-15	1.088585E-16
7.545390E+03	7.952654E-15	1.083563E-16
7.549894E+03	7.939150E-15	1.079135E-16
7.554399E+03	7.930323E-15	1.075344E-16
7.558904E+03	7.925846E-15	1.072142E-16
7.563409E+03	7.926838E-15	1.069676E-16
7.567913E+03	7.934425E-15	1.068093E-16
7.572418E+03	7.951859E-15	1.067825E-16
7.576923E+03	7.982175E-15	1.069268E-16
7.581427E+03	8.023258E-15	1.072129E-16
7.585933E+03	8.067290E-15	1.075354E-16
7.590437E+03	8.107447E-15	1.078036E-16
7.594942E+03	8.143717E-15	1.080176E-16
7.599446E+03	8.180136E-15	1.082314E-16
7.603951E+03	8.217594E-15	1.084567E-16
7.608456E+03	8.257561E-15	1.087130E-16
7.612960E+03	8.296669E-15	1.089558E-16
7.617465E+03	8.326943E-15	1.090809E-16
7.621970E+03	8.345458E-15	1.090509E-16
7.626475E+03	8.355892E-15	1.089152E-16
7.630979E+03	8.362074E-15	1.087243E-16
7.635484E+03	8.367698E-15	1.085266E-16
7.639989E+03	8.372429E-15	1.083182E-16
7.644493E+03	8.373119E-15	1.080584E-16
7.648998E+03	8.368850E-15	1.077360E-16
7.653503E+03	8.359736E-15	1.073529E-16
7.658008E+03	8.348028E-15	1.069387E-16
7.662512E+03	8.337209E-15	1.065381E-16
7.667016E+03	8.330560E-15	1.061931E-16
7.671522E+03	8.331354E-15	1.059449E-16
7.676026E+03	8.339148E-15	1.057874E-16
7.680531E+03	8.355879E-15	1.057445E-16
7.685036E+03	8.380428E-15	1.058015E-16
7.689541E+03	8.414718E-15	1.059819E-16
7.694045E+03	8.465449E-15	1.063694E-16
7.698550E+03	8.525952E-15	1.068788E-16
7.703055E+03	8.589575E-15	1.074264E-16
7.707559E+03	8.661189E-15	1.080730E-16
7.712064E+03	8.737963E-15	1.087827E-16
7.716568E+03	8.809817E-15	1.094301E-16
7.721074E+03	8.877546E-15	1.100257E-16
7.725578E+03	8.941358E-15	1.105727E-16
7.730083E+03	9.002849E-15	1.110912E-16
7.734588E+03	9.067581E-15	1.116502E-16
7.739092E+03	9.136001E-15	1.122552E-16
7.743597E+03	9.204714E-15	1.128646E-16
7.748102E+03	9.274856E-15	1.134922E-16
7.752607E+03	9.343702E-15	1.141052E-16
7.757111E+03	9.404064E-15	1.146163E-16
7.761616E+03	9.460271E-15	1.150790E-16
7.766121E+03	9.519269E-15	1.155780E-16
7.770625E+03	9.582301E-15	1.161287E-16
7.775130E+03	9.651443E-15	1.167561E-16
7.779634E+03	9.723730E-15	1.174244E-16
7.784140E+03	9.795739E-15	1.180922E-16
7.788644E+03	9.871008E-15	1.188027E-16
7.793149E+03	9.949088E-15	1.195505E-16
7.797654E+03	1.003021E-14	1.203385E-16
7.802158E+03	1.011656E-14	1.211931E-16
7.806663E+03	1.020619E-14	1.220911E-16
7.811167E+03	1.029498E-14	1.229836E-16
7.815673E+03	1.037916E-14	1.238259E-16
7.820177E+03	1.045792E-14	1.246090E-16
7.824682E+03	1.053136E-14	1.253347E-16
7.829186E+03	1.059970E-14	1.260063E-16
7.833691E+03	1.066479E-14	1.266462E-16
7.838196E+03	1.072534E-14	1.272397E-16
7.842700E+03	1.077917E-14	1.277614E-16
7.847206E+03	1.082420E-14	1.281872E-16
7.851710E+03	1.085951E-14	1.285068E-16
7.856215E+03	1.088794E-14	1.287546E-16
7.860720E+03	1.091387E-14	1.289824E-16
7.865225E+03	1.093832E-14	1.292029E-16
7.869729E+03	1.096315E-14	1.294381E-16
7.874233E+03	1.098338E-14	1.296297E-16
7.878739E+03	1.099499E-14	1.297305E-16
7.883243E+03	1.099646E-14	1.297229E-16
7.887748E+03	1.098606E-14	1.295866E-16
7.892252E+03	1.096675E-14	1.293569E-16
7.896758E+03	1.094165E-14	1.290708E-16
7.901262E+03	1.091282E-14	1.287526E-16
7.905766E+03	1.088628E-14	1.284733E-16
7.910272E+03	1.085810E-14	1.281867E-16
7.914776E+03	1.082063E-14	1.278026E-16
7.919281E+03	1.077642E-14	1.273507E-16
7.923785E+03	1.072788E-14	1.268597E-16
7.928291E+03	1.067512E-14	1.263308E-16
7.932795E+03	1.061848E-14	1.257678E-16
7.937299E+03	1.056493E-14	1.252530E-16
7.941804E+03	1.051711E-14	1.248180E-16
7.946309E+03	1.046763E-14	1.243751E-16
7.950814E+03	1.041370E-14	1.238909E-16
7.955318E+03	1.035227E-14	1.233289E-16
7.959824E+03	1.028451E-14	1.227027E-16
7.964328E+03	1.021250E-14	1.220364E-16
7.968832E+03	1.013751E-14	1.213450E-16
7.973337E+03	1.006361E-14	1.206768E-16
7.977842E+03	9.991393E-15	1.200386E-16
7.982347E+03	9.922133E-15	1.194456E-16
7.986851E+03	9.856418E-15	1.189046E-16
7.991356E+03	9.796703E-15	1.184453E-16
7.995861E+03	9.741478E-15	1.180497E-16
8.000365E+03	9.689236E-15	1.176993E-16
8.004870E+03	9.636473E-15	1.173516E-16
8.009375E+03	9.586691E-15	1.170491E-16
8.013880E+03	9.541891E-15	1.168160E-16
8.018384E+03	9.502777E-15	1.166614E-16
8.022890E+03	9.468178E-15	1.165712E-16
8.027394E+03	9.434136E-15	1.164967E-16
8.031898E+03	9.401458E-15	1.164477E-16
8.036403E+03	9.367930E-15	1.163968E-16
8.040908E+03	9.331436E-15	1.163172E-16
8.045413E+03	9.294203E-15	1.162360E-16
8.049917E+03	9.255295E-15	1.161413E-16
8.054422E+03	9.217042E-15	1.160619E-16
8.058927E+03	9.179109E-15	1.159936E-16
8.063432E+03	9.138552E-15	1.158986E-16
8.067936E+03	9.092203E-15	1.157361E-16
8.072441E+03	9.034517E-15	1.154341E-16
8.076946E+03	8.963723E-15	1.149680E-16
8.081450E+03	8.879565E-15	1.143322E-16
8.085955E+03	8.782970E-15	1.135363E-16
8.090460E+03	8.676151E-15	1.126069E-16
8.094965E+03	8.559921E-15	1.115522E-16
8.099469E+03	8.436284E-15	1.103967E-16
8.103973E+03	8.305562E-15	1.091428E-16
8.108479E+03	8.161749E-15	1.077098E-16
8.112983E+03	8.006348E-15	1.061147E-16
8.117488E+03	7.841591E-15	1.043847E-16
8.121993E+03	7.669241E-15	1.025413E-16
8.126498E+03	7.495197E-15	1.006616E-16
8.131002E+03	7.323000E-15	9.879267E-17
8.135506E+03	7.156792E-15	9.699032E-17
8.140012E+03	6.991143E-15	9.518132E-17
8.144516E+03	6.820721E-15	9.329213E-17
8.149021E+03	6.648720E-15	9.136530E-17
8.153525E+03	6.476917E-15	8.942454E-17
8.158031E+03	6.306853E-15	8.749083E-17
8.162535E+03	6.143511E-15	8.563332E-17
8.167039E+03	5.990936E-15	8.390960E-17
8.171545E+03	5.850093E-15	8.233508E-17
8.176049E+03	5.720760E-15	8.090844E-17
8.180554E+03	5.602835E-15	7.963031E-17
8.185059E+03	5.493716E-15	7.846568E-17
8.189564E+03	5.397699E-15	7.747757E-17
8.194068E+03	5.310278E-15	7.660358E-17
8.198572E+03	5.228133E-15	7.579719E-17
8.203078E+03	5.156273E-15	7.513236E-17
8.207582E+03	5.096618E-15	7.463910E-17
8.212087E+03	5.047039E-15	7.428866E-17
8.216591E+03	5.007668E-15	7.408510E-17
8.221097E+03	4.978759E-15	7.403443E-17
8.225601E+03	4.958773E-15	7.411575E-17
8.230106E+03	4.951662E-15	7.439046E-17
8.234611E+03	4.957804E-15	7.486726E-17
8.239115E+03	4.974944E-15	7.551477E-17
8.243620E+03	5.004172E-15	7.635228E-17
8.248124E+03	5.041558E-15	7.732235E-17
8.252630E+03	5.085197E-15	7.839765E-17
8.257134E+03	5.136175E-15	7.959635E-17
8.261639E+03	5.193783E-15	8.090927E-17
8.266143E+03	5.251558E-15	8.223688E-17
8.270648E+03	5.307941E-15	8.355480E-17
8.275153E+03	5.364851E-15	8.489286E-17
8.279657E+03	5.421327E-15	8.623607E-17
8.284163E+03	5.476648E-15	8.757291E-17
8.288667E+03	5.530333E-15	8.889517E-17
8.293172E+03	5.583340E-15	9.021805E-17
8.297676E+03	5.635427E-15	9.153747E-17
8.302181E+03	5.683949E-15	9.281012E-17
8.306686E+03	5.726974E-15	9.400318E-17
8.311190E+03	5.766542E-15	9.514900E-17
8.315695E+03	5.802769E-15	9.624861E-17
8.320200E+03	5.836132E-15	9.730921E-17
8.324705E+03	5.868314E-15	9.835802E-17
8.329209E+03	5.903294E-15	9.946185E-17
8.333714E+03	5.946501E-15	1.007135E-16
8.338219E+03	5.981054E-15	1.018276E-16
8.342723E+03	6.017442E-15	1.029813E-16
8.347228E+03	6.066781E-15	1.043664E-16
8.351733E+03	6.133679E-15	1.060662E-16
8.356238E+03	6.218037E-15	1.080834E-16
8.360742E+03	6.320845E-15	1.104402E-16
8.365247E+03	6.443338E-15	1.131635E-16
8.369752E+03	6.584208E-15	1.162352E-16
8.374256E+03	6.746990E-15	1.197235E-16
8.378761E+03	6.933892E-15	1.236736E-16
8.383266E+03	7.142887E-15	1.280562E-16
8.387771E+03	7.375698E-15	1.329082E-16
8.392275E+03	7.627862E-15	1.381557E-16
8.396780E+03	7.890674E-15	1.436459E-16
8.401285E+03	8.156738E-15	1.492461E-16
8.405789E+03	8.419379E-15	1.548350E-16
8.410294E+03	8.678834E-15	1.604160E-16
8.414799E+03	8.931566E-15	1.659228E-16
8.419304E+03	9.180737E-15	1.714125E-16
8.423808E+03	9.433520E-15	1.770188E-16
8.428314E+03	9.685778E-15	1.826652E-16
8.432818E+03	9.928133E-15	1.881734E-16
8.437322E+03	1.015569E-14	1.934477E-16
8.441827E+03	1.036418E-14	1.984022E-16
8.446332E+03	1.055455E-14	2.030501E-16
8.450837E+03	1.072971E-14	2.074418E-16
8.455341E+03	1.089255E-14	2.116297E-16
8.459847E+03	1.104246E-14	2.155986E-16
8.464351E+03	1.118173E-14	2.193893E-16
8.468855E+03	1.131000E-14	2.229916E-16
8.473360E+03	1.142333E-14	2.263245E-16
8.477865E+03	1.152194E-14	2.293884E-16
8.482370E+03	1.160840E-14	2.322297E-16
8.486874E+03	1.169271E-14	2.350464E-16
8.491379E+03	1.178419E-14	2.380259E-16
8.495884E+03	1.188344E-14	2.411829E-16
8.500388E+03	1.198901E-14	2.444894E-16
8.504893E+03	1.209589E-14	2.478449E-16
8.509398E+03	1.220100E-14	2.511865E-16
8.513903E+03	1.230140E-14	2.544526E-16
8.518407E+03	1.239598E-14	2.576188E-16
8.522912E+03	1.248203E-14	2.606270E-16
8.527417E+03	1.256814E-14	2.636547E-16
8.531921E+03	1.265676E-14	2.667535E-16
8.536426E+03	1.273685E-14	2.696902E-16
8.540930E+03	1.282681E-14	2.728542E-16
8.545436E+03	1.292668E-14	2.762490E-16
8.549940E+03	1.301678E-14	2.794546E-16
8.554445E+03	1.309585E-14	2.824413E-16
8.558950E+03	1.316019E-14	2.851259E-16
8.563454E+03	1.321472E-14	2.876103E-16
8.567959E+03	1.326682E-14	2.900534E-16
8.572463E+03	1.332757E-14	2.926979E-16
8.576969E+03	1.340439E-14	2.957103E-16
8.581473E+03	1.349237E-14	2.989857E-16
8.585978E+03	1.357917E-14	3.022530E-16
8.590482E+03	1.364503E-14	3.050703E-16
8.594988E+03	1.369733E-14	3.075974E-16
8.599492E+03	1.374102E-14	3.099409E-16
8.603996E+03	1.378472E-14	3.122941E-16
8.608502E+03	1.383834E-14	3.148826E-16
8.613006E+03	1.390436E-14	3.177657E-16
8.617511E+03	1.398774E-14	3.210610E-16
8.622015E+03	1.408729E-14	3.247460E-16
8.626521E+03	1.418070E-14	3.283095E-16
8.631025E+03	1.426177E-14	3.316049E-16
8.635529E+03	1.432925E-14	3.345996E-16
8.640035E+03	1.438809E-14	3.374058E-16
8.644539E+03	1.445068E-14	3.403121E-16
8.649044E+03	1.451826E-14	3.433494E-16
8.653548E+03	1.458713E-14	3.464308E-16
8.658054E+03	1.465604E-14	3.495276E-16
8.662558E+03	1.472125E-14	3.525494E-16
8.667062E+03	1.477779E-14	3.553762E-16
8.671567E+03	1.481198E-14	3.576743E-16
8.676072E+03	1.482627E-14	3.594976E-16
8.680577E+03	1.483184E-14	3.611110E-16
8.685081E+03	1.483741E-14	3.627253E-16
8.689587E+03	1.484545E-14	3.644020E-16
8.694091E+03	1.485597E-14	3.661411E-16
8.698595E+03	1.486400E-14	3.678205E-16
8.703101E+03	1.486452E-14	3.693154E-16
8.707605E+03	1.485381E-14	3.705297E-16
8.712110E+03	1.482686E-14	3.713349E-16
8.716614E+03	1.478489E-14	3.717569E-16
8.721120E+03	1.473288E-14	3.719174E-16
8.725624E+03	1.468332E-14	3.721288E-16
8.730128E+03	1.464245E-14	3.725515E-16
8.734633E+03	1.461029E-14	3.731880E-16
8.739138E+03	1.458308E-14	3.739453E-16
8.743643E+03	1.455335E-14	3.746313E-16
8.748147E+03	1.451481E-14	3.750837E-16
8.752653E+03	1.446622E-14	3.752674E-16
8.757157E+03	1.441632E-14	3.754066E-16
8.761661E+03	1.438015E-14	3.758945E-16
8.766166E+03	1.436148E-14	3.768340E-16
8.770671E+03	1.435407E-14	3.780659E-16
8.775176E+03	1.435292E-14	3.794610E-16
8.779680E+03	1.434295E-14	3.806215E-16
8.784186E+03	1.430662E-14	3.810775E-16
8.788690E+03	1.425140E-14	3.810204E-16
8.793195E+03	1.418734E-14	3.807146E-16
8.797699E+03	1.412196E-14	3.803598E-16
8.802204E+03	1.406406E-14	3.801940E-16
8.806709E+03	1.401365E-14	3.802188E-16
8.811213E+03	1.396696E-14	3.803344E-16
8.815718E+03	1.391897E-14	3.804044E-16
8.820223E+03	1.386211E-14	3.802213E-16
8.824728E+03	1.378883E-14	3.795740E-16
8.829232E+03	1.369660E-14	3.783877E-16
8.833737E+03	1.359295E-14	3.768662E-16
8.838242E+03	1.348920E-14	3.753206E-16
8.842746E+03	1.339420E-14	3.739978E-16
8.847251E+03	1.330417E-14	3.727948E-16
8.851756E+03	1.321910E-14	3.717130E-16
8.856261E+03	1.313522E-14	3.706471E-16
8.860765E+03	1.304622E-14	3.694187E-16
8.865269E+03	1.294704E-14	3.678827E-16
8.869775E+03	1.283137E-14	3.658562E-16
8.874279E+03	1.270548E-14	3.635139E-16
8.878784E+03	1.258494E-14	3.612992E-16
8.883289E+03	1.246910E-14	3.591960E-16
8.887794E+03	1.236481E-14	3.574027E-16
8.892298E+03	1.226790E-14	3.558021E-16
8.896802E+03	1.216712E-14	3.540689E-16
8.901308E+03	1.206170E-14	3.521798E-16
8.905812E+03	1.194986E-14	3.500812E-16
8.910317E+03	1.182703E-14	3.476367E-16
8.914821E+03	1.170083E-14	3.450677E-16
8.919327E+03	1.157972E-14	3.426242E-16
8.923831E+03	1.146486E-14	3.403415E-16
8.928335E+03	1.135969E-14	3.383239E-16
8.932841E+03	1.125265E-14	3.362295E-16
8.937345E+03	1.113754E-14	3.338712E-16
8.941850E+03	1.102512E-14	3.315706E-16
8.946354E+03	1.091390E-14	3.292835E-16
8.950860E+03	1.080539E-14	3.270560E-16
8.955364E+03	1.071282E-14	3.252902E-16
8.959869E+03	1.064243E-14	3.241813E-16
8.964374E+03	1.058889E-14	3.235731E-16
8.968878E+03	1.054421E-14	3.232251E-16
8.973383E+03	1.050968E-14	3.231794E-16
8.977887E+03	1.047893E-14	3.232427E-16
8.982393E+03	1.045209E-14	3.234206E-16
8.986897E+03	1.043733E-14	3.239668E-16
8.991402E+03	1.042994E-14	3.247387E-16
8.995907E+03	1.043451E-14	3.258822E-16
9.000411E+03	1.044864E-14	3.273245E-16
9.004916E+03	1.046084E-14	3.287079E-16
9.009420E+03	1.046692E-14	3.299000E-16
9.013926E+03	1.046112E-14	3.307164E-16
9.018430E+03	1.043590E-14	3.309151E-16
9.022935E+03	1.039520E-14	3.306155E-16
9.027440E+03	1.034106E-14	3.298784E-16
9.031944E+03	1.027894E-14	3.288747E-16
9.036449E+03	1.020987E-14	3.276350E-16
9.040953E+03	1.013820E-14	3.262972E-16
9.045459E+03	1.006340E-14	3.248443E-16
9.049963E+03	9.981896E-15	3.231588E-16
9.054468E+03	9.892014E-15	3.211848E-16
9.058973E+03	9.789013E-15	3.187657E-16
9.063477E+03	9.671336E-15	3.158467E-16
9.067982E+03	9.544117E-15	3.125919E-16
9.072486E+03	9.417448E-15	3.093302E-16
9.076992E+03	9.298637E-15	3.063026E-16
9.081496E+03	9.188059E-15	3.035235E-16
9.086001E+03	9.086494E-15	3.010213E-16
9.090505E+03	8.991277E-15	2.987098E-16
9.095010E+03	8.898963E-15	2.964764E-16
9.099515E+03	8.813252E-15	2.944452E-16
9.104019E+03	8.731988E-15	2.925460E-16
9.108525E+03	8.656055E-15	2.908099E-16
9.113029E+03	8.597936E-15	2.896586E-16
9.117534E+03	8.556604E-15	2.890627E-16
9.122038E+03	8.526049E-15	2.888231E-16
9.126543E+03	8.511536E-15	2.891220E-16
9.131048E+03	8.502152E-15	2.895917E-16
9.135552E+03	8.496109E-15	2.901729E-16
9.140057E+03	8.496103E-15	2.909587E-16
9.144562E+03	8.496477E-15	2.917567E-16
9.149067E+03	8.494524E-15	2.924735E-16
9.153571E+03	8.490898E-15	2.931313E-16
9.158077E+03	8.491387E-15	2.939300E-16
9.162581E+03	8.494702E-15	2.948256E-16
9.167085E+03	8.494920E-15	2.956131E-16
9.171590E+03	8.493978E-15	2.963592E-16
9.176095E+03	8.493795E-15	2.971308E-16
9.180600E+03	8.496068E-15	2.979873E-16
9.185104E+03	8.501682E-15	2.989607E-16
9.189609E+03	8.506787E-15	2.999162E-16
9.194114E+03	8.510206E-15	3.008121E-16
9.198618E+03	8.506914E-15	3.014697E-16
9.203123E+03	8.489005E-15	3.016062E-16
9.207628E+03	8.456616E-15	3.012229E-16
9.212133E+03	8.410114E-15	3.003285E-16
9.216637E+03	8.351551E-15	2.989929E-16
9.221142E+03	8.289074E-15	2.975052E-16
9.225647E+03	8.223319E-15	2.958874E-16
9.230151E+03	8.149371E-15	2.939611E-16
9.234656E+03	8.058554E-15	2.914103E-16
9.239161E+03	7.957326E-15	2.884650E-16
9.243666E+03	7.843339E-15	2.850367E-16
9.248170E+03	7.712835E-15	2.809852E-16
9.252675E+03	7.577980E-15	2.767505E-16
9.257180E+03	7.410377E-15	2.712920E-16
9.261684E+03	7.232439E-15	2.654232E-16
9.266189E+03	7.061791E-15	2.597899E-16
9.270693E+03	6.892084E-15	2.541600E-16
9.275199E+03	6.726823E-15	2.486635E-16
9.279703E+03	6.566141E-15	2.433064E-16
9.284208E+03	6.407965E-15	2.380130E-16
9.288713E+03	6.248919E-15	2.326586E-16
9.293217E+03	6.091213E-15	2.273251E-16
9.297722E+03	5.943035E-15	2.223193E-16
9.302227E+03	5.807381E-15	2.177564E-16
9.306732E+03	5.689851E-15	2.138500E-16
9.311236E+03	5.598523E-15	2.109092E-16
9.315741E+03	5.526914E-15	2.086963E-16
9.320246E+03	5.474001E-15	2.071778E-16
9.324751E+03	5.447084E-15	2.066354E-16
9.329255E+03	5.446707E-15	2.070967E-16
9.333759E+03	5.465598E-15	2.082915E-16
9.338265E+03	5.499084E-15	2.100465E-16
9.342769E+03	5.545221E-15	2.122908E-16
9.347274E+03	5.591249E-15	2.145382E-16
9.351779E+03	5.634562E-15	2.166886E-16
9.356284E+03	5.684674E-15	2.191076E-16
9.360788E+03	5.736112E-15	2.215858E-16
9.365292E+03	5.782226E-15	2.238660E-16
9.369798E+03	5.822879E-15	2.259417E-16
9.374302E+03	5.852457E-15	2.275927E-16
9.378807E+03	5.868077E-15	2.287040E-16
9.383312E+03	5.869860E-15	2.292769E-16
9.387817E+03	5.857401E-15	2.292917E-16
9.392321E+03	5.830561E-15	2.287394E-16
9.396825E+03	5.783578E-15	2.273898E-16
9.401331E+03	5.717873E-15	2.252938E-16
9.405835E+03	5.644547E-15	2.228849E-16
9.410340E+03	5.567257E-15	2.203058E-16
9.414844E+03	5.498427E-15	2.180485E-16
9.419350E+03	5.442776E-15	2.163025E-16
9.423854E+03	5.398219E-15	2.149881E-16
9.428358E+03	5.364503E-15	2.140981E-16
9.432864E+03	5.337970E-15	2.134891E-16
9.437368E+03	5.320328E-15	2.132312E-16
9.441873E+03	5.313418E-15	2.134006E-16
9.446377E+03	5.318034E-15	2.140320E-16
9.450883E+03	5.333399E-15	2.150970E-16
9.455387E+03	5.341687E-15	2.158779E-16
9.459891E+03	5.376471E-15	2.177323E-16
9.464396E+03	5.428061E-15	2.202739E-16
9.468901E+03	5.479149E-15	2.228030E-16
9.473406E+03	5.533803E-15	2.254851E-16
9.477910E+03	5.578240E-15	2.277583E-16
9.482416E+03	5.610879E-15	2.295555E-16
9.486920E+03	5.635780E-15	2.310401E-16
9.491425E+03	5.657406E-15	2.323935E-16
9.495929E+03	5.677988E-15	2.337067E-16
9.500434E+03	5.689638E-15	2.346543E-16
9.504939E+03	5.691167E-15	2.351846E-16
9.509443E+03	5.687170E-15	2.354856E-16
9.513948E+03	5.669487E-15	2.352173E-16
9.518453E+03	5.640082E-15	2.344583E-16
9.522958E+03	5.606447E-15	2.335173E-16
9.527462E+03	5.567396E-15	2.323441E-16
9.531967E+03	5.520687E-15	2.308437E-16
9.536472E+03	5.475399E-15	2.293943E-16
9.540976E+03	5.434961E-15	2.281405E-16
9.545481E+03	5.398454E-15	2.270447E-16
9.549986E+03	5.372998E-15	2.264079E-16
9.554491E+03	5.365192E-15	2.265114E-16
9.558995E+03	5.370697E-15	2.271760E-16
9.563500E+03	5.387017E-15	2.282992E-16
9.568005E+03	5.410335E-15	2.297213E-16
9.572509E+03	5.435376E-15	2.312196E-16
9.577014E+03	5.464518E-15	2.328960E-16
9.581519E+03	5.500667E-15	2.348757E-16
9.586024E+03	5.541849E-15	2.370755E-16
9.590528E+03	5.582387E-15	2.392535E-16
9.595033E+03	5.616335E-15	2.411543E-16
9.599538E+03	5.642103E-15	2.427078E-16
9.604042E+03	5.666691E-15	2.442137E-16
9.608547E+03	5.691154E-15	2.457173E-16
9.613052E+03	5.719197E-15	2.473790E-16
9.617557E+03	5.743149E-15	2.488669E-16
9.622061E+03	5.760362E-15	2.500652E-16
9.626566E+03	5.770831E-15	2.509722E-16
9.631071E+03	5.771241E-15	2.514418E-16
9.635575E+03	5.762912E-15	2.515292E-16
9.640080E+03	5.754575E-15	2.516142E-16
9.644585E+03	5.742787E-15	2.515460E-16
9.649090E+03	5.726752E-15	2.512887E-16
9.653594E+03	5.707128E-15	2.508704E-16
9.658099E+03	5.686034E-15	2.503836E-16
9.662604E+03	5.659493E-15	2.496523E-16
9.667108E+03	5.625775E-15	2.485991E-16
9.671613E+03	5.581162E-15	2.470576E-16
9.676118E+03	5.524719E-15	2.449840E-16
9.680623E+03	5.467053E-15	2.428465E-16
9.685127E+03	5.409625E-15	2.407100E-16
9.689632E+03	5.352564E-15	2.385804E-16
9.694137E+03	5.297335E-15	2.365232E-16
9.698641E+03	5.241945E-15	2.344496E-16
9.703146E+03	5.188786E-15	2.324667E-16
9.707651E+03	5.138524E-15	2.306051E-16
9.712156E+03	5.083717E-15	2.285308E-16
9.716660E+03	5.030346E-15	2.265122E-16
9.721165E+03	4.976018E-15	2.244416E-16
9.725670E+03	4.918206E-15	2.222048E-16
9.730174E+03	4.865286E-15	2.201800E-16
9.734679E+03	4.815535E-15	2.182902E-16
9.739183E+03	4.766823E-15	2.164394E-16
9.743689E+03	4.725807E-15	2.149308E-16
9.748193E+03	4.692094E-15	2.137480E-16
9.752698E+03	4.665422E-15	2.128808E-16
9.757203E+03	4.648060E-15	2.124346E-16
9.761707E+03	4.634950E-15	2.121797E-16
9.766212E+03	4.620633E-15	2.118670E-16
9.770716E+03	4.607107E-15	2.115877E-16
9.775222E+03	4.598106E-15	2.115141E-16
9.779726E+03	4.595500E-15	2.117330E-16
9.784231E+03	4.593556E-15	2.119816E-16
9.788735E+03	4.593876E-15	2.123338E-16
9.793240E+03	4.597530E-15	2.128399E-16
9.797745E+03	4.599049E-15	2.132468E-16
9.802249E+03	4.608173E-15	2.140065E-16
9.806755E+03	4.617434E-15	2.147734E-16
9.811259E+03	4.623490E-15	2.153916E-16
9.815764E+03	4.627010E-15	2.158917E-16
9.820268E+03	4.624383E-15	2.161044E-16
9.824773E+03	4.618144E-15	2.161471E-16
9.829278E+03	4.607623E-15	2.159875E-16
9.833782E+03	4.596561E-15	2.158004E-16
9.838288E+03	4.587898E-15	2.157239E-16
9.842792E+03	4.580835E-15	2.157208E-16
9.847297E+03	4.579251E-15	2.159745E-16
9.851801E+03	4.577262E-15	2.162082E-16
9.856307E+03	4.578349E-15	2.165866E-16
9.860811E+03	4.582377E-15	2.171038E-16
9.865315E+03	4.584130E-15	2.175130E-16
9.869820E+03	4.583471E-15	2.178072E-16
9.874325E+03	4.583747E-15	2.181453E-16
9.878830E+03	4.585226E-15	2.185400E-16
9.883334E+03	4.584291E-15	2.188191E-16
9.887840E+03	4.583354E-15	2.190975E-16
9.892344E+03	4.585899E-15	2.195417E-16
9.896848E+03	4.592332E-15	2.201720E-16
9.901354E+03	4.604128E-15	2.210602E-16
9.905858E+03	4.622633E-15	2.222719E-16
9.910363E+03	4.640608E-15	2.234601E-16
9.914867E+03	4.660196E-15	2.247280E-16
9.919373E+03	4.687843E-15	2.263872E-16
9.923877E+03	4.722211E-15	2.283745E-16
9.928381E+03	4.756188E-15	2.303471E-16
9.932886E+03	4.786684E-15	2.321549E-16
9.937391E+03	4.809802E-15	2.336080E-16
9.941896E+03	4.837226E-15	2.352730E-16
9.946400E+03	4.863853E-15	2.369023E-16
9.950906E+03	4.885785E-15	2.383057E-16
9.955410E+03	4.906512E-15	2.396526E-16
9.959914E+03	4.918238E-15	2.405613E-16
9.964419E+03	4.932790E-15	2.416094E-16
9.968924E+03	4.958912E-15	2.432263E-16
9.973429E+03	4.985580E-15	2.448730E-16
9.977933E+03	5.010642E-15	2.464435E-16
9.982439E+03	5.036922E-15	2.480769E-16
9.986939E+03	5.067921E-15	2.499455E-16
9.991442E+03	5.101353E-15	2.519380E-16
9.995956E+03	5.130622E-15	2.537292E-16
1.000046E+04	5.161920E-15	2.556234E-16
1.000496E+04	5.192823E-15	2.575015E-16
1.000947E+04	5.226969E-15	2.595440E-16
1.001397E+04	5.261126E-15	2.615910E-16
1.001847E+04	5.286128E-15	2.631860E-16
1.002298E+04	5.308036E-15	2.646295E-16
1.002749E+04	5.329412E-15	2.660493E-16
1.003199E+04	5.349983E-15	2.674302E-16
1.003650E+04	5.369345E-15	2.687527E-16
1.004100E+04	5.396673E-15	2.704762E-16
1.004550E+04	5.426707E-15	2.723384E-16
1.005001E+04	5.456750E-15	2.742043E-16
1.005451E+04	5.487476E-15	2.761078E-16
1.005901E+04	5.510921E-15	2.776478E-16
1.006353E+04	5.529375E-15	2.789391E-16
1.006803E+04	5.551076E-15	2.803954E-16
1.007253E+04	5.571971E-15	2.818129E-16
1.007704E+04	5.590304E-15	2.831027E-16
1.008154E+04	5.607696E-15	2.843464E-16
1.010527E+04	5.702121E-15	2.910665E-16
1.014521E+04	6.035270E-15	3.114659E-16
1.018515E+04	6.382791E-15	3.329249E-16
1.022509E+04	6.732691E-15	3.548256E-16
1.026503E+04	7.074361E-15	3.765972E-16
1.030498E+04	7.401592E-15	3.978832E-16
