#wls	flux	fluxerr
1.581028E+03	1.676622E-04	0.000000E+00
1.620553E+03	1.687035E-04	0.000000E+00
1.660079E+03	1.698069E-04	0.000000E+00
1.699605E+03	1.709726E-04	0.000000E+00
1.739130E+03	1.722006E-04	0.000000E+00
1.778656E+03	1.734910E-04	0.000000E+00
1.818182E+03	1.748753E-04	0.000000E+00
1.857708E+03	1.763541E-04	0.000000E+00
1.897233E+03	1.778956E-04	0.000000E+00
1.936759E+03	1.795637E-04	0.000000E+00
1.976285E+03	1.813268E-04	0.000000E+00
2.015810E+03	1.832172E-04	0.000000E+00
2.055336E+03	1.852353E-04	0.000000E+00
2.094862E+03	1.873814E-04	0.000000E+00
2.134387E+03	1.896882E-04	0.000000E+00
2.173913E+03	1.921561E-04	0.000000E+00
2.213439E+03	1.947855E-04	0.000000E+00
2.252964E+03	1.975768E-04	0.000000E+00
2.292490E+03	2.005956E-04	0.000000E+00
2.332016E+03	2.038097E-04	0.000000E+00
2.371542E+03	2.072523E-04	0.000000E+00
2.411067E+03	2.109237E-04	0.000000E+00
2.450593E+03	2.148903E-04	0.000000E+00
2.490119E+03	2.191525E-04	0.000000E+00
2.529644E+03	2.237107E-04	0.000000E+00
2.569170E+03	2.286316E-04	0.000000E+00
2.608696E+03	2.339154E-04	0.000000E+00
2.648221E+03	2.395956E-04	0.000000E+00
2.687747E+03	2.457057E-04	0.000000E+00
2.727273E+03	2.523124E-04	0.000000E+00
2.766798E+03	2.594493E-04	0.000000E+00
2.806324E+03	2.671159E-04	0.000000E+00
2.845850E+03	2.754460E-04	0.000000E+00
2.885375E+03	2.844389E-04	0.000000E+00
2.924901E+03	2.941609E-04	0.000000E+00
2.964427E+03	3.047115E-04	0.000000E+00
2.974308E+03	3.074817E-04	0.000000E+00
2.984190E+03	3.103182E-04	0.000000E+00
2.994071E+03	3.131875E-04	0.000000E+00
3.003953E+03	3.161566E-04	0.000000E+00
3.013834E+03	3.191586E-04	0.000000E+00
3.023715E+03	3.222266E-04	0.000000E+00
3.033597E+03	3.253609E-04	0.000000E+00
3.043478E+03	3.285615E-04	0.000000E+00
3.053360E+03	3.318282E-04	0.000000E+00
3.063241E+03	3.351608E-04	0.000000E+00
3.073123E+03	3.385595E-04	0.000000E+00
3.083004E+03	3.420242E-04	0.000000E+00
3.092885E+03	3.455887E-04	0.000000E+00
3.102767E+03	3.491851E-04	0.000000E+00
3.112648E+03	3.528811E-04	0.000000E+00
3.122530E+03	3.566764E-04	0.000000E+00
3.132411E+03	3.605379E-04	0.000000E+00
3.142292E+03	3.644644E-04	0.000000E+00
3.152174E+03	3.684904E-04	0.000000E+00
3.162055E+03	3.725819E-04	0.000000E+00
3.171937E+03	3.767725E-04	0.000000E+00
3.181818E+03	3.810620E-04	0.000000E+00
3.191700E+03	3.854507E-04	0.000000E+00
3.201581E+03	3.899042E-04	0.000000E+00
3.211462E+03	3.944563E-04	0.000000E+00
3.221344E+03	3.991410E-04	0.000000E+00
3.231225E+03	4.038903E-04	0.000000E+00
3.241107E+03	4.087719E-04	0.000000E+00
3.250988E+03	4.137181E-04	0.000000E+00
3.260870E+03	4.187960E-04	0.000000E+00
3.270751E+03	4.239719E-04	0.000000E+00
3.280632E+03	4.292795E-04	0.000000E+00
3.290514E+03	4.346848E-04	0.000000E+00
3.300395E+03	4.402213E-04	0.000000E+00
3.310277E+03	4.458555E-04	0.000000E+00
3.320158E+03	4.516543E-04	0.000000E+00
3.330040E+03	4.575164E-04	0.000000E+00
3.339921E+03	4.635428E-04	0.000000E+00
3.349802E+03	4.697001E-04	0.000000E+00
3.359684E+03	4.759874E-04	0.000000E+00
3.369565E+03	4.824046E-04	0.000000E+00
3.379447E+03	4.889856E-04	0.000000E+00
3.389328E+03	4.956962E-04	0.000000E+00
3.399209E+03	5.025362E-04	0.000000E+00
3.409091E+03	5.095391E-04	0.000000E+00
3.418972E+03	5.166710E-04	0.000000E+00
3.428854E+03	5.239989E-04	0.000000E+00
3.438735E+03	5.314552E-04	0.000000E+00
3.448617E+03	5.390733E-04	0.000000E+00
3.458498E+03	5.468532E-04	0.000000E+00
3.468379E+03	5.548277E-04	0.000000E+00
3.478261E+03	5.629635E-04	0.000000E+00
3.488142E+03	5.712598E-04	0.000000E+00
3.498024E+03	5.797500E-04	0.000000E+00
3.507905E+03	5.884001E-04	0.000000E+00
3.517787E+03	5.972772E-04	0.000000E+00
3.527668E+03	6.063133E-04	0.000000E+00
3.537549E+03	6.155419E-04	0.000000E+00
3.547431E+03	6.249626E-04	0.000000E+00
3.557312E+03	6.346088E-04	0.000000E+00
3.567194E+03	6.444461E-04	0.000000E+00
3.577075E+03	6.544740E-04	0.000000E+00
3.586957E+03	6.647597E-04	0.000000E+00
3.596838E+03	6.752352E-04	0.000000E+00
3.606719E+03	6.858999E-04	0.000000E+00
3.616601E+03	6.968207E-04	0.000000E+00
3.626482E+03	7.079970E-04	0.000000E+00
3.636364E+03	7.193610E-04	0.000000E+00
3.646245E+03	7.309793E-04	0.000000E+00
3.656126E+03	7.428178E-04	0.000000E+00
3.666008E+03	7.549433E-04	0.000000E+00
3.675889E+03	7.672875E-04	0.000000E+00
3.685771E+03	7.798833E-04	0.000000E+00
3.695652E+03	7.927305E-04	0.000000E+00
3.705534E+03	8.058285E-04	0.000000E+00
3.715415E+03	8.192095E-04	0.000000E+00
3.725296E+03	8.328397E-04	0.000000E+00
3.735178E+03	8.467518E-04	0.000000E+00
3.745059E+03	8.609449E-04	0.000000E+00
3.754941E+03	8.753845E-04	0.000000E+00
3.764822E+03	8.901374E-04	0.000000E+00
3.774704E+03	9.051352E-04	0.000000E+00
3.784585E+03	9.204443E-04	0.000000E+00
3.794466E+03	9.360638E-04	0.000000E+00
3.804348E+03	9.519591E-04	0.000000E+00
3.814229E+03	9.681295E-04	0.000000E+00
3.824111E+03	9.846072E-04	0.000000E+00
3.833992E+03	1.001425E-03	0.000000E+00
3.843874E+03	1.018515E-03	0.000000E+00
3.853755E+03	1.035910E-03	0.000000E+00
3.863636E+03	1.053608E-03	0.000000E+00
3.873518E+03	1.071608E-03	0.000000E+00
3.883399E+03	1.089943E-03	0.000000E+00
3.893281E+03	1.108578E-03	0.000000E+00
3.903162E+03	1.127513E-03	0.000000E+00
3.913043E+03	1.146778E-03	0.000000E+00
3.922925E+03	1.166374E-03	0.000000E+00
3.932806E+03	1.186266E-03	0.000000E+00
3.942688E+03	1.206452E-03	0.000000E+00
3.952569E+03	1.226964E-03	0.000000E+00
3.962451E+03	1.247802E-03	0.000000E+00
3.972332E+03	1.268964E-03	0.000000E+00
3.982213E+03	1.290416E-03	0.000000E+00
3.992095E+03	1.312156E-03	0.000000E+00
4.001976E+03	1.334216E-03	0.000000E+00
4.011858E+03	1.356595E-03	0.000000E+00
4.021739E+03	1.379259E-03	0.000000E+00
4.031621E+03	1.402206E-03	0.000000E+00
4.041502E+03	1.425468E-03	0.000000E+00
4.051383E+03	1.448978E-03	0.000000E+00
4.061265E+03	1.472801E-03	0.000000E+00
4.071146E+03	1.496868E-03	0.000000E+00
4.081028E+03	1.521213E-03	0.000000E+00
4.090909E+03	1.545800E-03	0.000000E+00
4.100791E+03	1.570662E-03	0.000000E+00
4.110672E+03	1.595731E-03	0.000000E+00
4.120553E+03	1.621039E-03	0.000000E+00
4.130435E+03	1.646552E-03	0.000000E+00
4.140316E+03	1.672269E-03	0.000000E+00
4.150198E+03	1.698189E-03	0.000000E+00
4.160079E+03	1.724277E-03	0.000000E+00
4.169960E+03	1.750501E-03	0.000000E+00
4.179842E+03	1.776891E-03	0.000000E+00
4.189723E+03	1.803382E-03	0.000000E+00
4.199605E+03	1.830005E-03	0.000000E+00
4.209486E+03	1.856694E-03	0.000000E+00
4.219368E+03	1.883449E-03	0.000000E+00
4.229249E+03	1.910236E-03	0.000000E+00
4.239130E+03	1.937021E-03	0.000000E+00
4.249012E+03	1.963773E-03	0.000000E+00
4.258893E+03	1.990523E-03	0.000000E+00
4.268775E+03	2.017173E-03	0.000000E+00
4.278656E+03	2.043692E-03	0.000000E+00
4.288538E+03	2.070109E-03	0.000000E+00
4.298419E+03	2.096298E-03	0.000000E+00
4.308300E+03	2.122291E-03	0.000000E+00
4.318182E+03	2.148021E-03	0.000000E+00
4.328063E+03	2.173428E-03	0.000000E+00
4.337945E+03	2.198477E-03	0.000000E+00
4.347826E+03	2.223139E-03	0.000000E+00
4.357708E+03	2.247350E-03	0.000000E+00
4.367589E+03	2.271078E-03	0.000000E+00
4.377470E+03	2.294230E-03	0.000000E+00
4.387352E+03	2.316838E-03	0.000000E+00
4.397233E+03	2.338809E-03	0.000000E+00
4.407115E+03	2.360175E-03	0.000000E+00
4.416996E+03	2.380907E-03	0.000000E+00
4.426877E+03	2.401038E-03	0.000000E+00
4.436759E+03	2.420539E-03	0.000000E+00
4.446640E+03	2.439442E-03	0.000000E+00
4.456522E+03	2.457782E-03	0.000000E+00
4.466403E+03	2.475529E-03	0.000000E+00
4.476285E+03	2.492746E-03	0.000000E+00
4.486166E+03	2.509438E-03	0.000000E+00
4.496047E+03	2.525573E-03	0.000000E+00
4.505929E+03	2.541216E-03	0.000000E+00
4.515810E+03	2.556370E-03	0.000000E+00
4.525692E+03	2.571036E-03	0.000000E+00
4.535573E+03	2.585278E-03	0.000000E+00
4.545455E+03	2.599036E-03	0.000000E+00
4.555336E+03	2.612374E-03	0.000000E+00
4.565217E+03	2.625294E-03	0.000000E+00
4.575099E+03	2.637828E-03	0.000000E+00
4.584980E+03	2.649948E-03	0.000000E+00
4.594862E+03	2.661717E-03	0.000000E+00
4.604743E+03	2.673105E-03	0.000000E+00
4.614625E+03	2.684115E-03	0.000000E+00
4.624506E+03	2.694811E-03	0.000000E+00
4.634387E+03	2.705131E-03	0.000000E+00
4.644269E+03	2.715109E-03	0.000000E+00
4.654150E+03	2.724747E-03	0.000000E+00
4.664032E+03	2.733984E-03	0.000000E+00
4.673913E+03	2.742853E-03	0.000000E+00
4.683794E+03	2.751294E-03	0.000000E+00
4.693676E+03	2.759310E-03	0.000000E+00
4.703557E+03	2.766841E-03	0.000000E+00
4.713439E+03	2.773890E-03	0.000000E+00
4.723320E+03	2.780489E-03	0.000000E+00
4.733202E+03	2.786579E-03	0.000000E+00
4.743083E+03	2.792226E-03	0.000000E+00
4.752964E+03	2.797460E-03	0.000000E+00
4.762846E+03	2.802316E-03	0.000000E+00
4.772727E+03	2.806825E-03	0.000000E+00
4.782609E+03	2.811052E-03	0.000000E+00
4.792490E+03	2.814997E-03	0.000000E+00
4.802372E+03	2.818724E-03	0.000000E+00
4.812253E+03	2.822235E-03	0.000000E+00
4.822134E+03	2.825560E-03	0.000000E+00
4.832016E+03	2.828673E-03	0.000000E+00
4.841897E+03	2.831635E-03	0.000000E+00
4.851779E+03	2.834417E-03	0.000000E+00
4.861660E+03	2.837051E-03	0.000000E+00
4.871542E+03	2.839539E-03	0.000000E+00
4.881423E+03	2.841883E-03	0.000000E+00
4.891304E+03	2.844113E-03	0.000000E+00
4.901186E+03	2.846202E-03	0.000000E+00
4.911067E+03	2.848180E-03	0.000000E+00
4.920949E+03	2.850020E-03	0.000000E+00
4.930830E+03	2.851784E-03	0.000000E+00
4.940711E+03	2.853441E-03	0.000000E+00
4.950593E+03	2.854995E-03	0.000000E+00
4.960474E+03	2.856475E-03	0.000000E+00
4.970356E+03	2.857855E-03	0.000000E+00
4.980237E+03	2.859164E-03	0.000000E+00
4.990119E+03	2.860436E-03	0.000000E+00
5.000000E+03	2.861610E-03	0.000000E+00
5.009881E+03	2.862748E-03	0.000000E+00
5.019763E+03	2.863823E-03	0.000000E+00
5.029644E+03	2.864863E-03	0.000000E+00
5.039526E+03	2.865843E-03	0.000000E+00
5.049407E+03	2.866792E-03	0.000000E+00
5.059289E+03	2.867741E-03	0.000000E+00
5.069170E+03	2.868633E-03	0.000000E+00
5.079051E+03	2.869528E-03	0.000000E+00
5.088933E+03	2.870398E-03	0.000000E+00
5.098814E+03	2.871244E-03	0.000000E+00
5.108696E+03	2.872096E-03	0.000000E+00
5.118577E+03	2.872927E-03	0.000000E+00
5.128458E+03	2.873767E-03	0.000000E+00
5.138340E+03	2.874588E-03	0.000000E+00
5.148221E+03	2.875421E-03	0.000000E+00
5.158103E+03	2.876267E-03	0.000000E+00
5.167984E+03	2.877097E-03	0.000000E+00
5.177866E+03	2.877943E-03	0.000000E+00
5.187747E+03	2.878805E-03	0.000000E+00
5.197628E+03	2.879655E-03	0.000000E+00
5.207510E+03	2.880494E-03	0.000000E+00
5.217391E+03	2.881354E-03	0.000000E+00
5.227273E+03	2.882235E-03	0.000000E+00
5.237154E+03	2.883108E-03	0.000000E+00
5.247036E+03	2.883976E-03	0.000000E+00
5.256917E+03	2.884839E-03	0.000000E+00
5.266798E+03	2.885698E-03	0.000000E+00
5.276680E+03	2.886554E-03	0.000000E+00
5.286561E+03	2.887409E-03	0.000000E+00
5.296443E+03	2.888234E-03	0.000000E+00
5.306324E+03	2.889059E-03	0.000000E+00
5.316206E+03	2.889857E-03	0.000000E+00
5.326087E+03	2.890629E-03	0.000000E+00
5.335968E+03	2.891375E-03	0.000000E+00
5.345850E+03	2.892067E-03	0.000000E+00
5.355731E+03	2.892736E-03	0.000000E+00
5.365613E+03	2.893352E-03	0.000000E+00
5.375494E+03	2.893918E-03	0.000000E+00
5.385375E+03	2.894405E-03	0.000000E+00
5.395257E+03	2.894814E-03	0.000000E+00
5.405138E+03	2.895088E-03	0.000000E+00
5.415020E+03	2.895198E-03	0.000000E+00
5.424901E+03	2.895058E-03	0.000000E+00
5.434783E+03	2.894641E-03	0.000000E+00
5.444664E+03	2.894092E-03	0.000000E+00
5.454545E+03	2.893469E-03	0.000000E+00
5.464427E+03	2.892801E-03	0.000000E+00
5.474308E+03	2.892147E-03	0.000000E+00
5.484190E+03	2.891508E-03	0.000000E+00
5.494071E+03	2.890883E-03	0.000000E+00
5.503953E+03	2.890302E-03	0.000000E+00
5.513834E+03	2.889766E-03	0.000000E+00
5.523715E+03	2.889244E-03	0.000000E+00
5.533597E+03	2.888796E-03	0.000000E+00
5.543478E+03	2.888393E-03	0.000000E+00
5.553360E+03	2.888034E-03	0.000000E+00
5.563241E+03	2.887779E-03	0.000000E+00
5.573123E+03	2.887568E-03	0.000000E+00
5.583004E+03	2.887402E-03	0.000000E+00
5.592885E+03	2.887368E-03	0.000000E+00
5.602767E+03	2.887378E-03	0.000000E+00
5.612648E+03	2.887463E-03	0.000000E+00
5.622530E+03	2.887650E-03	0.000000E+00
5.632411E+03	2.887940E-03	0.000000E+00
5.642292E+03	2.888303E-03	0.000000E+00
5.652174E+03	2.888768E-03	0.000000E+00
5.662055E+03	2.889335E-03	0.000000E+00
5.671937E+03	2.890003E-03	0.000000E+00
5.681818E+03	2.890744E-03	0.000000E+00
5.691700E+03	2.891615E-03	0.000000E+00
5.701581E+03	2.892587E-03	0.000000E+00
5.711462E+03	2.893630E-03	0.000000E+00
5.721344E+03	2.894802E-03	0.000000E+00
5.731225E+03	2.896072E-03	0.000000E+00
5.741107E+03	2.897442E-03	0.000000E+00
5.750988E+03	2.898910E-03	0.000000E+00
5.760870E+03	2.900505E-03	0.000000E+00
5.770751E+03	2.902168E-03	0.000000E+00
5.780632E+03	2.903956E-03	0.000000E+00
5.790514E+03	2.905811E-03	0.000000E+00
5.800395E+03	2.907790E-03	0.000000E+00
5.810277E+03	2.909833E-03	0.000000E+00
5.820158E+03	2.911969E-03	0.000000E+00
5.830040E+03	2.914198E-03	0.000000E+00
5.839921E+03	2.916518E-03	0.000000E+00
5.849802E+03	2.918898E-03	0.000000E+00
5.859684E+03	2.921339E-03	0.000000E+00
5.869565E+03	2.923867E-03	0.000000E+00
5.879447E+03	2.926453E-03	0.000000E+00
5.889328E+03	2.929094E-03	0.000000E+00
5.899209E+03	2.931761E-03	0.000000E+00
5.909091E+03	2.934481E-03	0.000000E+00
5.918972E+03	2.937222E-03	0.000000E+00
5.928854E+03	2.939985E-03	0.000000E+00
5.938735E+03	2.942766E-03	0.000000E+00
5.948617E+03	2.945534E-03	0.000000E+00
5.958498E+03	2.948318E-03	0.000000E+00
5.968379E+03	2.951055E-03	0.000000E+00
5.978261E+03	2.953774E-03	0.000000E+00
5.988142E+03	2.956413E-03	0.000000E+00
5.998024E+03	2.958999E-03	0.000000E+00
6.007905E+03	2.961529E-03	0.000000E+00
6.017787E+03	2.963913E-03	0.000000E+00
6.027668E+03	2.966207E-03	0.000000E+00
6.037549E+03	2.968347E-03	0.000000E+00
6.047431E+03	2.970304E-03	0.000000E+00
6.057312E+03	2.972072E-03	0.000000E+00
6.067194E+03	2.973617E-03	0.000000E+00
6.077075E+03	2.974908E-03	0.000000E+00
6.086957E+03	2.975912E-03	0.000000E+00
6.096838E+03	2.976619E-03	0.000000E+00
6.106719E+03	2.977063E-03	0.000000E+00
6.116601E+03	2.977179E-03	0.000000E+00
6.126482E+03	2.976989E-03	0.000000E+00
6.136364E+03	2.976522E-03	0.000000E+00
6.146245E+03	2.975805E-03	0.000000E+00
6.156126E+03	2.974831E-03	0.000000E+00
6.166008E+03	2.973632E-03	0.000000E+00
6.175889E+03	2.972229E-03	0.000000E+00
6.185771E+03	2.970618E-03	0.000000E+00
6.195652E+03	2.968800E-03	0.000000E+00
6.205534E+03	2.966832E-03	0.000000E+00
6.215415E+03	2.964706E-03	0.000000E+00
6.225296E+03	2.962388E-03	0.000000E+00
6.235178E+03	2.959910E-03	0.000000E+00
6.245059E+03	2.957264E-03	0.000000E+00
6.254941E+03	2.954448E-03	0.000000E+00
6.264822E+03	2.951457E-03	0.000000E+00
6.274704E+03	2.948289E-03	0.000000E+00
6.284585E+03	2.944970E-03	0.000000E+00
6.294466E+03	2.941467E-03	0.000000E+00
6.304348E+03	2.937805E-03	0.000000E+00
6.314229E+03	2.933920E-03	0.000000E+00
6.324111E+03	2.929871E-03	0.000000E+00
6.333992E+03	2.925592E-03	0.000000E+00
6.343874E+03	2.921140E-03	0.000000E+00
6.353755E+03	2.916452E-03	0.000000E+00
6.363636E+03	2.911524E-03	0.000000E+00
6.373518E+03	2.906351E-03	0.000000E+00
6.383399E+03	2.900963E-03	0.000000E+00
6.393281E+03	2.895293E-03	0.000000E+00
6.403162E+03	2.889339E-03	0.000000E+00
6.413043E+03	2.883128E-03	0.000000E+00
6.422925E+03	2.876595E-03	0.000000E+00
6.432806E+03	2.869800E-03	0.000000E+00
6.442688E+03	2.862676E-03	0.000000E+00
6.452569E+03	2.855316E-03	0.000000E+00
6.462451E+03	2.847653E-03	0.000000E+00
6.472332E+03	2.839748E-03	0.000000E+00
6.482213E+03	2.831630E-03	0.000000E+00
6.492095E+03	2.823265E-03	0.000000E+00
6.501976E+03	2.814714E-03	0.000000E+00
6.511858E+03	2.805974E-03	0.000000E+00
6.521739E+03	2.797075E-03	0.000000E+00
6.531621E+03	2.788016E-03	0.000000E+00
6.541502E+03	2.778794E-03	0.000000E+00
6.551383E+03	2.769471E-03	0.000000E+00
6.561265E+03	2.760014E-03	0.000000E+00
6.571146E+03	2.750453E-03	0.000000E+00
6.581028E+03	2.740788E-03	0.000000E+00
6.590909E+03	2.731048E-03	0.000000E+00
6.600791E+03	2.721201E-03	0.000000E+00
6.610672E+03	2.711310E-03	0.000000E+00
6.620553E+03	2.701373E-03	0.000000E+00
6.630435E+03	2.691390E-03	0.000000E+00
6.640316E+03	2.681329E-03	0.000000E+00
6.650198E+03	2.671252E-03	0.000000E+00
6.660079E+03	2.661158E-03	0.000000E+00
6.669960E+03	2.651018E-03	0.000000E+00
6.679842E+03	2.640892E-03	0.000000E+00
6.689723E+03	2.630718E-03	0.000000E+00
6.699605E+03	2.620559E-03	0.000000E+00
6.709486E+03	2.610383E-03	0.000000E+00
6.719368E+03	2.600222E-03	0.000000E+00
6.729249E+03	2.590076E-03	0.000000E+00
6.739130E+03	2.579946E-03	0.000000E+00
6.749012E+03	2.569800E-03	0.000000E+00
6.758893E+03	2.559701E-03	0.000000E+00
6.768775E+03	2.549620E-03	0.000000E+00
6.778656E+03	2.539555E-03	0.000000E+00
6.788538E+03	2.529508E-03	0.000000E+00
6.798419E+03	2.519512E-03	0.000000E+00
6.808300E+03	2.509534E-03	0.000000E+00
6.818182E+03	2.499608E-03	0.000000E+00
6.828063E+03	2.489703E-03	0.000000E+00
6.837945E+03	2.479851E-03	0.000000E+00
6.847826E+03	2.470023E-03	0.000000E+00
6.857708E+03	2.460250E-03	0.000000E+00
6.867589E+03	2.450502E-03	0.000000E+00
6.877470E+03	2.440812E-03	0.000000E+00
6.887352E+03	2.431180E-03	0.000000E+00
6.897233E+03	2.421577E-03	0.000000E+00
6.907115E+03	2.412036E-03	0.000000E+00
6.916996E+03	2.402557E-03	0.000000E+00
6.926877E+03	2.393111E-03	0.000000E+00
6.936759E+03	2.383700E-03	0.000000E+00
6.946640E+03	2.374356E-03	0.000000E+00
6.956522E+03	2.365079E-03	0.000000E+00
6.966403E+03	2.355812E-03	0.000000E+00
6.976285E+03	2.346645E-03	0.000000E+00
6.986166E+03	2.337491E-03	0.000000E+00
6.996047E+03	2.328411E-03	0.000000E+00
7.005929E+03	2.319376E-03	0.000000E+00
7.015810E+03	2.310389E-03	0.000000E+00
7.025692E+03	2.301451E-03	0.000000E+00
7.035573E+03	2.292563E-03	0.000000E+00
7.045455E+03	2.283698E-03	0.000000E+00
7.055336E+03	2.274917E-03	0.000000E+00
7.065217E+03	2.266163E-03	0.000000E+00
7.075099E+03	2.257466E-03	0.000000E+00
7.084980E+03	2.248771E-03	0.000000E+00
7.094862E+03	2.240167E-03	0.000000E+00
7.104743E+03	2.231567E-03	0.000000E+00
7.114625E+03	2.223005E-03	0.000000E+00
7.124506E+03	2.214481E-03	0.000000E+00
7.134387E+03	2.205969E-03	0.000000E+00
7.144269E+03	2.197499E-03	0.000000E+00
7.154150E+03	2.189046E-03	0.000000E+00
7.164032E+03	2.180611E-03	0.000000E+00
7.173913E+03	2.172198E-03	0.000000E+00
7.183794E+03	2.163779E-03	0.000000E+00
7.193676E+03	2.155358E-03	0.000000E+00
7.203557E+03	2.146938E-03	0.000000E+00
7.213439E+03	2.138492E-03	0.000000E+00
7.223320E+03	2.130025E-03	0.000000E+00
7.233202E+03	2.121538E-03	0.000000E+00
7.243083E+03	2.112980E-03	0.000000E+00
7.252964E+03	2.104408E-03	0.000000E+00
7.262846E+03	2.095745E-03	0.000000E+00
7.272727E+03	2.086993E-03	0.000000E+00
7.282609E+03	2.078157E-03	0.000000E+00
7.292490E+03	2.069186E-03	0.000000E+00
7.302372E+03	2.060111E-03	0.000000E+00
7.312253E+03	2.050884E-03	0.000000E+00
7.322134E+03	2.041508E-03	0.000000E+00
7.332016E+03	2.031936E-03	0.000000E+00
7.341897E+03	2.022172E-03	0.000000E+00
7.351779E+03	2.012222E-03	0.000000E+00
7.361660E+03	2.002116E-03	0.000000E+00
7.371542E+03	1.991859E-03	0.000000E+00
7.381423E+03	1.981508E-03	0.000000E+00
7.391304E+03	1.971040E-03	0.000000E+00
7.401186E+03	1.960485E-03	0.000000E+00
7.411067E+03	1.949898E-03	0.000000E+00
7.420949E+03	1.939257E-03	0.000000E+00
7.430830E+03	1.928590E-03	0.000000E+00
7.440711E+03	1.917900E-03	0.000000E+00
7.450593E+03	1.907240E-03	0.000000E+00
7.460474E+03	1.896588E-03	0.000000E+00
7.470356E+03	1.885970E-03	0.000000E+00
7.480237E+03	1.875389E-03	0.000000E+00
7.490119E+03	1.864872E-03	0.000000E+00
7.500000E+03	1.854396E-03	0.000000E+00
7.509881E+03	1.843986E-03	0.000000E+00
7.519763E+03	1.833645E-03	0.000000E+00
7.529644E+03	1.823374E-03	0.000000E+00
7.539526E+03	1.813174E-03	0.000000E+00
7.549407E+03	1.803094E-03	0.000000E+00
7.559289E+03	1.793065E-03	0.000000E+00
7.569170E+03	1.783158E-03	0.000000E+00
7.579051E+03	1.773350E-03	0.000000E+00
7.588933E+03	1.763619E-03	0.000000E+00
7.598814E+03	1.754012E-03	0.000000E+00
7.608696E+03	1.744484E-03	0.000000E+00
7.618577E+03	1.735082E-03	0.000000E+00
7.628458E+03	1.725783E-03	0.000000E+00
7.638340E+03	1.716587E-03	0.000000E+00
7.648221E+03	1.707519E-03	0.000000E+00
7.658103E+03	1.698532E-03	0.000000E+00
7.667984E+03	1.689672E-03	0.000000E+00
7.677866E+03	1.680918E-03	0.000000E+00
7.687747E+03	1.672269E-03	0.000000E+00
7.697628E+03	1.663749E-03	0.000000E+00
7.707510E+03	1.655311E-03	0.000000E+00
7.717391E+03	1.646980E-03	0.000000E+00
7.727273E+03	1.638778E-03	0.000000E+00
7.737154E+03	1.630660E-03	0.000000E+00
7.747036E+03	1.622649E-03	0.000000E+00
7.756917E+03	1.614722E-03	0.000000E+00
7.766798E+03	1.606903E-03	0.000000E+00
7.776680E+03	1.599190E-03	0.000000E+00
7.786561E+03	1.591541E-03	0.000000E+00
7.796443E+03	1.583999E-03	0.000000E+00
7.806324E+03	1.576522E-03	0.000000E+00
7.816206E+03	1.569131E-03	0.000000E+00
7.826087E+03	1.561804E-03	0.000000E+00
7.835968E+03	1.554564E-03	0.000000E+00
7.845850E+03	1.547347E-03	0.000000E+00
7.855731E+03	1.540217E-03	0.000000E+00
7.865613E+03	1.533112E-03	0.000000E+00
7.875494E+03	1.526052E-03	0.000000E+00
7.885375E+03	1.519017E-03	0.000000E+00
7.895257E+03	1.511988E-03	0.000000E+00
7.905138E+03	1.504964E-03	0.000000E+00
7.915020E+03	1.497927E-03	0.000000E+00
7.924901E+03	1.490878E-03	0.000000E+00
7.934783E+03	1.483776E-03	0.000000E+00
7.944664E+03	1.476623E-03	0.000000E+00
7.954545E+03	1.469461E-03	0.000000E+00
7.964427E+03	1.462310E-03	0.000000E+00
7.974308E+03	1.455152E-03	0.000000E+00
7.984190E+03	1.448026E-03	0.000000E+00
7.994071E+03	1.440954E-03	0.000000E+00
8.003953E+03	1.433935E-03	0.000000E+00
8.013834E+03	1.426968E-03	0.000000E+00
8.023715E+03	1.420075E-03	0.000000E+00
8.033597E+03	1.413253E-03	0.000000E+00
8.043478E+03	1.406505E-03	0.000000E+00
8.053360E+03	1.399827E-03	0.000000E+00
8.063241E+03	1.393241E-03	0.000000E+00
8.073123E+03	1.386746E-03	0.000000E+00
8.083004E+03	1.380340E-03	0.000000E+00
8.092885E+03	1.374005E-03	0.000000E+00
8.102767E+03	1.367759E-03	0.000000E+00
8.112648E+03	1.361601E-03	0.000000E+00
8.122530E+03	1.355511E-03	0.000000E+00
8.132411E+03	1.349528E-03	0.000000E+00
8.142292E+03	1.343613E-03	0.000000E+00
8.152174E+03	1.337784E-03	0.000000E+00
8.162055E+03	1.332022E-03	0.000000E+00
8.171937E+03	1.326344E-03	0.000000E+00
8.181818E+03	1.320733E-03	0.000000E+00
8.191700E+03	1.315187E-03	0.000000E+00
8.201581E+03	1.309705E-03	0.000000E+00
8.211462E+03	1.304288E-03	0.000000E+00
8.221344E+03	1.298935E-03	0.000000E+00
8.231225E+03	1.293646E-03	0.000000E+00
8.241107E+03	1.288382E-03	0.000000E+00
8.250988E+03	1.283182E-03	0.000000E+00
8.260870E+03	1.278025E-03	0.000000E+00
8.270751E+03	1.272912E-03	0.000000E+00
8.280632E+03	1.267842E-03	0.000000E+00
8.290514E+03	1.262778E-03	0.000000E+00
8.300395E+03	1.257757E-03	0.000000E+00
8.310277E+03	1.252761E-03	0.000000E+00
8.320158E+03	1.247770E-03	0.000000E+00
8.330040E+03	1.242804E-03	0.000000E+00
8.339921E+03	1.237843E-03	0.000000E+00
8.349802E+03	1.232869E-03	0.000000E+00
8.359684E+03	1.227901E-03	0.000000E+00
8.369565E+03	1.222938E-03	0.000000E+00
8.379447E+03	1.217945E-03	0.000000E+00
8.389328E+03	1.212939E-03	0.000000E+00
8.399209E+03	1.207920E-03	0.000000E+00
8.409091E+03	1.202853E-03	0.000000E+00
8.418972E+03	1.197773E-03	0.000000E+00
8.428854E+03	1.192645E-03	0.000000E+00
8.438735E+03	1.187469E-03	0.000000E+00
8.448617E+03	1.182245E-03	0.000000E+00
8.458498E+03	1.176955E-03	0.000000E+00
8.468379E+03	1.171617E-03	0.000000E+00
8.478261E+03	1.166196E-03	0.000000E+00
8.488142E+03	1.160710E-03	0.000000E+00
8.498024E+03	1.155159E-03	0.000000E+00
8.507905E+03	1.149508E-03	0.000000E+00
8.517787E+03	1.143775E-03	0.000000E+00
8.527668E+03	1.137959E-03	0.000000E+00
8.537549E+03	1.132027E-03	0.000000E+00
8.547431E+03	1.126012E-03	0.000000E+00
8.557312E+03	1.119881E-03	0.000000E+00
8.567194E+03	1.113634E-03	0.000000E+00
8.577075E+03	1.107271E-03	0.000000E+00
8.586957E+03	1.100808E-03	0.000000E+00
8.596838E+03	1.094212E-03	0.000000E+00
8.606719E+03	1.087483E-03	0.000000E+00
8.616601E+03	1.080622E-03	0.000000E+00
8.626482E+03	1.073644E-03	0.000000E+00
8.636364E+03	1.066533E-03	0.000000E+00
8.646245E+03	1.059288E-03	0.000000E+00
8.656126E+03	1.051911E-03	0.000000E+00
8.666008E+03	1.044384E-03	0.000000E+00
8.675889E+03	1.036740E-03	0.000000E+00
8.685771E+03	1.028945E-03	0.000000E+00
8.695652E+03	1.021017E-03	0.000000E+00
8.705534E+03	1.012955E-03	0.000000E+00
8.715415E+03	1.004776E-03	0.000000E+00
8.725296E+03	9.964455E-04	0.000000E+00
8.735178E+03	9.880136E-04	0.000000E+00
8.745059E+03	9.794467E-04	0.000000E+00
8.754941E+03	9.707777E-04	0.000000E+00
8.764822E+03	9.619894E-04	0.000000E+00
8.774704E+03	9.531143E-04	0.000000E+00
8.784585E+03	9.441359E-04	0.000000E+00
8.794466E+03	9.350862E-04	0.000000E+00
8.804348E+03	9.259317E-04	0.000000E+00
8.814229E+03	9.167215E-04	0.000000E+00
8.824111E+03	9.074385E-04	0.000000E+00
8.833992E+03	8.980983E-04	0.000000E+00
8.843874E+03	8.887001E-04	0.000000E+00
8.853755E+03	8.792596E-04	0.000000E+00
8.863636E+03	8.697764E-04	0.000000E+00
8.873518E+03	8.602660E-04	0.000000E+00
8.883399E+03	8.507438E-04	0.000000E+00
8.893281E+03	8.411928E-04	0.000000E+00
8.932806E+03	8.029944E-04	0.000000E+00
8.972332E+03	7.650993E-04	0.000000E+00
9.011858E+03	7.278432E-04	0.000000E+00
9.051383E+03	6.915445E-04	0.000000E+00
9.090909E+03	6.564578E-04	0.000000E+00
9.130435E+03	6.227436E-04	0.000000E+00
9.169960E+03	5.905174E-04	0.000000E+00
9.209486E+03	5.598828E-04	0.000000E+00
9.249012E+03	5.308501E-04	0.000000E+00
9.288538E+03	5.034347E-04	0.000000E+00
9.328063E+03	4.776403E-04	0.000000E+00
9.367589E+03	4.534093E-04	0.000000E+00
9.407115E+03	4.306887E-04	0.000000E+00
9.446640E+03	4.094440E-04	0.000000E+00
9.486166E+03	3.895963E-04	0.000000E+00
9.525692E+03	3.710522E-04	0.000000E+00
9.565217E+03	3.537858E-04	0.000000E+00
9.604743E+03	3.376758E-04	0.000000E+00
9.644269E+03	3.226840E-04	0.000000E+00
9.683794E+03	3.087076E-04	0.000000E+00
9.723320E+03	2.957115E-04	0.000000E+00
9.762846E+03	2.836278E-04	0.000000E+00
9.802372E+03	2.723569E-04	0.000000E+00
9.841897E+03	2.618821E-04	0.000000E+00
9.881423E+03	2.521376E-04	0.000000E+00
9.920949E+03	2.430412E-04	0.000000E+00
9.960474E+03	2.345943E-04	0.000000E+00
1.000000E+04	2.267149E-04	0.000000E+00
1.003953E+04	2.193712E-04	0.000000E+00
1.007905E+04	2.125317E-04	0.000000E+00
1.011858E+04	2.061648E-04	0.000000E+00
1.015810E+04	2.002219E-04	0.000000E+00
1.019763E+04	1.946711E-04	0.000000E+00
