#wls	flux	fluxerr
1.592848E+03	5.716999E-04	2.240362E-05
1.632669E+03	5.940659E-04	2.313875E-05
1.672491E+03	6.155780E-04	2.382686E-05
1.712312E+03	6.359821E-04	2.445840E-05
1.752133E+03	6.549493E-04	2.502124E-05
1.791954E+03	6.717309E-04	2.548769E-05
1.831775E+03	6.850777E-04	2.581204E-05
1.871597E+03	6.938002E-04	2.595226E-05
1.911418E+03	6.964925E-04	2.585969E-05
1.951239E+03	6.921660E-04	2.550284E-05
1.991060E+03	6.810884E-04	2.489746E-05
2.030881E+03	6.660939E-04	2.415236E-05
2.070703E+03	6.532578E-04	2.348967E-05
2.110524E+03	6.510905E-04	2.321104E-05
2.150345E+03	6.678195E-04	2.359730E-05
2.190166E+03	7.077544E-04	2.478113E-05
2.229987E+03	7.701342E-04	2.671296E-05
2.269809E+03	8.504402E-04	2.921423E-05
2.309630E+03	9.429064E-04	3.206921E-05
2.349451E+03	1.042611E-03	3.509788E-05
2.389272E+03	1.146281E-03	3.818156E-05
2.429093E+03	1.252226E-03	4.125823E-05
2.468915E+03	1.360122E-03	4.431256E-05
2.508736E+03	1.470270E-03	4.734989E-05
2.548557E+03	1.583562E-03	5.039370E-05
2.588378E+03	1.701001E-03	5.346949E-05
2.628199E+03	1.823819E-03	5.660820E-05
2.668021E+03	1.953264E-03	5.983907E-05
2.707842E+03	2.090706E-03	6.319272E-05
2.747663E+03	2.237660E-03	6.670165E-05
2.787484E+03	2.395754E-03	7.039873E-05
2.827305E+03	2.566844E-03	7.432027E-05
2.867127E+03	2.753210E-03	7.851102E-05
2.906948E+03	2.957357E-03	8.301750E-05
2.946769E+03	3.182606E-03	8.790371E-05
2.986590E+03	3.432610E-03	9.323591E-05
2.996546E+03	3.499586E-03	9.465057E-05
3.006501E+03	3.568415E-03	9.609814E-05
3.016456E+03	3.639168E-03	9.757984E-05
3.026411E+03	3.712152E-03	9.910312E-05
3.036367E+03	3.787623E-03	1.006739E-04
3.046322E+03	3.865938E-03	1.023006E-04
3.056277E+03	3.947209E-03	1.039853E-04
3.066233E+03	4.031390E-03	1.057254E-04
3.076188E+03	4.118524E-03	1.075210E-04
3.086143E+03	4.208833E-03	1.093767E-04
3.096099E+03	4.302204E-03	1.112884E-04
3.106054E+03	4.398784E-03	1.132587E-04
3.116009E+03	4.498554E-03	1.152857E-04
3.125964E+03	4.601855E-03	1.173771E-04
3.135920E+03	4.708500E-03	1.195265E-04
3.145875E+03	4.818662E-03	1.217370E-04
3.155830E+03	4.932517E-03	1.240118E-04
3.165786E+03	5.050161E-03	1.263517E-04
3.175741E+03	5.171494E-03	1.287527E-04
3.185696E+03	5.296896E-03	1.312227E-04
3.195652E+03	5.426268E-03	1.337578E-04
3.205607E+03	5.559796E-03	1.363608E-04
3.215562E+03	5.697468E-03	1.390298E-04
3.225517E+03	5.839458E-03	1.417674E-04
3.235473E+03	5.985839E-03	1.445736E-04
3.245428E+03	6.136668E-03	1.474479E-04
3.255383E+03	6.291879E-03	1.503870E-04
3.265339E+03	6.451594E-03	1.533919E-04
3.275294E+03	6.615806E-03	1.564608E-04
3.285249E+03	6.784367E-03	1.595883E-04
3.295205E+03	6.957304E-03	1.627732E-04
3.305160E+03	7.134378E-03	1.660081E-04
3.315115E+03	7.315517E-03	1.692896E-04
3.325070E+03	7.500358E-03	1.726078E-04
3.335026E+03	7.688573E-03	1.759536E-04
3.344981E+03	7.879741E-03	1.793159E-04
3.354936E+03	8.073342E-03	1.826817E-04
3.364892E+03	8.268732E-03	1.860355E-04
3.374847E+03	8.465008E-03	1.893562E-04
3.384802E+03	8.661355E-03	1.926252E-04
3.394758E+03	8.856412E-03	1.958123E-04
3.404713E+03	9.049144E-03	1.988952E-04
3.414668E+03	9.237836E-03	2.018372E-04
3.424623E+03	9.420862E-03	2.046044E-04
3.434579E+03	9.596440E-03	2.071606E-04
3.444534E+03	9.762529E-03	2.094648E-04
3.454489E+03	9.917265E-03	2.114809E-04
3.464445E+03	1.005845E-02	2.131668E-04
3.474400E+03	1.018388E-02	2.144815E-04
3.484355E+03	1.029154E-02	2.153888E-04
3.494311E+03	1.037936E-02	2.158530E-04
3.504266E+03	1.044566E-02	2.158471E-04
3.514221E+03	1.048844E-02	2.153389E-04
3.524176E+03	1.050646E-02	2.143122E-04
3.534132E+03	1.049848E-02	2.127518E-04
3.544087E+03	1.046372E-02	2.106528E-04
3.554042E+03	1.040156E-02	2.080134E-04
3.563998E+03	1.031197E-02	2.048443E-04
3.573953E+03	1.019584E-02	2.011738E-04
3.583908E+03	1.005445E-02	1.970381E-04
3.593864E+03	9.890951E-03	1.925088E-04
3.603819E+03	9.709224E-03	1.876699E-04
3.613774E+03	9.513440E-03	1.826089E-04
3.623729E+03	9.308087E-03	1.774171E-04
3.633685E+03	9.097854E-03	1.721874E-04
3.643640E+03	8.887217E-03	1.670058E-04
3.653595E+03	8.680878E-03	1.619603E-04
3.663551E+03	8.483082E-03	1.571280E-04
3.673506E+03	8.298189E-03	1.525856E-04
3.683461E+03	8.130259E-03	1.484022E-04
3.693417E+03	7.983202E-03	1.446419E-04
3.703372E+03	7.860510E-03	1.413589E-04
3.713327E+03	7.765557E-03	1.386039E-04
3.723282E+03	7.701367E-03	1.364192E-04
3.733238E+03	7.670838E-03	1.348433E-04
3.743193E+03	7.676589E-03	1.339085E-04
3.753148E+03	7.721144E-03	1.336437E-04
3.763104E+03	7.806827E-03	1.340733E-04
3.773059E+03	7.935808E-03	1.352177E-04
3.783014E+03	8.110261E-03	1.370961E-04
3.792970E+03	8.331693E-03	1.397156E-04
3.802925E+03	8.601512E-03	1.430806E-04
3.812880E+03	8.920486E-03	1.471845E-04
3.822835E+03	9.288295E-03	1.520023E-04
3.832791E+03	9.703681E-03	1.574940E-04
3.842746E+03	1.016402E-02	1.635985E-04
3.852701E+03	1.066487E-02	1.702270E-04
3.862657E+03	1.119979E-02	1.772615E-04
3.872612E+03	1.176001E-02	1.845511E-04
3.882567E+03	1.233472E-02	1.919179E-04
3.892523E+03	1.291101E-02	1.991573E-04
3.902478E+03	1.347434E-02	2.060471E-04
3.912433E+03	1.400927E-02	2.123586E-04
3.922388E+03	1.450031E-02	2.178713E-04
3.932344E+03	1.493322E-02	2.223912E-04
3.942299E+03	1.529562E-02	2.257594E-04
3.952254E+03	1.557788E-02	2.278635E-04
3.962210E+03	1.577443E-02	2.286555E-04
3.972165E+03	1.588321E-02	2.281401E-04
3.982120E+03	1.590634E-02	2.263826E-04
3.992076E+03	1.584948E-02	2.234968E-04
4.002031E+03	1.572117E-02	2.196340E-04
4.011986E+03	1.553262E-02	2.149775E-04
4.021941E+03	1.529603E-02	2.097182E-04
4.031897E+03	1.502441E-02	2.040517E-04
4.041852E+03	1.473044E-02	1.981619E-04
4.051807E+03	1.442591E-02	1.922148E-04
4.061763E+03	1.412134E-02	1.863530E-04
4.071718E+03	1.382575E-02	1.806944E-04
4.081673E+03	1.354614E-02	1.753259E-04
4.091629E+03	1.328782E-02	1.703098E-04
4.101584E+03	1.305469E-02	1.656870E-04
4.111539E+03	1.284855E-02	1.614707E-04
4.121494E+03	1.267014E-02	1.576603E-04
4.131450E+03	1.251892E-02	1.542387E-04
4.141405E+03	1.239329E-02	1.511764E-04
4.151360E+03	1.229084E-02	1.484351E-04
4.161316E+03	1.220857E-02	1.459707E-04
4.171271E+03	1.214304E-02	1.437354E-04
4.181226E+03	1.209051E-02	1.416797E-04
4.191182E+03	1.204722E-02	1.397555E-04
4.201137E+03	1.200983E-02	1.379218E-04
4.211092E+03	1.197504E-02	1.361393E-04
4.221047E+03	1.193985E-02	1.343737E-04
4.231003E+03	1.190199E-02	1.326003E-04
4.240958E+03	1.185939E-02	1.307975E-04
4.250913E+03	1.181016E-02	1.289466E-04
4.260869E+03	1.175371E-02	1.270438E-04
4.270824E+03	1.168978E-02	1.250891E-04
4.280779E+03	1.161851E-02	1.230866E-04
4.290735E+03	1.154093E-02	1.210496E-04
4.300690E+03	1.145821E-02	1.189927E-04
4.310645E+03	1.137179E-02	1.169322E-04
4.320601E+03	1.128275E-02	1.148805E-04
4.330556E+03	1.119224E-02	1.128495E-04
4.340511E+03	1.110045E-02	1.108410E-04
4.350466E+03	1.100705E-02	1.088517E-04
4.360422E+03	1.091187E-02	1.068799E-04
4.370377E+03	1.081631E-02	1.049390E-04
4.380332E+03	1.072545E-02	1.030777E-04
4.390288E+03	1.064858E-02	1.013825E-04
4.400243E+03	1.059561E-02	9.994279E-05
4.410198E+03	1.057521E-02	9.883286E-05
4.420154E+03	1.059467E-02	9.811177E-05
4.430109E+03	1.065933E-02	9.781835E-05
4.440064E+03	1.077240E-02	9.797075E-05
4.450019E+03	1.093508E-02	9.856819E-05
4.459975E+03	1.114616E-02	9.958873E-05
4.469930E+03	1.140285E-02	1.009971E-04
4.479885E+03	1.169992E-02	1.027380E-04
4.489841E+03	1.202986E-02	1.047380E-04
4.499796E+03	1.238422E-02	1.069185E-04
4.509751E+03	1.275263E-02	1.091869E-04
4.519707E+03	1.312313E-02	1.114405E-04
4.529662E+03	1.348379E-02	1.135800E-04
4.539617E+03	1.382192E-02	1.155030E-04
4.549572E+03	1.412454E-02	1.171083E-04
4.559528E+03	1.438055E-02	1.183128E-04
4.569483E+03	1.457899E-02	1.190374E-04
4.579438E+03	1.471020E-02	1.192154E-04
4.589394E+03	1.476807E-02	1.188108E-04
4.599349E+03	1.474802E-02	1.178003E-04
4.609304E+03	1.464711E-02	1.161741E-04
4.619260E+03	1.446790E-02	1.139656E-04
4.629215E+03	1.421408E-02	1.112157E-04
4.639170E+03	1.389235E-02	1.079872E-04
4.649125E+03	1.351327E-02	1.043707E-04
4.659081E+03	1.308868E-02	1.004637E-04
4.669036E+03	1.263099E-02	9.636563E-05
4.678991E+03	1.215462E-02	9.218828E-05
4.688947E+03	1.167318E-02	8.803445E-05
4.698902E+03	1.119769E-02	8.398511E-05
4.708857E+03	1.073734E-02	8.010496E-05
4.718813E+03	1.029854E-02	7.643666E-05
4.728768E+03	9.883699E-03	7.299288E-05
4.738723E+03	9.491689E-03	6.975996E-05
4.748678E+03	9.119116E-03	6.670831E-05
4.758634E+03	8.762588E-03	6.380910E-05
4.768589E+03	8.421410E-03	6.105374E-05
4.778544E+03	8.105280E-03	5.850899E-05
4.788500E+03	7.825741E-03	5.625389E-05
4.798455E+03	7.589558E-03	5.433217E-05
4.808410E+03	7.400478E-03	5.276554E-05
4.818366E+03	7.260032E-03	5.155982E-05
4.828321E+03	7.166167E-03	5.069554E-05
4.838276E+03	7.114809E-03	5.013945E-05
4.848231E+03	7.100987E-03	4.985259E-05
4.858187E+03	7.119296E-03	4.979363E-05
4.868142E+03	7.163471E-03	4.991591E-05
4.878097E+03	7.226881E-03	5.017092E-05
4.888053E+03	7.302844E-03	5.051055E-05
4.898008E+03	7.384844E-03	5.088850E-05
4.907963E+03	7.466773E-03	5.126199E-05
4.917919E+03	7.544314E-03	5.160107E-05
4.927874E+03	7.614414E-03	5.188489E-05
4.937829E+03	7.675094E-03	5.210023E-05
4.947784E+03	7.726873E-03	5.225093E-05
4.957740E+03	7.771234E-03	5.234736E-05
4.967695E+03	7.810468E-03	5.240513E-05
4.977650E+03	7.847897E-03	5.244657E-05
4.987606E+03	7.887231E-03	5.249623E-05
4.997561E+03	7.931534E-03	5.257402E-05
5.007516E+03	7.983811E-03	5.269914E-05
5.017472E+03	8.046431E-03	5.288627E-05
5.027427E+03	8.120748E-03	5.314320E-05
5.037382E+03	8.207572E-03	5.347402E-05
5.047337E+03	8.306916E-03	5.387754E-05
5.057293E+03	8.418150E-03	5.434843E-05
5.067248E+03	8.540273E-03	5.487904E-05
5.077203E+03	8.672017E-03	5.546013E-05
5.087159E+03	8.812063E-03	5.608232E-05
5.097114E+03	8.959119E-03	5.673657E-05
5.107069E+03	9.112373E-03	5.741703E-05
5.117025E+03	9.270760E-03	5.811643E-05
5.126980E+03	9.434255E-03	5.883413E-05
5.136935E+03	9.602794E-03	5.956932E-05
5.146890E+03	9.776517E-03	6.032246E-05
5.156846E+03	9.955832E-03	6.109572E-05
5.166801E+03	1.014096E-02	6.189012E-05
5.176756E+03	1.033188E-02	6.270523E-05
5.186712E+03	1.052789E-02	6.353660E-05
5.196667E+03	1.072804E-02	6.437846E-05
5.206622E+03	1.093014E-02	6.521779E-05
5.216578E+03	1.113145E-02	6.603872E-05
5.226533E+03	1.132849E-02	6.682155E-05
5.236488E+03	1.151742E-02	6.754497E-05
5.246443E+03	1.169387E-02	6.818508E-05
5.256399E+03	1.185385E-02	6.872110E-05
5.266354E+03	1.199355E-02	6.913369E-05
5.276309E+03	1.210978E-02	6.940760E-05
5.286265E+03	1.219989E-02	6.953128E-05
5.296220E+03	1.226226E-02	6.949913E-05
5.306175E+03	1.229552E-02	6.930730E-05
5.316131E+03	1.229930E-02	6.895756E-05
5.326086E+03	1.227383E-02	6.845494E-05
5.336041E+03	1.222009E-02	6.780857E-05
5.345996E+03	1.213920E-02	6.702807E-05
5.355952E+03	1.203341E-02	6.612889E-05
5.365907E+03	1.190529E-02	6.512776E-05
5.375862E+03	1.175791E-02	6.404387E-05
5.385818E+03	1.159464E-02	6.289733E-05
5.395773E+03	1.141959E-02	6.171180E-05
5.405728E+03	1.123732E-02	6.051288E-05
5.415684E+03	1.105257E-02	5.932649E-05
5.425639E+03	1.087137E-02	5.818509E-05
5.435594E+03	1.069961E-02	5.711998E-05
5.445549E+03	1.054400E-02	5.616603E-05
5.455505E+03	1.041418E-02	5.537240E-05
5.465460E+03	1.031702E-02	5.477283E-05
5.475415E+03	1.025202E-02	5.436224E-05
5.485371E+03	1.021037E-02	5.409187E-05
5.495326E+03	1.017885E-02	5.388999E-05
5.505281E+03	1.014334E-02	5.368036E-05
5.515237E+03	1.009448E-02	5.341225E-05
5.525192E+03	1.002498E-02	5.304568E-05
5.535147E+03	9.929872E-03	5.255294E-05
5.545102E+03	9.807296E-03	5.192271E-05
5.555058E+03	9.657867E-03	5.115664E-05
5.565013E+03	9.483972E-03	5.026578E-05
5.574968E+03	9.290240E-03	4.927310E-05
5.584924E+03	9.082318E-03	4.820707E-05
5.594879E+03	8.866871E-03	4.710175E-05
5.604834E+03	8.651073E-03	4.599411E-05
5.614790E+03	8.442097E-03	4.492138E-05
5.624745E+03	8.246878E-03	4.391974E-05
5.634700E+03	8.071494E-03	4.302106E-05
5.644655E+03	7.921509E-03	4.225463E-05
5.654611E+03	7.801567E-03	4.164500E-05
5.664566E+03	7.715004E-03	4.120983E-05
5.674521E+03	7.664281E-03	4.096214E-05
5.684477E+03	7.650969E-03	4.091018E-05
5.694432E+03	7.675594E-03	4.105655E-05
5.704387E+03	7.737495E-03	4.139741E-05
5.714343E+03	7.835531E-03	4.192622E-05
5.724298E+03	7.967271E-03	4.262938E-05
5.734253E+03	8.129288E-03	4.348785E-05
5.744209E+03	8.317493E-03	4.447892E-05
5.754164E+03	8.526883E-03	4.557486E-05
5.764119E+03	8.751426E-03	4.674240E-05
5.774074E+03	8.984424E-03	4.794473E-05
5.784030E+03	9.218779E-03	4.914300E-05
5.793985E+03	9.446653E-03	5.029455E-05
5.803940E+03	9.660573E-03	5.135893E-05
5.813896E+03	9.853596E-03	5.229885E-05
5.823851E+03	1.001970E-02	5.308229E-05
5.833806E+03	1.015431E-02	5.368530E-05
5.843762E+03	1.025431E-02	5.409210E-05
5.853717E+03	1.031877E-02	5.429876E-05
5.863672E+03	1.034799E-02	5.430821E-05
5.873627E+03	1.034381E-02	5.413158E-05
5.883583E+03	1.030917E-02	5.378610E-05
5.893538E+03	1.024781E-02	5.329288E-05
5.903493E+03	1.016373E-02	5.267463E-05
5.913449E+03	1.006078E-02	5.195304E-05
5.923404E+03	9.942958E-03	5.115047E-05
5.933359E+03	9.813865E-03	5.028698E-05
5.943315E+03	9.676622E-03	4.938005E-05
5.953270E+03	9.533747E-03	4.844384E-05
5.963225E+03	9.387570E-03	4.749145E-05
5.973180E+03	9.239410E-03	4.653065E-05
5.983136E+03	9.090763E-03	4.557003E-05
5.993091E+03	8.941878E-03	4.461182E-05
6.003046E+03	8.792829E-03	4.365736E-05
6.013002E+03	8.643310E-03	4.270610E-05
6.022957E+03	8.492319E-03	4.175409E-05
6.032912E+03	8.338710E-03	4.079677E-05
6.042868E+03	8.181261E-03	3.982930E-05
6.052823E+03	8.019672E-03	3.885140E-05
6.062778E+03	7.853730E-03	3.786318E-05
6.072733E+03	7.684652E-03	3.687162E-05
6.082689E+03	7.514981E-03	3.588982E-05
6.092644E+03	7.348191E-03	3.493503E-05
6.102599E+03	7.188648E-03	3.402840E-05
6.112555E+03	7.042028E-03	3.319683E-05
6.122510E+03	6.913901E-03	3.246628E-05
6.132465E+03	6.809246E-03	3.185963E-05
6.142421E+03	6.732088E-03	3.139506E-05
6.152376E+03	6.684594E-03	3.108209E-05
6.162331E+03	6.666745E-03	3.092004E-05
6.172286E+03	6.675014E-03	3.089182E-05
6.182242E+03	6.702868E-03	3.096680E-05
6.192197E+03	6.740164E-03	3.109814E-05
6.202152E+03	6.773033E-03	3.122224E-05
6.212108E+03	6.788295E-03	3.127890E-05
6.222063E+03	6.782957E-03	3.125481E-05
6.232018E+03	6.764869E-03	3.118637E-05
6.241974E+03	6.745077E-03	3.112463E-05
6.251929E+03	6.734406E-03	3.111971E-05
6.261884E+03	6.737632E-03	3.119407E-05
6.271839E+03	6.757198E-03	3.135970E-05
6.281795E+03	6.794233E-03	3.162273E-05
6.291750E+03	6.847435E-03	3.197830E-05
6.301705E+03	6.913717E-03	3.241326E-05
6.311661E+03	6.989141E-03	3.291045E-05
6.321616E+03	7.069258E-03	3.345011E-05
6.331571E+03	7.148806E-03	3.400827E-05
6.341527E+03	7.222663E-03	3.456111E-05
6.351482E+03	7.286581E-03	3.508835E-05
6.361437E+03	7.336699E-03	3.557071E-05
6.371392E+03	7.369924E-03	3.599116E-05
6.381348E+03	7.385751E-03	3.634453E-05
6.391303E+03	7.384289E-03	3.662837E-05
6.401258E+03	7.366733E-03	3.684545E-05
6.411214E+03	7.335908E-03	3.700678E-05
6.421169E+03	7.295192E-03	3.712658E-05
6.431124E+03	7.248176E-03	3.722065E-05
6.441080E+03	7.198409E-03	3.730523E-05
6.451035E+03	7.149467E-03	3.739739E-05
6.460990E+03	7.104245E-03	3.751136E-05
6.470945E+03	7.065299E-03	3.766019E-05
6.480901E+03	7.034645E-03	3.785460E-05
6.490856E+03	7.013966E-03	3.810402E-05
6.500811E+03	7.004584E-03	3.841630E-05
6.510767E+03	7.007011E-03	3.879517E-05
6.520722E+03	7.020950E-03	3.923998E-05
6.530677E+03	7.045587E-03	3.974714E-05
6.540633E+03	7.079988E-03	4.031226E-05
6.550588E+03	7.122748E-03	4.092805E-05
6.560543E+03	7.172114E-03	4.158491E-05
6.570498E+03	7.226200E-03	4.227211E-05
6.580454E+03	7.282810E-03	4.297671E-05
6.590409E+03	7.339307E-03	4.368269E-05
6.600364E+03	7.393249E-03	4.437466E-05
6.610320E+03	7.442044E-03	4.503589E-05
6.620275E+03	7.483573E-03	4.565200E-05
6.630230E+03	7.515489E-03	4.620689E-05
6.640186E+03	7.536056E-03	4.668782E-05
6.650141E+03	7.544030E-03	4.708489E-05
6.660096E+03	7.538504E-03	4.739019E-05
6.670051E+03	7.518942E-03	4.759806E-05
6.680007E+03	7.485383E-03	4.770658E-05
6.689962E+03	7.438504E-03	4.771801E-05
6.699917E+03	7.379148E-03	4.763594E-05
6.709873E+03	7.308719E-03	4.746786E-05
6.719828E+03	7.228531E-03	4.722103E-05
6.729783E+03	7.140655E-03	4.690796E-05
6.739739E+03	7.046701E-03	4.653853E-05
6.749694E+03	6.948863E-03	4.612684E-05
6.759649E+03	6.848839E-03	4.568400E-05
6.769604E+03	6.748560E-03	4.522298E-05
6.779560E+03	6.649762E-03	4.475571E-05
6.789515E+03	6.554008E-03	4.429316E-05
6.799470E+03	6.462953E-03	4.384712E-05
6.809426E+03	6.377904E-03	4.342713E-05
6.819381E+03	6.300257E-03	4.304348E-05
6.829336E+03	6.230815E-03	4.270245E-05
6.839292E+03	6.170664E-03	4.241226E-05
6.849247E+03	6.120358E-03	4.217752E-05
6.859202E+03	6.080349E-03	4.200206E-05
6.869157E+03	6.050771E-03	4.188746E-05
6.879113E+03	6.031877E-03	4.183605E-05
6.889068E+03	6.023069E-03	4.184417E-05
6.899023E+03	6.024217E-03	4.191129E-05
6.908979E+03	6.034405E-03	4.203129E-05
6.918934E+03	6.052734E-03	4.219810E-05
6.928889E+03	6.078252E-03	4.240514E-05
6.938845E+03	6.109625E-03	4.264311E-05
6.948800E+03	6.145480E-03	4.290237E-05
6.958755E+03	6.184338E-03	4.317248E-05
6.968710E+03	6.224648E-03	4.344246E-05
6.978666E+03	6.264793E-03	4.370093E-05
6.988621E+03	6.303034E-03	4.393564E-05
6.998576E+03	6.338047E-03	4.413732E-05
7.008532E+03	6.367948E-03	4.429286E-05
7.018487E+03	6.391745E-03	4.439549E-05
7.028442E+03	6.407855E-03	4.443442E-05
7.038398E+03	6.415524E-03	4.440479E-05
7.048353E+03	6.413884E-03	4.430103E-05
7.058308E+03	6.402523E-03	4.412090E-05
7.068263E+03	6.381498E-03	4.386549E-05
7.078219E+03	6.350878E-03	4.353607E-05
7.088174E+03	6.311546E-03	4.313953E-05
7.098129E+03	6.264499E-03	4.268361E-05
7.108085E+03	6.211314E-03	4.217990E-05
7.118040E+03	6.153635E-03	4.164042E-05
7.127995E+03	6.093028E-03	4.107652E-05
7.137951E+03	6.031300E-03	4.050106E-05
7.147906E+03	5.969742E-03	3.992325E-05
7.157861E+03	5.909855E-03	3.935357E-05
7.167817E+03	5.852519E-03	3.879822E-05
7.177772E+03	5.798360E-03	3.826158E-05
7.187727E+03	5.747900E-03	3.774729E-05
7.197682E+03	5.701295E-03	3.725650E-05
7.207638E+03	5.658415E-03	3.678845E-05
7.217593E+03	5.619054E-03	3.634193E-05
7.227548E+03	5.582909E-03	3.591507E-05
7.237504E+03	5.549624E-03	3.550575E-05
7.247459E+03	5.518815E-03	3.511168E-05
7.257414E+03	5.489884E-03	3.472929E-05
7.267370E+03	5.462714E-03	3.435811E-05
7.277325E+03	5.436857E-03	3.399562E-05
7.287280E+03	5.411920E-03	3.363973E-05
7.297235E+03	5.387776E-03	3.329004E-05
7.307191E+03	5.363949E-03	3.294403E-05
7.317146E+03	5.340225E-03	3.260088E-05
7.327101E+03	5.316412E-03	3.225991E-05
7.337057E+03	5.292117E-03	3.191928E-05
7.347012E+03	5.267207E-03	3.157876E-05
7.356967E+03	5.241154E-03	3.123579E-05
7.366923E+03	5.213904E-03	3.089070E-05
7.376878E+03	5.185040E-03	3.054167E-05
7.386833E+03	5.154548E-03	3.018929E-05
7.396788E+03	5.122111E-03	2.983238E-05
7.406744E+03	5.087612E-03	2.947093E-05
7.416699E+03	5.051166E-03	2.910628E-05
7.426654E+03	5.012687E-03	2.873855E-05
7.436610E+03	4.972615E-03	2.837085E-05
7.446565E+03	4.930971E-03	2.800381E-05
7.456520E+03	4.888292E-03	2.764058E-05
7.466476E+03	4.844883E-03	2.728261E-05
7.476431E+03	4.801559E-03	2.693417E-05
7.486386E+03	4.758835E-03	2.659779E-05
7.496341E+03	4.717403E-03	2.627695E-05
7.506297E+03	4.678049E-03	2.597559E-05
7.516252E+03	4.641291E-03	2.569618E-05
7.526207E+03	4.607770E-03	2.544183E-05
7.536163E+03	4.577560E-03	2.521254E-05
7.546118E+03	4.550629E-03	2.500774E-05
7.556073E+03	4.526763E-03	2.482592E-05
7.566029E+03	4.505471E-03	2.466410E-05
7.575984E+03	4.486417E-03	2.452018E-05
7.585939E+03	4.469026E-03	2.439083E-05
7.595894E+03	4.452984E-03	2.427415E-05
7.605850E+03	4.437655E-03	2.416656E-05
7.615805E+03	4.422862E-03	2.406697E-05
7.625760E+03	4.408129E-03	2.397274E-05
7.635716E+03	4.393569E-03	2.388440E-05
7.645671E+03	4.378985E-03	2.380087E-05
7.655626E+03	4.364661E-03	2.372364E-05
7.665582E+03	4.350690E-03	2.365324E-05
7.675537E+03	4.337328E-03	2.359107E-05
7.685492E+03	4.324880E-03	2.353882E-05
7.695447E+03	4.313680E-03	2.349840E-05
7.705403E+03	4.304052E-03	2.347164E-05
7.715358E+03	4.296142E-03	2.345947E-05
7.725313E+03	4.290318E-03	2.346407E-05
7.735269E+03	4.286425E-03	2.348479E-05
7.745224E+03	4.284379E-03	2.352137E-05
7.755179E+03	4.284070E-03	2.357347E-05
7.765135E+03	4.285065E-03	2.363897E-05
7.775090E+03	4.286940E-03	2.371579E-05
7.785045E+03	4.289071E-03	2.380077E-05
7.795000E+03	4.290994E-03	2.389158E-05
7.804956E+03	4.292039E-03	2.398473E-05
7.814911E+03	4.291582E-03	2.407692E-05
7.824866E+03	4.289251E-03	2.416623E-05
7.834822E+03	4.284468E-03	2.424950E-05
7.844777E+03	4.277111E-03	2.432610E-05
7.854732E+03	4.266947E-03	2.439470E-05
7.864688E+03	4.253775E-03	2.445411E-05
7.874643E+03	4.237544E-03	2.450394E-05
7.884598E+03	4.217997E-03	2.454251E-05
7.894553E+03	4.195019E-03	2.456894E-05
7.904509E+03	4.168506E-03	2.458230E-05
7.914464E+03	4.137898E-03	2.457870E-05
7.924419E+03	4.103086E-03	2.455638E-05
7.934375E+03	4.063263E-03	2.450930E-05
7.944330E+03	4.018032E-03	2.443366E-05
7.954285E+03	3.966870E-03	2.432480E-05
7.964241E+03	3.909322E-03	2.417832E-05
7.974196E+03	3.845199E-03	2.399131E-05
7.984151E+03	3.774603E-03	2.376265E-05
7.994106E+03	3.697535E-03	2.349054E-05
8.004062E+03	3.614427E-03	2.317593E-05
8.014017E+03	3.525694E-03	2.281976E-05
8.023972E+03	3.431815E-03	2.242346E-05
8.033928E+03	3.333477E-03	2.198996E-05
8.043883E+03	3.231675E-03	2.152443E-05
8.053838E+03	3.127724E-03	2.103448E-05
8.063794E+03	3.022909E-03	2.052785E-05
8.073749E+03	2.918816E-03	2.001475E-05
8.083704E+03	2.816871E-03	1.950472E-05
8.093659E+03	2.718309E-03	1.900641E-05
8.103615E+03	2.624307E-03	1.852845E-05
8.113570E+03	2.535774E-03	1.807792E-05
8.123525E+03	2.453375E-03	1.766043E-05
8.133481E+03	2.377550E-03	1.728021E-05
8.143436E+03	2.308601E-03	1.694063E-05
8.153391E+03	2.246668E-03	1.664399E-05
8.163347E+03	2.191828E-03	1.639215E-05
8.173302E+03	2.143934E-03	1.618538E-05
8.183257E+03	2.102999E-03	1.602513E-05
8.193212E+03	2.068801E-03	1.591107E-05
8.203168E+03	2.041249E-03	1.584383E-05
8.213123E+03	2.020044E-03	1.582240E-05
8.223078E+03	2.005015E-03	1.584672E-05
8.233034E+03	1.996006E-03	1.591679E-05
8.242989E+03	1.992668E-03	1.603102E-05
8.252944E+03	1.994858E-03	1.618942E-05
8.262900E+03	2.002250E-03	1.639042E-05
8.272855E+03	2.014685E-03	1.663378E-05
8.282810E+03	2.031957E-03	1.691880E-05
8.292765E+03	2.053868E-03	1.724480E-05
8.302721E+03	2.080349E-03	1.761211E-05
8.312676E+03	2.111220E-03	1.802013E-05
8.322631E+03	2.146453E-03	1.846948E-05
8.332587E+03	2.185957E-03	1.896025E-05
8.342542E+03	2.229501E-03	1.949126E-05
8.352497E+03	2.277099E-03	2.006343E-05
8.362453E+03	2.328552E-03	2.067580E-05
8.372408E+03	2.383694E-03	2.132765E-05
8.382363E+03	2.442331E-03	2.201793E-05
8.392318E+03	2.504234E-03	2.274527E-05
8.402274E+03	2.569149E-03	2.350797E-05
8.412229E+03	2.636718E-03	2.430334E-05
8.422184E+03	2.706718E-03	2.512982E-05
8.432140E+03	2.778769E-03	2.598434E-05
8.442095E+03	2.852654E-03	2.686529E-05
8.452050E+03	2.928096E-03	2.777041E-05
8.462006E+03	3.004658E-03	2.869586E-05
8.471961E+03	3.082255E-03	2.964107E-05
8.481916E+03	3.160467E-03	3.060224E-05
8.491871E+03	3.239228E-03	3.157889E-05
8.501827E+03	3.318067E-03	3.256659E-05
8.511782E+03	3.396770E-03	3.356330E-05
8.521737E+03	3.474957E-03	3.456534E-05
8.531693E+03	3.552068E-03	3.556707E-05
8.541648E+03	3.627681E-03	3.656417E-05
8.551603E+03	3.701007E-03	3.754847E-05
8.561559E+03	3.771681E-03	3.851594E-05
8.571514E+03	3.839005E-03	3.945902E-05
8.581469E+03	3.902441E-03	4.037168E-05
8.591425E+03	3.961401E-03	4.124719E-05
8.601380E+03	4.015762E-03	4.208356E-05
8.611335E+03	4.064876E-03	4.287323E-05
8.621290E+03	4.108838E-03	4.361636E-05
8.631246E+03	4.147484E-03	4.431035E-05
8.641201E+03	4.180732E-03	4.495347E-05
8.651156E+03	4.208991E-03	4.554924E-05
8.661112E+03	4.232210E-03	4.609631E-05
8.671067E+03	4.250748E-03	4.659775E-05
8.681022E+03	4.264687E-03	4.705372E-05
8.690978E+03	4.274206E-03	4.746545E-05
8.700933E+03	4.279439E-03	4.783369E-05
8.710888E+03	4.280455E-03	4.815849E-05
8.720843E+03	4.277128E-03	4.843772E-05
8.730799E+03	4.269564E-03	4.867179E-05
8.740754E+03	4.257568E-03	4.885771E-05
8.750709E+03	4.241210E-03	4.899543E-05
8.760665E+03	4.220141E-03	4.908005E-05
8.770620E+03	4.194436E-03	4.911148E-05
8.780575E+03	4.164060E-03	4.908835E-05
8.790531E+03	4.129032E-03	4.900983E-05
8.800486E+03	4.089290E-03	4.887415E-05
8.810441E+03	4.045256E-03	4.868525E-05
8.820396E+03	3.997012E-03	4.844309E-05
8.830352E+03	3.944894E-03	4.815069E-05
8.840307E+03	3.889321E-03	4.781217E-05
8.850262E+03	3.831001E-03	4.743535E-05
8.860218E+03	3.770633E-03	4.702811E-05
8.870173E+03	3.709444E-03	4.660521E-05
8.880128E+03	3.648184E-03	4.617560E-05
8.890084E+03	3.588367E-03	4.575821E-05
8.900039E+03	3.530825E-03	4.536375E-05
8.909994E+03	3.476684E-03	4.500710E-05
8.919949E+03	3.426626E-03	4.469784E-05
8.929905E+03	3.380890E-03	4.444000E-05
8.939860E+03	3.339382E-03	4.423335E-05
8.949815E+03	3.302020E-03	4.407782E-05
8.959771E+03	3.268549E-03	4.397102E-05
8.999592E+03	3.172934E-03	4.404229E-05
9.039413E+03	3.131355E-03	4.485923E-05
9.079234E+03	3.133839E-03	4.633814E-05
9.119055E+03	3.159010E-03	4.820768E-05
9.158877E+03	3.179971E-03	5.007171E-05
9.198698E+03	3.173626E-03	5.154417E-05
9.238519E+03	3.132248E-03	5.244981E-05
9.278340E+03	3.062676E-03	5.284806E-05
9.318161E+03	2.977414E-03	5.291244E-05
9.357983E+03	2.886619E-03	5.279939E-05
9.397804E+03	2.796626E-03	5.261509E-05
9.437625E+03	2.709958E-03	5.240590E-05
9.477446E+03	2.626446E-03	5.217067E-05
9.517267E+03	2.544997E-03	5.188960E-05
9.557089E+03	2.464806E-03	5.154713E-05
9.596910E+03	2.386372E-03	5.115443E-05
9.636731E+03	2.310090E-03	5.072174E-05
9.676552E+03	2.235751E-03	5.024694E-05
9.716373E+03	2.163217E-03	4.972933E-05
9.756195E+03	2.091990E-03	4.915971E-05
9.796016E+03	2.021919E-03	4.853644E-05
9.835837E+03	1.952679E-03	4.785343E-05
9.875658E+03	1.883991E-03	4.710532E-05
9.915479E+03	1.815639E-03	4.628785E-05
9.955301E+03	1.747806E-03	4.540695E-05
9.995122E+03	1.680944E-03	4.447601E-05
1.003494E+04	1.615075E-03	4.349789E-05
1.007476E+04	1.550876E-03	4.249348E-05
1.011459E+04	1.489357E-03	4.149420E-05
1.015441E+04	1.431284E-03	4.052641E-05
1.019423E+04	1.376888E-03	3.960248E-05
1.023405E+04	1.326162E-03	3.872808E-05
1.027387E+04	1.279097E-03	3.790872E-05
