#wls	flux	fluxerr
1.592848E+03	1.372069E-04	4.852175E-06
1.632669E+03	1.404867E-04	4.950831E-06
1.672491E+03	1.432310E-04	5.029426E-06
1.712312E+03	1.454115E-04	5.087145E-06
1.752133E+03	1.469524E-04	5.121527E-06
1.791954E+03	1.477108E-04	5.127850E-06
1.831775E+03	1.474493E-04	5.098203E-06
1.871597E+03	1.459651E-04	5.026023E-06
1.911418E+03	1.430763E-04	4.905609E-06
1.951239E+03	1.386874E-04	4.734331E-06
1.991060E+03	1.329793E-04	4.519057E-06
2.030881E+03	1.266286E-04	4.283330E-06
2.070703E+03	1.208400E-04	4.068074E-06
2.110524E+03	1.171823E-04	3.925626E-06
2.150345E+03	1.168877E-04	3.896046E-06
2.190166E+03	1.204584E-04	3.994274E-06
2.229987E+03	1.274770E-04	4.204493E-06
2.269809E+03	1.368923E-04	4.490303E-06
2.309630E+03	1.475805E-04	4.813626E-06
2.349451E+03	1.585788E-04	5.142389E-06
2.389272E+03	1.692921E-04	5.457092E-06
2.429093E+03	1.793486E-04	5.745832E-06
2.468915E+03	1.885936E-04	6.003936E-06
2.508736E+03	1.969854E-04	6.230444E-06
2.548557E+03	2.045409E-04	6.426290E-06
2.588378E+03	2.113025E-04	6.593214E-06
2.628199E+03	2.173219E-04	6.733224E-06
2.668021E+03	2.226518E-04	6.848333E-06
2.707842E+03	2.273092E-04	6.939446E-06
2.747663E+03	2.313778E-04	7.009479E-06
2.787484E+03	2.349076E-04	7.060276E-06
2.827305E+03	2.379155E-04	7.092674E-06
2.867127E+03	2.404894E-04	7.109594E-06
2.906948E+03	2.426865E-04	7.112989E-06
2.946769E+03	2.446017E-04	7.105863E-06
2.986590E+03	2.463638E-04	7.092105E-06
2.996546E+03	2.467991E-04	7.088177E-06
3.006501E+03	2.472438E-04	7.084381E-06
3.016456E+03	2.476676E-04	7.079852E-06
3.026411E+03	2.481387E-04	7.076537E-06
3.036367E+03	2.486123E-04	7.073149E-06
3.046322E+03	2.491369E-04	7.071066E-06
3.056277E+03	2.497083E-04	7.070158E-06
3.066233E+03	2.503219E-04	7.070284E-06
3.076188E+03	2.509744E-04	7.071340E-06
3.086143E+03	2.516929E-04	7.074083E-06
3.096099E+03	2.524139E-04	7.076714E-06
3.106054E+03	2.531954E-04	7.080858E-06
3.116009E+03	2.540052E-04	7.085601E-06
3.125964E+03	2.548418E-04	7.090894E-06
3.135920E+03	2.557335E-04	7.097518E-06
3.145875E+03	2.566495E-04	7.104605E-06
3.155830E+03	2.576181E-04	7.112932E-06
3.165786E+03	2.586389E-04	7.122473E-06
3.175741E+03	2.596813E-04	7.132379E-06
3.185696E+03	2.607748E-04	7.143452E-06
3.195652E+03	2.619480E-04	7.156460E-06
3.205607E+03	2.631422E-04	7.169784E-06
3.215562E+03	2.643867E-04	7.184217E-06
3.225517E+03	2.657103E-04	7.200525E-06
3.235473E+03	2.670842E-04	7.217912E-06
3.245428E+03	2.685084E-04	7.236363E-06
3.255383E+03	2.700118E-04	7.256647E-06
3.265339E+03	2.715659E-04	7.277978E-06
3.275294E+03	2.732276E-04	7.301866E-06
3.285249E+03	2.749403E-04	7.326771E-06
3.295205E+03	2.767608E-04	7.354195E-06
3.305160E+03	2.786321E-04	7.382602E-06
3.315115E+03	2.806112E-04	7.413479E-06
3.325070E+03	2.826693E-04	7.446045E-06
3.335026E+03	2.848344E-04	7.481015E-06
3.344981E+03	2.871063E-04	7.518355E-06
3.354936E+03	2.894840E-04	7.558016E-06
3.364892E+03	2.919676E-04	7.599967E-06
3.374847E+03	2.945561E-04	7.644162E-06
3.384802E+03	2.972490E-04	7.690557E-06
3.394758E+03	3.000731E-04	7.739819E-06
3.404713E+03	3.030273E-04	7.791882E-06
3.414668E+03	3.061110E-04	7.846701E-06
3.424623E+03	3.093233E-04	7.904218E-06
3.434579E+03	3.126635E-04	7.964380E-06
3.444534E+03	3.161586E-04	8.027839E-06
3.454489E+03	3.197807E-04	8.093854E-06
3.464445E+03	3.235576E-04	8.163083E-06
3.474400E+03	3.274895E-04	8.235499E-06
3.484355E+03	3.315779E-04	8.311091E-06
3.494311E+03	3.358511E-04	8.390530E-06
3.504266E+03	3.402849E-04	8.473162E-06
3.514221E+03	3.449095E-04	8.559691E-06
3.524176E+03	3.497287E-04	8.650162E-06
3.534132E+03	3.547470E-04	8.744636E-06
3.544087E+03	3.599704E-04	8.843201E-06
3.554042E+03	3.654051E-04	8.945956E-06
3.563998E+03	3.710849E-04	9.053669E-06
3.573953E+03	3.770179E-04	9.166467E-06
3.583908E+03	3.832134E-04	9.284511E-06
3.593864E+03	3.896821E-04	9.407986E-06
3.603819E+03	3.964360E-04	9.537103E-06
3.613774E+03	4.034886E-04	9.672109E-06
3.623729E+03	4.108801E-04	9.813884E-06
3.633685E+03	4.186003E-04	9.962093E-06
3.643640E+03	4.266926E-04	1.011767E-05
3.653595E+03	4.351490E-04	1.028032E-05
3.663551E+03	4.440416E-04	1.045165E-05
3.673506E+03	4.533647E-04	1.063140E-05
3.683461E+03	4.631411E-04	1.081998E-05
3.693417E+03	4.733934E-04	1.101780E-05
3.703372E+03	4.841458E-04	1.122527E-05
3.713327E+03	4.954493E-04	1.144345E-05
3.723282E+03	5.073030E-04	1.167214E-05
3.733238E+03	5.197585E-04	1.191239E-05
3.743193E+03	5.328145E-04	1.216400E-05
3.753148E+03	5.465216E-04	1.242793E-05
3.763104E+03	5.608764E-04	1.270394E-05
3.773059E+03	5.759272E-04	1.299293E-05
3.783014E+03	5.916930E-04	1.329513E-05
3.792970E+03	6.081622E-04	1.361007E-05
3.802925E+03	6.253742E-04	1.393843E-05
3.812880E+03	6.433363E-04	1.428016E-05
3.822835E+03	6.620500E-04	1.463509E-05
3.832791E+03	6.814812E-04	1.500223E-05
3.842746E+03	7.016162E-04	1.538108E-05
3.852701E+03	7.224902E-04	1.577222E-05
3.862657E+03	7.439842E-04	1.617282E-05
3.872612E+03	7.661133E-04	1.658305E-05
3.882567E+03	7.888234E-04	1.700153E-05
3.892523E+03	8.120189E-04	1.742606E-05
3.902478E+03	8.356209E-04	1.785480E-05
3.912433E+03	8.595390E-04	1.828570E-05
3.922388E+03	8.836713E-04	1.871650E-05
3.932344E+03	9.079051E-04	1.914476E-05
3.942299E+03	9.321178E-04	1.956786E-05
3.952254E+03	9.561477E-04	1.998242E-05
3.962210E+03	9.798570E-04	2.038562E-05
3.972165E+03	1.003136E-03	2.077527E-05
3.982120E+03	1.025809E-03	2.114786E-05
3.992076E+03	1.047735E-03	2.150066E-05
4.002031E+03	1.068774E-03	2.183104E-05
4.011986E+03	1.088767E-03	2.213598E-05
4.021941E+03	1.107596E-03	2.241340E-05
4.031897E+03	1.125191E-03	2.266222E-05
4.041852E+03	1.141407E-03	2.287990E-05
4.051807E+03	1.156217E-03	2.306626E-05
4.061763E+03	1.169552E-03	2.322039E-05
4.071718E+03	1.181433E-03	2.334308E-05
4.081673E+03	1.191810E-03	2.343378E-05
4.091629E+03	1.200748E-03	2.349423E-05
4.101584E+03	1.208304E-03	2.352592E-05
4.111539E+03	1.214494E-03	2.352958E-05
4.121494E+03	1.219471E-03	2.350856E-05
4.131450E+03	1.223256E-03	2.346360E-05
4.141405E+03	1.226026E-03	2.339847E-05
4.151360E+03	1.227883E-03	2.331538E-05
4.161316E+03	1.228934E-03	2.321664E-05
4.171271E+03	1.229345E-03	2.310559E-05
4.181226E+03	1.229226E-03	2.298449E-05
4.191182E+03	1.228685E-03	2.285554E-05
4.201137E+03	1.227881E-03	2.272178E-05
4.211092E+03	1.226886E-03	2.258464E-05
4.221047E+03	1.225843E-03	2.244681E-05
4.231003E+03	1.224863E-03	2.231031E-05
4.240958E+03	1.223998E-03	2.217607E-05
4.250913E+03	1.223365E-03	2.204622E-05
4.260869E+03	1.223026E-03	2.192178E-05
4.270824E+03	1.223057E-03	2.180405E-05
4.280779E+03	1.223505E-03	2.169375E-05
4.290735E+03	1.224456E-03	2.159228E-05
4.300690E+03	1.225918E-03	2.149967E-05
4.310645E+03	1.227964E-03	2.141704E-05
4.320601E+03	1.230595E-03	2.134427E-05
4.330556E+03	1.233897E-03	2.128268E-05
4.340511E+03	1.237866E-03	2.123202E-05
4.350466E+03	1.242545E-03	2.119282E-05
4.360422E+03	1.247955E-03	2.116528E-05
4.370377E+03	1.254190E-03	2.115078E-05
4.380332E+03	1.261259E-03	2.114923E-05
4.390288E+03	1.269292E-03	2.116261E-05
4.400243E+03	1.278364E-03	2.119189E-05
4.410198E+03	1.288547E-03	2.123798E-05
4.420154E+03	1.299971E-03	2.130269E-05
4.430109E+03	1.312670E-03	2.138627E-05
4.440064E+03	1.326726E-03	2.148971E-05
4.450019E+03	1.342183E-03	2.161332E-05
4.459975E+03	1.359018E-03	2.175637E-05
4.469930E+03	1.377220E-03	2.191834E-05
4.479885E+03	1.396770E-03	2.209852E-05
4.489841E+03	1.417547E-03	2.229468E-05
4.499796E+03	1.439455E-03	2.250502E-05
4.509751E+03	1.462319E-03	2.272651E-05
4.519707E+03	1.485946E-03	2.295592E-05
4.529662E+03	1.510084E-03	2.318922E-05
4.539617E+03	1.534496E-03	2.342268E-05
4.549572E+03	1.558875E-03	2.365161E-05
4.559528E+03	1.582921E-03	2.387152E-05
4.569483E+03	1.606345E-03	2.407822E-05
4.579438E+03	1.628794E-03	2.426664E-05
4.589394E+03	1.649962E-03	2.443257E-05
4.599349E+03	1.669581E-03	2.457244E-05
4.609304E+03	1.687378E-03	2.468271E-05
4.619260E+03	1.703059E-03	2.475965E-05
4.629215E+03	1.716425E-03	2.480098E-05
4.639170E+03	1.727307E-03	2.480495E-05
4.649125E+03	1.735486E-03	2.476909E-05
4.659081E+03	1.740917E-03	2.469352E-05
4.669036E+03	1.743468E-03	2.457715E-05
4.678991E+03	1.743151E-03	2.442090E-05
4.688947E+03	1.740011E-03	2.422620E-05
4.698902E+03	1.734154E-03	2.399524E-05
4.708857E+03	1.725726E-03	2.373076E-05
4.718813E+03	1.714978E-03	2.343684E-05
4.728768E+03	1.702174E-03	2.311769E-05
4.738723E+03	1.687655E-03	2.277843E-05
4.748678E+03	1.671788E-03	2.242441E-05
4.758634E+03	1.655044E-03	2.206224E-05
4.768589E+03	1.637890E-03	2.169833E-05
4.778544E+03	1.620773E-03	2.133868E-05
4.788500E+03	1.604228E-03	2.099023E-05
4.798455E+03	1.588739E-03	2.065917E-05
4.808410E+03	1.574775E-03	2.035127E-05
4.818366E+03	1.562773E-03	2.007177E-05
4.828321E+03	1.553139E-03	1.982538E-05
4.838276E+03	1.546218E-03	1.961588E-05
4.848231E+03	1.542320E-03	1.944648E-05
4.858187E+03	1.541638E-03	1.931892E-05
4.868142E+03	1.544309E-03	1.923413E-05
4.878097E+03	1.550417E-03	1.919237E-05
4.888053E+03	1.559907E-03	1.919217E-05
4.898008E+03	1.572628E-03	1.923095E-05
4.907963E+03	1.588424E-03	1.930608E-05
4.917919E+03	1.606912E-03	1.941226E-05
4.927874E+03	1.627681E-03	1.954400E-05
4.937829E+03	1.650237E-03	1.969491E-05
4.947784E+03	1.673925E-03	1.985686E-05
4.957740E+03	1.698025E-03	2.002116E-05
4.967695E+03	1.721786E-03	2.017892E-05
4.977650E+03	1.744410E-03	2.032098E-05
4.987606E+03	1.765140E-03	2.043882E-05
4.997561E+03	1.783322E-03	2.052534E-05
5.007516E+03	1.798520E-03	2.057611E-05
5.017472E+03	1.810528E-03	2.058943E-05
5.027427E+03	1.819267E-03	2.056506E-05
5.037382E+03	1.824948E-03	2.050605E-05
5.047337E+03	1.827968E-03	2.041749E-05
5.057293E+03	1.828813E-03	2.030527E-05
5.067248E+03	1.828021E-03	2.017580E-05
5.077203E+03	1.826249E-03	2.003658E-05
5.087159E+03	1.824072E-03	1.989409E-05
5.097114E+03	1.821992E-03	1.975385E-05
5.107069E+03	1.820447E-03	1.962056E-05
5.117025E+03	1.819793E-03	1.949794E-05
5.126980E+03	1.820283E-03	1.938851E-05
5.136935E+03	1.822109E-03	1.929410E-05
5.146890E+03	1.825361E-03	1.921541E-05
5.156846E+03	1.830115E-03	1.915299E-05
5.166801E+03	1.836387E-03	1.910675E-05
5.176756E+03	1.844176E-03	1.907642E-05
5.186712E+03	1.853488E-03	1.906181E-05
5.196667E+03	1.864255E-03	1.906198E-05
5.206622E+03	1.876467E-03	1.907661E-05
5.216578E+03	1.890048E-03	1.910470E-05
5.226533E+03	1.904919E-03	1.914528E-05
5.236488E+03	1.920998E-03	1.919733E-05
5.246443E+03	1.938104E-03	1.925890E-05
5.256399E+03	1.956109E-03	1.932861E-05
5.266354E+03	1.974793E-03	1.940420E-05
5.276309E+03	1.993919E-03	1.948330E-05
5.286265E+03	2.013157E-03	1.956269E-05
5.296220E+03	2.032250E-03	1.963995E-05
5.306175E+03	2.050873E-03	1.971203E-05
5.316131E+03	2.068724E-03	1.977619E-05
5.326086E+03	2.085518E-03	1.982991E-05
5.336041E+03	2.101019E-03	1.987120E-05
5.345996E+03	2.115030E-03	1.989846E-05
5.355952E+03	2.127419E-03	1.991074E-05
5.365907E+03	2.138070E-03	1.990728E-05
5.375862E+03	2.147011E-03	1.988864E-05
5.385818E+03	2.154228E-03	1.985501E-05
5.395773E+03	2.159863E-03	1.980797E-05
5.405728E+03	2.164023E-03	1.974879E-05
5.415684E+03	2.166831E-03	1.967884E-05
5.425639E+03	2.168486E-03	1.960014E-05
5.435594E+03	2.169088E-03	1.951379E-05
5.445549E+03	2.168653E-03	1.942011E-05
5.455505E+03	2.167122E-03	1.931875E-05
5.465460E+03	2.164197E-03	1.920724E-05
5.475415E+03	2.159387E-03	1.908143E-05
5.485371E+03	2.152042E-03	1.893579E-05
5.495326E+03	2.141387E-03	1.876373E-05
5.505281E+03	2.126584E-03	1.855821E-05
5.515237E+03	2.106972E-03	1.831383E-05
5.525192E+03	2.081984E-03	1.802610E-05
5.535147E+03	2.051396E-03	1.769349E-05
5.545102E+03	2.015384E-03	1.731796E-05
5.555058E+03	1.974425E-03	1.690395E-05
5.565013E+03	1.929252E-03	1.645807E-05
5.574968E+03	1.880879E-03	1.598917E-05
5.584924E+03	1.830492E-03	1.550741E-05
5.594879E+03	1.779309E-03	1.502313E-05
5.604834E+03	1.728675E-03	1.454756E-05
5.614790E+03	1.679909E-03	1.409158E-05
5.624745E+03	1.634202E-03	1.366485E-05
5.634700E+03	1.592662E-03	1.327627E-05
5.644655E+03	1.556282E-03	1.293366E-05
5.654611E+03	1.525921E-03	1.264364E-05
5.664566E+03	1.502284E-03	1.241153E-05
5.674521E+03	1.485947E-03	1.224150E-05
5.684477E+03	1.477462E-03	1.213753E-05
5.694432E+03	1.477149E-03	1.210167E-05
5.704387E+03	1.485331E-03	1.213599E-05
5.714343E+03	1.502296E-03	1.224226E-05
5.724298E+03	1.528195E-03	1.242117E-05
5.734253E+03	1.563179E-03	1.267337E-05
5.744209E+03	1.607312E-03	1.299889E-05
5.754164E+03	1.660497E-03	1.339643E-05
5.764119E+03	1.722469E-03	1.386339E-05
5.774074E+03	1.792868E-03	1.439646E-05
5.784030E+03	1.870967E-03	1.498943E-05
5.793985E+03	1.955786E-03	1.563415E-05
5.803940E+03	2.046084E-03	1.632049E-05
5.813896E+03	2.140076E-03	1.703406E-05
5.823851E+03	2.235589E-03	1.775757E-05
5.833806E+03	2.330231E-03	1.847211E-05
5.843762E+03	2.421547E-03	1.915845E-05
5.853717E+03	2.506980E-03	1.979670E-05
5.863672E+03	2.584092E-03	2.036805E-05
5.873627E+03	2.650781E-03	2.085646E-05
5.883583E+03	2.705275E-03	2.124860E-05
5.893538E+03	2.746199E-03	2.153429E-05
5.903493E+03	2.772905E-03	2.170908E-05
5.913449E+03	2.785232E-03	2.177234E-05
5.923404E+03	2.783454E-03	2.172679E-05
5.933359E+03	2.768519E-03	2.158034E-05
5.943315E+03	2.741765E-03	2.134386E-05
5.953270E+03	2.704685E-03	2.102934E-05
5.963225E+03	2.659147E-03	2.065157E-05
5.973180E+03	2.607059E-03	2.022553E-05
5.983136E+03	2.550235E-03	1.976542E-05
5.993091E+03	2.490507E-03	1.928546E-05
6.003046E+03	2.429485E-03	1.879811E-05
6.013002E+03	2.368602E-03	1.831440E-05
6.022957E+03	2.309035E-03	1.784336E-05
6.032912E+03	2.251738E-03	1.739224E-05
6.042868E+03	2.197536E-03	1.696731E-05
6.052823E+03	2.146942E-03	1.657245E-05
6.062778E+03	2.100323E-03	1.621038E-05
6.072733E+03	2.057990E-03	1.588344E-05
6.082689E+03	2.020076E-03	1.559257E-05
6.092644E+03	1.986614E-03	1.533803E-05
6.102599E+03	1.957638E-03	1.512003E-05
6.112555E+03	1.933060E-03	1.493792E-05
6.122510E+03	1.912739E-03	1.479065E-05
6.132465E+03	1.896558E-03	1.467736E-05
6.142421E+03	1.884288E-03	1.459637E-05
6.152376E+03	1.875681E-03	1.454584E-05
6.162331E+03	1.870474E-03	1.452387E-05
6.172286E+03	1.868413E-03	1.452862E-05
6.182242E+03	1.869163E-03	1.455763E-05
6.192197E+03	1.872445E-03	1.460885E-05
6.202152E+03	1.877846E-03	1.467911E-05
6.212108E+03	1.884946E-03	1.476518E-05
6.222063E+03	1.893276E-03	1.486340E-05
6.232018E+03	1.902393E-03	1.497032E-05
6.241974E+03	1.911780E-03	1.508184E-05
6.251929E+03	1.921000E-03	1.519450E-05
6.261884E+03	1.929654E-03	1.530508E-05
6.271839E+03	1.937367E-03	1.541051E-05
6.281795E+03	1.943843E-03	1.550830E-05
6.291750E+03	1.948926E-03	1.559707E-05
6.301705E+03	1.952459E-03	1.567540E-05
6.311661E+03	1.954366E-03	1.574248E-05
6.321616E+03	1.954690E-03	1.579846E-05
6.331571E+03	1.953502E-03	1.584373E-05
6.341527E+03	1.950904E-03	1.587891E-05
6.351482E+03	1.947078E-03	1.590527E-05
6.361437E+03	1.942179E-03	1.592393E-05
6.371392E+03	1.936422E-03	1.593645E-05
6.381348E+03	1.929960E-03	1.594396E-05
6.391303E+03	1.922917E-03	1.594733E-05
6.401258E+03	1.915440E-03	1.594766E-05
6.411214E+03	1.907642E-03	1.594578E-05
6.421169E+03	1.899581E-03	1.594206E-05
6.431124E+03	1.891333E-03	1.593705E-05
6.441080E+03	1.882980E-03	1.593137E-05
6.451035E+03	1.874628E-03	1.592581E-05
6.460990E+03	1.866370E-03	1.592110E-05
6.470945E+03	1.858458E-03	1.591929E-05
6.480901E+03	1.851209E-03	1.592309E-05
6.490856E+03	1.844927E-03	1.593510E-05
6.500811E+03	1.839996E-03	1.595867E-05
6.510767E+03	1.836868E-03	1.599782E-05
6.520722E+03	1.835906E-03	1.605584E-05
6.530677E+03	1.837247E-03	1.613409E-05
6.540633E+03	1.840940E-03	1.623320E-05
6.550588E+03	1.846968E-03	1.635321E-05
6.560543E+03	1.855103E-03	1.649226E-05
6.570498E+03	1.864973E-03	1.664723E-05
6.580454E+03	1.876143E-03	1.681430E-05
6.590409E+03	1.888086E-03	1.698883E-05
6.600364E+03	1.900149E-03	1.716493E-05
6.610320E+03	1.911671E-03	1.733655E-05
6.620275E+03	1.921895E-03	1.749669E-05
6.630230E+03	1.930032E-03	1.763792E-05
6.640186E+03	1.935421E-03	1.775392E-05
6.650141E+03	1.937559E-03	1.783970E-05
6.660096E+03	1.936091E-03	1.789161E-05
6.670051E+03	1.930761E-03	1.790685E-05
6.680007E+03	1.921583E-03	1.788513E-05
6.689962E+03	1.908696E-03	1.782733E-05
6.699917E+03	1.892331E-03	1.773523E-05
6.709873E+03	1.872870E-03	1.761207E-05
6.719828E+03	1.850786E-03	1.746201E-05
6.729783E+03	1.826570E-03	1.728945E-05
6.739739E+03	1.800792E-03	1.709960E-05
6.749694E+03	1.774011E-03	1.689766E-05
6.759649E+03	1.746848E-03	1.668950E-05
6.769604E+03	1.719874E-03	1.648056E-05
6.779560E+03	1.693719E-03	1.627693E-05
6.789515E+03	1.668900E-03	1.608370E-05
6.799470E+03	1.646005E-03	1.590667E-05
6.809426E+03	1.625544E-03	1.575097E-05
6.819381E+03	1.607935E-03	1.562085E-05
6.829336E+03	1.593610E-03	1.552076E-05
6.839292E+03	1.582895E-03	1.545414E-05
6.849247E+03	1.576115E-03	1.542441E-05
6.859202E+03	1.573504E-03	1.543417E-05
6.869157E+03	1.575283E-03	1.548584E-05
6.879113E+03	1.581651E-03	1.558167E-05
6.889068E+03	1.592708E-03	1.572289E-05
6.899023E+03	1.608553E-03	1.591075E-05
6.908979E+03	1.629156E-03	1.614517E-05
6.918934E+03	1.654226E-03	1.642348E-05
6.928889E+03	1.683376E-03	1.674201E-05
6.938845E+03	1.716078E-03	1.709563E-05
6.948800E+03	1.751598E-03	1.747713E-05
6.958755E+03	1.789088E-03	1.787807E-05
6.968710E+03	1.827620E-03	1.828916E-05
6.978666E+03	1.866177E-03	1.870016E-05
6.988621E+03	1.903704E-03	1.910042E-05
6.998576E+03	1.939186E-03	1.947958E-05
7.008532E+03	1.971807E-03	1.982930E-05
7.018487E+03	2.000843E-03	2.014212E-05
7.028442E+03	2.025769E-03	2.041258E-05
7.038398E+03	2.046338E-03	2.063802E-05
7.048353E+03	2.062513E-03	2.081788E-05
7.058308E+03	2.074444E-03	2.095356E-05
7.068263E+03	2.082492E-03	2.104861E-05
7.078219E+03	2.087230E-03	2.110871E-05
7.088174E+03	2.089304E-03	2.114035E-05
7.098129E+03	2.089504E-03	2.115150E-05
7.108085E+03	2.088691E-03	2.115087E-05
7.118040E+03	2.087695E-03	2.114685E-05
7.127995E+03	2.087278E-03	2.114721E-05
7.137951E+03	2.088105E-03	2.115869E-05
7.147906E+03	2.090774E-03	2.118737E-05
7.157861E+03	2.095581E-03	2.123627E-05
7.167817E+03	2.102795E-03	2.130814E-05
7.177772E+03	2.112411E-03	2.140293E-05
7.187727E+03	2.124247E-03	2.151879E-05
7.197682E+03	2.137902E-03	2.165164E-05
7.207638E+03	2.152894E-03	2.179660E-05
7.217593E+03	2.168546E-03	2.194680E-05
7.227548E+03	2.184086E-03	2.209443E-05
7.237504E+03	2.198768E-03	2.223195E-05
7.247459E+03	2.211725E-03	2.235062E-05
7.257414E+03	2.222096E-03	2.244179E-05
7.267370E+03	2.229134E-03	2.249798E-05
7.277325E+03	2.232096E-03	2.251178E-05
7.287280E+03	2.230455E-03	2.247804E-05
7.297235E+03	2.223697E-03	2.239170E-05
7.307191E+03	2.211666E-03	2.225139E-05
7.317146E+03	2.194291E-03	2.205658E-05
7.327101E+03	2.171659E-03	2.180837E-05
7.337057E+03	2.144272E-03	2.151202E-05
7.347012E+03	2.112618E-03	2.117263E-05
7.356967E+03	2.077388E-03	2.079735E-05
7.366923E+03	2.039341E-03	2.039396E-05
7.376878E+03	1.999352E-03	1.997138E-05
7.386833E+03	1.958188E-03	1.953743E-05
7.396788E+03	1.916675E-03	1.910045E-05
7.406744E+03	1.875568E-03	1.866805E-05
7.416699E+03	1.835522E-03	1.824681E-05
7.426654E+03	1.797110E-03	1.784245E-05
7.436610E+03	1.760738E-03	1.745900E-05
7.446565E+03	1.726798E-03	1.710036E-05
7.456520E+03	1.695489E-03	1.676842E-05
7.466476E+03	1.667013E-03	1.646517E-05
7.476431E+03	1.641410E-03	1.619094E-05
7.486386E+03	1.618720E-03	1.594604E-05
7.496341E+03	1.598860E-03	1.572963E-05
7.506297E+03	1.581741E-03	1.554073E-05
7.516252E+03	1.567153E-03	1.537719E-05
7.526207E+03	1.554915E-03	1.523716E-05
7.536163E+03	1.544729E-03	1.511765E-05
7.546118E+03	1.536268E-03	1.501540E-05
7.556073E+03	1.529167E-03	1.492678E-05
7.566029E+03	1.523093E-03	1.484854E-05
7.575984E+03	1.517828E-03	1.477853E-05
7.585939E+03	1.513267E-03	1.471569E-05
7.595894E+03	1.509383E-03	1.465980E-05
7.605850E+03	1.506264E-03	1.461168E-05
7.615805E+03	1.504062E-03	1.457281E-05
7.625760E+03	1.503000E-03	1.454533E-05
7.635716E+03	1.503187E-03	1.453030E-05
7.645671E+03	1.504767E-03	1.452909E-05
7.655626E+03	1.507823E-03	1.454248E-05
7.665582E+03	1.512372E-03	1.457061E-05
7.675537E+03	1.518315E-03	1.461255E-05
7.685492E+03	1.525581E-03	1.466757E-05
7.695447E+03	1.533951E-03	1.473362E-05
7.705403E+03	1.543183E-03	1.480835E-05
7.715358E+03	1.553014E-03	1.488929E-05
7.725313E+03	1.563100E-03	1.497316E-05
7.735269E+03	1.573096E-03	1.505672E-05
7.745224E+03	1.582672E-03	1.513686E-05
7.755179E+03	1.591569E-03	1.521119E-05
7.765135E+03	1.599524E-03	1.527725E-05
7.775090E+03	1.606348E-03	1.533332E-05
7.785045E+03	1.611965E-03	1.537876E-05
7.795000E+03	1.616387E-03	1.541375E-05
7.804956E+03	1.619634E-03	1.543856E-05
7.814911E+03	1.621813E-03	1.545428E-05
7.824866E+03	1.623074E-03	1.546241E-05
7.834822E+03	1.623593E-03	1.546469E-05
7.844777E+03	1.623553E-03	1.546291E-05
7.854732E+03	1.623167E-03	1.545917E-05
7.864688E+03	1.622588E-03	1.545496E-05
7.874643E+03	1.621943E-03	1.545156E-05
7.884598E+03	1.621282E-03	1.544950E-05
7.894553E+03	1.620654E-03	1.544929E-05
7.904509E+03	1.619953E-03	1.544999E-05
7.914464E+03	1.619041E-03	1.545032E-05
7.924419E+03	1.617688E-03	1.544815E-05
7.934375E+03	1.615605E-03	1.544076E-05
7.944330E+03	1.612467E-03	1.542507E-05
7.954285E+03	1.607887E-03	1.539739E-05
7.964241E+03	1.601319E-03	1.535249E-05
7.974196E+03	1.592338E-03	1.528626E-05
7.984151E+03	1.580472E-03	1.519408E-05
7.994106E+03	1.565387E-03	1.507262E-05
8.004062E+03	1.546972E-03	1.492068E-05
8.014017E+03	1.525455E-03	1.474026E-05
8.023972E+03	1.501210E-03	1.453478E-05
8.033928E+03	1.474848E-03	1.430996E-05
8.043883E+03	1.447013E-03	1.407183E-05
8.053838E+03	1.418252E-03	1.382546E-05
8.063794E+03	1.389060E-03	1.357549E-05
8.073749E+03	1.359877E-03	1.332604E-05
8.083704E+03	1.331029E-03	1.308014E-05
8.093659E+03	1.302755E-03	1.284005E-05
8.103615E+03	1.275295E-03	1.260803E-05
8.113570E+03	1.248708E-03	1.238459E-05
8.123525E+03	1.223125E-03	1.217100E-05
8.133481E+03	1.198551E-03	1.196728E-05
8.143436E+03	1.174986E-03	1.177341E-05
8.153391E+03	1.152383E-03	1.158889E-05
8.163347E+03	1.130732E-03	1.141365E-05
8.173302E+03	1.110000E-03	1.124732E-05
8.183257E+03	1.090200E-03	1.109007E-05
8.193212E+03	1.071337E-03	1.094195E-05
8.203168E+03	1.053451E-03	1.080341E-05
8.213123E+03	1.036625E-03	1.067535E-05
8.223078E+03	1.020937E-03	1.055862E-05
8.233034E+03	1.006524E-03	1.045472E-05
8.242989E+03	9.935014E-04	1.036498E-05
8.252944E+03	9.820552E-04	1.029147E-05
8.262900E+03	9.724004E-04	1.023662E-05
8.272855E+03	9.647255E-04	1.020263E-05
8.282810E+03	9.592801E-04	1.019240E-05
8.292765E+03	9.563019E-04	1.020876E-05
8.302721E+03	9.560733E-04	1.025509E-05
8.312676E+03	9.588532E-04	1.033457E-05
8.322631E+03	9.649199E-04	1.045069E-05
8.332587E+03	9.745168E-04	1.060659E-05
8.342542E+03	9.879560E-04	1.080626E-05
8.352497E+03	1.005469E-03	1.105288E-05
8.362453E+03	1.027344E-03	1.135033E-05
8.372408E+03	1.053846E-03	1.170230E-05
8.382363E+03	1.085240E-03	1.211256E-05
8.392318E+03	1.121758E-03	1.258460E-05
8.402274E+03	1.163638E-03	1.312204E-05
8.412229E+03	1.211162E-03	1.372907E-05
8.422184E+03	1.264534E-03	1.440908E-05
8.432140E+03	1.323981E-03	1.516581E-05
8.442095E+03	1.389745E-03	1.600321E-05
8.452050E+03	1.461992E-03	1.692445E-05
8.462006E+03	1.540874E-03	1.793261E-05
8.471961E+03	1.626494E-03	1.903021E-05
8.481916E+03	1.718937E-03	2.021967E-05
8.491871E+03	1.818146E-03	2.150170E-05
8.501827E+03	1.924012E-03	2.287648E-05
8.511782E+03	2.036229E-03	2.434173E-05
8.521737E+03	2.154304E-03	2.589295E-05
8.531693E+03	2.277597E-03	2.752369E-05
8.541648E+03	2.405204E-03	2.922418E-05
8.551603E+03	2.535938E-03	3.098095E-05
8.561559E+03	2.668415E-03	3.277780E-05
8.571514E+03	2.801054E-03	3.459575E-05
8.581469E+03	2.931979E-03	3.641172E-05
8.591425E+03	3.059240E-03	3.820119E-05
8.601380E+03	3.180775E-03	3.993770E-05
8.611335E+03	3.294480E-03	4.159370E-05
8.621290E+03	3.398392E-03	4.314277E-05
8.631246E+03	3.490663E-03	4.455944E-05
8.641201E+03	3.569646E-03	4.582023E-05
8.651156E+03	3.634135E-03	4.690690E-05
8.661112E+03	3.683120E-03	4.780331E-05
8.671067E+03	3.716013E-03	4.849856E-05
8.681022E+03	3.732816E-03	4.898920E-05
8.690978E+03	3.733832E-03	4.927580E-05
8.700933E+03	3.719793E-03	4.936460E-05
8.710888E+03	3.691713E-03	4.926578E-05
8.720843E+03	3.651057E-03	4.899587E-05
8.730799E+03	3.599267E-03	4.857144E-05
8.740754E+03	3.538084E-03	4.801356E-05
8.750709E+03	3.469296E-03	4.734443E-05
8.760665E+03	3.394590E-03	4.658535E-05
8.770620E+03	3.315633E-03	4.575787E-05
8.780575E+03	3.233969E-03	4.488233E-05
8.790531E+03	3.150859E-03	4.397558E-05
8.800486E+03	3.067562E-03	4.305484E-05
8.810441E+03	2.985033E-03	4.213344E-05
8.820396E+03	2.903996E-03	4.122170E-05
8.830352E+03	2.824981E-03	4.032744E-05
8.840307E+03	2.748537E-03	3.945893E-05
8.850262E+03	2.674800E-03	3.861862E-05
8.860218E+03	2.603998E-03	3.781039E-05
8.870173E+03	2.536207E-03	3.703592E-05
8.880128E+03	2.471375E-03	3.629505E-05
8.890084E+03	2.409499E-03	3.558832E-05
8.900039E+03	2.350383E-03	3.491344E-05
8.909994E+03	2.293965E-03	3.427003E-05
8.919949E+03	2.240208E-03	3.365812E-05
8.929905E+03	2.189025E-03	3.307695E-05
8.939860E+03	2.140479E-03	3.252802E-05
8.949815E+03	2.094565E-03	3.201188E-05
8.959771E+03	2.051265E-03	3.152880E-05
8.999592E+03	1.903479E-03	2.992795E-05
9.039413E+03	1.792689E-03	2.882760E-05
9.079234E+03	1.713146E-03	2.816952E-05
9.119055E+03	1.657657E-03	2.786423E-05
9.158877E+03	1.619873E-03	2.782722E-05
9.198698E+03	1.593340E-03	2.796328E-05
9.238519E+03	1.572659E-03	2.818691E-05
9.278340E+03	1.553888E-03	2.843145E-05
9.318161E+03	1.535180E-03	2.866361E-05
9.357983E+03	1.515896E-03	2.887041E-05
9.397804E+03	1.496188E-03	2.905346E-05
9.437625E+03	1.476282E-03	2.921612E-05
9.477446E+03	1.456384E-03	2.936178E-05
9.517267E+03	1.436727E-03	2.949480E-05
9.557089E+03	1.417328E-03	2.961539E-05
9.596910E+03	1.398274E-03	2.972540E-05
9.636731E+03	1.379493E-03	2.982342E-05
9.676552E+03	1.360880E-03	2.990725E-05
9.716373E+03	1.342305E-03	2.997404E-05
9.756195E+03	1.323555E-03	3.001891E-05
9.796016E+03	1.304553E-03	3.003985E-05
9.835837E+03	1.285162E-03	3.003340E-05
9.875658E+03	1.265107E-03	2.999271E-05
9.915479E+03	1.244357E-03	2.991645E-05
9.955301E+03	1.222836E-03	2.980220E-05
9.995122E+03	1.200335E-03	2.964416E-05
1.003494E+04	1.176992E-03	2.944507E-05
1.007476E+04	1.152734E-03	2.920251E-05
1.011459E+04	1.127680E-03	2.891890E-05
1.015441E+04	1.101712E-03	2.859073E-05
1.019423E+04	1.075156E-03	2.822609E-05
1.023405E+04	1.047920E-03	2.782231E-05
1.027387E+04	1.020264E-03	2.738616E-05
