#wls	flux	fluxerr
1.592848E+03	4.093009E-17	5.961988E-18
1.632669E+03	4.268512E-17	6.187800E-18
1.672491E+03	4.431159E-17	6.391899E-18
1.712312E+03	4.577424E-17	6.569406E-18
1.752133E+03	4.704546E-17	6.716656E-18
1.791954E+03	4.803820E-17	6.821637E-18
1.831775E+03	4.866685E-17	6.872832E-18
1.871597E+03	4.881350E-17	6.854494E-18
1.911418E+03	4.836980E-17	6.752629E-18
1.951239E+03	4.727353E-17	6.560063E-18
1.991060E+03	4.558786E-17	6.287190E-18
2.030881E+03	4.358976E-17	5.973557E-18
2.070703E+03	4.179434E-17	5.690216E-18
2.110524E+03	4.090366E-17	5.531655E-18
2.150345E+03	4.154992E-17	5.580352E-18
2.190166E+03	4.408858E-17	5.879359E-18
2.229987E+03	4.852072E-17	6.423253E-18
2.269809E+03	5.456438E-17	7.169181E-18
2.309630E+03	6.181416E-17	8.059103E-18
2.349451E+03	6.988746E-17	9.039393E-18
2.389272E+03	7.845767E-17	1.006506E-17
2.429093E+03	8.732619E-17	1.110870E-17
2.468915E+03	9.634157E-17	1.214964E-17
2.508736E+03	1.054342E-16	1.317807E-17
2.548557E+03	1.145311E-16	1.418408E-17
2.588378E+03	1.235874E-16	1.516147E-17
2.628199E+03	1.325462E-16	1.610285E-17
2.668021E+03	1.413553E-16	1.700164E-17
2.707842E+03	1.499088E-16	1.784511E-17
2.747663E+03	1.581319E-16	1.862480E-17
2.787484E+03	1.659115E-16	1.932813E-17
2.827305E+03	1.731289E-16	1.994258E-17
2.867127E+03	1.796632E-16	2.045603E-17
2.906948E+03	1.854252E-16	2.086068E-17
2.946769E+03	1.903358E-16	2.115042E-17
2.986590E+03	1.943361E-16	2.132195E-17
2.996546E+03	1.951954E-16	2.134692E-17
3.006501E+03	1.959934E-16	2.136431E-17
3.016456E+03	1.967279E-16	2.137393E-17
3.026411E+03	1.974139E-16	2.137747E-17
3.036367E+03	1.980568E-16	2.137555E-17
3.046322E+03	1.986741E-16	2.137011E-17
3.056277E+03	1.992610E-16	2.136066E-17
3.066233E+03	1.998294E-16	2.134849E-17
3.076188E+03	2.003592E-16	2.133149E-17
3.086143E+03	2.008505E-16	2.130970E-17
3.096099E+03	2.013032E-16	2.128317E-17
3.106054E+03	2.017119E-16	2.125135E-17
3.116009E+03	2.020775E-16	2.121438E-17
3.125964E+03	2.023892E-16	2.117120E-17
3.135920E+03	2.026550E-16	2.112268E-17
3.145875E+03	2.028707E-16	2.106845E-17
3.155830E+03	2.030387E-16	2.100881E-17
3.165786E+03	2.031504E-16	2.094292E-17
3.175741E+03	2.032091E-16	2.087118E-17
3.185696E+03	2.032179E-16	2.079400E-17
3.195652E+03	2.031752E-16	2.071124E-17
3.205607E+03	2.030849E-16	2.062336E-17
3.215562E+03	2.029460E-16	2.053033E-17
3.225517E+03	2.027629E-16	2.043264E-17
3.235473E+03	2.025354E-16	2.033033E-17
3.245428E+03	2.022637E-16	2.022346E-17
3.255383E+03	2.019531E-16	2.011263E-17
3.265339E+03	2.016046E-16	1.999797E-17
3.275294E+03	2.012195E-16	1.987967E-17
3.285249E+03	2.008084E-16	1.975882E-17
3.295205E+03	2.003688E-16	1.963519E-17
3.305160E+03	1.999031E-16	1.950907E-17
3.315115E+03	1.994142E-16	1.938076E-17
3.325070E+03	1.989135E-16	1.925141E-17
3.335026E+03	1.983963E-16	1.912058E-17
3.344981E+03	1.978706E-16	1.898906E-17
3.354936E+03	1.973409E-16	1.885729E-17
3.364892E+03	1.968080E-16	1.872536E-17
3.374847E+03	1.962775E-16	1.859380E-17
3.384802E+03	1.957588E-16	1.846350E-17
3.394758E+03	1.952473E-16	1.833402E-17
3.404713E+03	1.947571E-16	1.820666E-17
3.414668E+03	1.942852E-16	1.808114E-17
3.424623E+03	1.938430E-16	1.795848E-17
3.434579E+03	1.934294E-16	1.783855E-17
3.444534E+03	1.930569E-16	1.772246E-17
3.454489E+03	1.927260E-16	1.761020E-17
3.464445E+03	1.924473E-16	1.750270E-17
3.474400E+03	1.922230E-16	1.740009E-17
3.484355E+03	1.920651E-16	1.730338E-17
3.494311E+03	1.919776E-16	1.721284E-17
3.504266E+03	1.919708E-16	1.712931E-17
3.514221E+03	1.920530E-16	1.705342E-17
3.524176E+03	1.922329E-16	1.698583E-17
3.534132E+03	1.925228E-16	1.692748E-17
3.544087E+03	1.929271E-16	1.687861E-17
3.554042E+03	1.934585E-16	1.684021E-17
3.563998E+03	1.941300E-16	1.681320E-17
3.573953E+03	1.949519E-16	1.679830E-17
3.583908E+03	1.959343E-16	1.679617E-17
3.593864E+03	1.970873E-16	1.680745E-17
3.603819E+03	1.984231E-16	1.683296E-17
3.613774E+03	1.999538E-16	1.687346E-17
3.623729E+03	2.016838E-16	1.692907E-17
3.633685E+03	2.036273E-16	1.700068E-17
3.643640E+03	2.057909E-16	1.708857E-17
3.653595E+03	2.081909E-16	1.719377E-17
3.663551E+03	2.108359E-16	1.731666E-17
3.673506E+03	2.137368E-16	1.745779E-17
3.683461E+03	2.169066E-16	1.761786E-17
3.693417E+03	2.203552E-16	1.779730E-17
3.703372E+03	2.240968E-16	1.799685E-17
3.713327E+03	2.281375E-16	1.821658E-17
3.723282E+03	2.324894E-16	1.845704E-17
3.733238E+03	2.371611E-16	1.871846E-17
3.743193E+03	2.421619E-16	1.900112E-17
3.753148E+03	2.474942E-16	1.930473E-17
3.763104E+03	2.531629E-16	1.962920E-17
3.773059E+03	2.591678E-16	1.997404E-17
3.783014E+03	2.655082E-16	2.033869E-17
3.792970E+03	2.721741E-16	2.072193E-17
3.802925E+03	2.791627E-16	2.112306E-17
3.812880E+03	2.864529E-16	2.154002E-17
3.822835E+03	2.940297E-16	2.197126E-17
3.832791E+03	3.018644E-16	2.241422E-17
3.842746E+03	3.099349E-16	2.286689E-17
3.852701E+03	3.181981E-16	2.332576E-17
3.862657E+03	3.266145E-16	2.378767E-17
3.872612E+03	3.351426E-16	2.424937E-17
3.882567E+03	3.437260E-16	2.470665E-17
3.892523E+03	3.523101E-16	2.515551E-17
3.902478E+03	3.608369E-16	2.559183E-17
3.912433E+03	3.692386E-16	2.601089E-17
3.922388E+03	3.774559E-16	2.640873E-17
3.932344E+03	3.854228E-16	2.678102E-17
3.942299E+03	3.930702E-16	2.712334E-17
3.952254E+03	4.003436E-16	2.743241E-17
3.962210E+03	4.071846E-16	2.770481E-17
3.972165E+03	4.135454E-16	2.793792E-17
3.982120E+03	4.193779E-16	2.812923E-17
3.992076E+03	4.246508E-16	2.827740E-17
4.002031E+03	4.293382E-16	2.838157E-17
4.011986E+03	4.334261E-16	2.844166E-17
4.021941E+03	4.369188E-16	2.845883E-17
4.031897E+03	4.398168E-16	2.843401E-17
4.041852E+03	4.421470E-16	2.836978E-17
4.051807E+03	4.439363E-16	2.826872E-17
4.061763E+03	4.452284E-16	2.813439E-17
4.071718E+03	4.460718E-16	2.797057E-17
4.081673E+03	4.465175E-16	2.778111E-17
4.091629E+03	4.466350E-16	2.757091E-17
4.101584E+03	4.464847E-16	2.734415E-17
4.111539E+03	4.461327E-16	2.710527E-17
4.121494E+03	4.456461E-16	2.685864E-17
4.131450E+03	4.450946E-16	2.660863E-17
4.141405E+03	4.445372E-16	2.635886E-17
4.151360E+03	4.440369E-16	2.611308E-17
4.161316E+03	4.436445E-16	2.587418E-17
4.171271E+03	4.434053E-16	2.564465E-17
4.181226E+03	4.433702E-16	2.542721E-17
4.191182E+03	4.435732E-16	2.522353E-17
4.201137E+03	4.440410E-16	2.503479E-17
4.211092E+03	4.448019E-16	2.486222E-17
4.221047E+03	4.458677E-16	2.470607E-17
4.231003E+03	4.472550E-16	2.456686E-17
4.240958E+03	4.489670E-16	2.444431E-17
4.250913E+03	4.510035E-16	2.433799E-17
4.260869E+03	4.533627E-16	2.424736E-17
4.270824E+03	4.560323E-16	2.417137E-17
4.280779E+03	4.590049E-16	2.410919E-17
4.290735E+03	4.622594E-16	2.405937E-17
4.300690E+03	4.657866E-16	2.402106E-17
4.310645E+03	4.695690E-16	2.399303E-17
4.320601E+03	4.735960E-16	2.397444E-17
4.330556E+03	4.778516E-16	2.396421E-17
4.340511E+03	4.823380E-16	2.396217E-17
4.350466E+03	4.870639E-16	2.396849E-17
4.360422E+03	4.920606E-16	2.398445E-17
4.370377E+03	4.973619E-16	2.401136E-17
4.380332E+03	5.030175E-16	2.405127E-17
4.390288E+03	5.091031E-16	2.410733E-17
4.400243E+03	5.156872E-16	2.418229E-17
4.410198E+03	5.228518E-16	2.427934E-17
4.420154E+03	5.306808E-16	2.440166E-17
4.430109E+03	5.392469E-16	2.455179E-17
4.440064E+03	5.486237E-16	2.473216E-17
4.450019E+03	5.588755E-16	2.494469E-17
4.459975E+03	5.700375E-16	2.518993E-17
4.469930E+03	5.821454E-16	2.546837E-17
4.479885E+03	5.951928E-16	2.577866E-17
4.489841E+03	6.091625E-16	2.611903E-17
4.499796E+03	6.240041E-16	2.648634E-17
4.509751E+03	6.396229E-16	2.687573E-17
4.519707E+03	6.559077E-16	2.728181E-17
4.529662E+03	6.727005E-16	2.769750E-17
4.539617E+03	6.898145E-16	2.811481E-17
4.549572E+03	7.070233E-16	2.852453E-17
4.559528E+03	7.240786E-16	2.891692E-17
4.569483E+03	7.407018E-16	2.928147E-17
4.579438E+03	7.566047E-16	2.960777E-17
4.589394E+03	7.714955E-16	2.988570E-17
4.599349E+03	7.850794E-16	3.010549E-17
4.609304E+03	7.970867E-16	3.025875E-17
4.619260E+03	8.072777E-16	3.033861E-17
4.629215E+03	8.154621E-16	3.034035E-17
4.639170E+03	8.214797E-16	3.026059E-17
4.649125E+03	8.252528E-16	3.009915E-17
4.659081E+03	8.267634E-16	2.985804E-17
4.669036E+03	8.260678E-16	2.954187E-17
4.678991E+03	8.232626E-16	2.915654E-17
4.688947E+03	8.185290E-16	2.871068E-17
4.698902E+03	8.120754E-16	2.821356E-17
4.708857E+03	8.041745E-16	2.767633E-17
4.718813E+03	7.951271E-16	2.711062E-17
4.728768E+03	7.852757E-16	2.652909E-17
4.738723E+03	7.749598E-16	2.594377E-17
4.748678E+03	7.645280E-16	2.536659E-17
4.758634E+03	7.543162E-16	2.480860E-17
4.768589E+03	7.446325E-16	2.427955E-17
4.778544E+03	7.357564E-16	2.378795E-17
4.788500E+03	7.279176E-16	2.334040E-17
4.798455E+03	7.213121E-16	2.294223E-17
4.808410E+03	7.161143E-16	2.259796E-17
4.818366E+03	7.124549E-16	2.231061E-17
4.828321E+03	7.104228E-16	2.208182E-17
4.838276E+03	7.100860E-16	2.191251E-17
4.848231E+03	7.114484E-16	2.180150E-17
4.858187E+03	7.144980E-16	2.174720E-17
4.868142E+03	7.191688E-16	2.174647E-17
4.878097E+03	7.253519E-16	2.179502E-17
4.888053E+03	7.328928E-16	2.188734E-17
4.898008E+03	7.416010E-16	2.201702E-17
4.907963E+03	7.512305E-16	2.217618E-17
4.917919E+03	7.615095E-16	2.235639E-17
4.927874E+03	7.721282E-16	2.254830E-17
4.937829E+03	7.827606E-16	2.274230E-17
4.947784E+03	7.930655E-16	2.292850E-17
4.957740E+03	8.026999E-16	2.309716E-17
4.967695E+03	8.113691E-16	2.324007E-17
4.977650E+03	8.187956E-16	2.334963E-17
4.987606E+03	8.247692E-16	2.342026E-17
4.997561E+03	8.291500E-16	2.344839E-17
5.007516E+03	8.318867E-16	2.343301E-17
5.017472E+03	8.329992E-16	2.337503E-17
5.027427E+03	8.325780E-16	2.327733E-17
5.037382E+03	8.307976E-16	2.314504E-17
5.047337E+03	8.278789E-16	2.298449E-17
5.057293E+03	8.240746E-16	2.280276E-17
5.067248E+03	8.196772E-16	2.260795E-17
5.077203E+03	8.149795E-16	2.240805E-17
5.087159E+03	8.102702E-16	2.221084E-17
5.097114E+03	8.058166E-16	2.202343E-17
5.107069E+03	8.018869E-16	2.185286E-17
5.117025E+03	7.986872E-16	2.170443E-17
5.126980E+03	7.964329E-16	2.158366E-17
5.136935E+03	7.952956E-16	2.149480E-17
5.146890E+03	7.954119E-16	2.144116E-17
5.156846E+03	7.968965E-16	2.142542E-17
5.166801E+03	7.998445E-16	2.144974E-17
5.176756E+03	8.042981E-16	2.151484E-17
5.186712E+03	8.102918E-16	2.162123E-17
5.196667E+03	8.178213E-16	2.176841E-17
5.206622E+03	8.268465E-16	2.195493E-17
5.216578E+03	8.372822E-16	2.217817E-17
5.226533E+03	8.490205E-16	2.243494E-17
5.236488E+03	8.618879E-16	2.272035E-17
5.246443E+03	8.757043E-16	2.302940E-17
5.256399E+03	8.902166E-16	2.335521E-17
5.266354E+03	9.051633E-16	2.369076E-17
5.276309E+03	9.202452E-16	2.402810E-17
5.286265E+03	9.351271E-16	2.435843E-17
5.296220E+03	9.495020E-16	2.467377E-17
5.306175E+03	9.630326E-16	2.496545E-17
5.316131E+03	9.754221E-16	2.522591E-17
5.326086E+03	9.864202E-16	2.544888E-17
5.336041E+03	9.958111E-16	2.562905E-17
5.345996E+03	1.003453E-15	2.576307E-17
5.355952E+03	1.009271E-15	2.584935E-17
5.365907E+03	1.013290E-15	2.588886E-17
5.375862E+03	1.015596E-15	2.588415E-17
5.385818E+03	1.016361E-15	2.583992E-17
5.395773E+03	1.015818E-15	2.576242E-17
5.405728E+03	1.014248E-15	2.565898E-17
5.415684E+03	1.011943E-15	2.553724E-17
5.425639E+03	1.009191E-15	2.540462E-17
5.435594E+03	1.006269E-15	2.526819E-17
5.445549E+03	1.003370E-15	2.513287E-17
5.455505E+03	1.000615E-15	2.500170E-17
5.465460E+03	9.979780E-16	2.487410E-17
5.475415E+03	9.953324E-16	2.474692E-17
5.485371E+03	9.923638E-16	2.461244E-17
5.495326E+03	9.886563E-16	2.446045E-17
5.505281E+03	9.837688E-16	2.428011E-17
5.515237E+03	9.772440E-16	2.406015E-17
5.525192E+03	9.686845E-16	2.379095E-17
5.535147E+03	9.578283E-16	2.346627E-17
5.545102E+03	9.445239E-16	2.308266E-17
5.555058E+03	9.287929E-16	2.264094E-17
5.565013E+03	9.108236E-16	2.214602E-17
5.574968E+03	8.909609E-16	2.160656E-17
5.584924E+03	8.696802E-16	2.103434E-17
5.594879E+03	8.475541E-16	2.044338E-17
5.604834E+03	8.252145E-16	1.984899E-17
5.614790E+03	8.033146E-16	1.926687E-17
5.624745E+03	7.824960E-16	1.871225E-17
5.634700E+03	7.633626E-16	1.819931E-17
5.644655E+03	7.464708E-16	1.774091E-17
5.654611E+03	7.322959E-16	1.734781E-17
5.664566E+03	7.212472E-16	1.702908E-17
5.674521E+03	7.136992E-16	1.679275E-17
5.684477E+03	7.099251E-16	1.664437E-17
5.694432E+03	7.101906E-16	1.658915E-17
5.704387E+03	7.146745E-16	1.663014E-17
5.714343E+03	7.235594E-16	1.677033E-17
5.724298E+03	7.369441E-16	1.701066E-17
5.734253E+03	7.549329E-16	1.735210E-17
5.744209E+03	7.775492E-16	1.779361E-17
5.754164E+03	8.047549E-16	1.833268E-17
5.764119E+03	8.364526E-16	1.896541E-17
5.774074E+03	8.724545E-16	1.968579E-17
5.784030E+03	9.124460E-16	2.048498E-17
5.793985E+03	9.559967E-16	2.135163E-17
5.803940E+03	1.002552E-15	2.227175E-17
5.813896E+03	1.051399E-15	2.322812E-17
5.823851E+03	1.101716E-15	2.420136E-17
5.833806E+03	1.152557E-15	2.516984E-17
5.843762E+03	1.202899E-15	2.611072E-17
5.853717E+03	1.251633E-15	2.699989E-17
5.863672E+03	1.297702E-15	2.781496E-17
5.873627E+03	1.340071E-15	2.853470E-17
5.883583E+03	1.377808E-15	2.914071E-17
5.893538E+03	1.410128E-15	2.961832E-17
5.903493E+03	1.436437E-15	2.995741E-17
5.913449E+03	1.456372E-15	3.015311E-17
5.923404E+03	1.469779E-15	3.020524E-17
5.933359E+03	1.476733E-15	3.011844E-17
5.943315E+03	1.477530E-15	2.990193E-17
5.953270E+03	1.472648E-15	2.956847E-17
5.963225E+03	1.462652E-15	2.913237E-17
5.973180E+03	1.448279E-15	2.861099E-17
5.983136E+03	1.430306E-15	2.802210E-17
5.993091E+03	1.409492E-15	2.738262E-17
6.003046E+03	1.386616E-15	2.670942E-17
6.013002E+03	1.362430E-15	2.601825E-17
6.022957E+03	1.337550E-15	2.532192E-17
6.032912E+03	1.312598E-15	2.463284E-17
6.042868E+03	1.288042E-15	2.396017E-17
6.052823E+03	1.264289E-15	2.331168E-17
6.062778E+03	1.241646E-15	2.269295E-17
6.072733E+03	1.220366E-15	2.210844E-17
6.082689E+03	1.200592E-15	2.156047E-17
6.092644E+03	1.182400E-15	2.105005E-17
6.102599E+03	1.165804E-15	2.057710E-17
6.112555E+03	1.150767E-15	2.014063E-17
6.122510E+03	1.137188E-15	1.973863E-17
6.132465E+03	1.124952E-15	1.936887E-17
6.142421E+03	1.113894E-15	1.902842E-17
6.152376E+03	1.103893E-15	1.871514E-17
6.162331E+03	1.094756E-15	1.842586E-17
6.172286E+03	1.086334E-15	1.815819E-17
6.182242E+03	1.078459E-15	1.790953E-17
6.192197E+03	1.070983E-15	1.767772E-17
6.202152E+03	1.063776E-15	1.746093E-17
6.212108E+03	1.056760E-15	1.725823E-17
6.222063E+03	1.049900E-15	1.706926E-17
6.232018E+03	1.043166E-15	1.689345E-17
6.241974E+03	1.036601E-15	1.673129E-17
6.251929E+03	1.030281E-15	1.658384E-17
6.261884E+03	1.024291E-15	1.645229E-17
6.271839E+03	1.018736E-15	1.633808E-17
6.281795E+03	1.013734E-15	1.624296E-17
6.291750E+03	1.009406E-15	1.616865E-17
6.301705E+03	1.005849E-15	1.611656E-17
6.311661E+03	1.003156E-15	1.608808E-17
6.321616E+03	1.001393E-15	1.608417E-17
6.331571E+03	1.000629E-15	1.610595E-17
6.341527E+03	1.000886E-15	1.615380E-17
6.351482E+03	1.002179E-15	1.622803E-17
6.361437E+03	1.004498E-15	1.632867E-17
6.371392E+03	1.007832E-15	1.645570E-17
6.381348E+03	1.012120E-15	1.660838E-17
6.391303E+03	1.017302E-15	1.678599E-17
6.401258E+03	1.023300E-15	1.698756E-17
6.411214E+03	1.030042E-15	1.721222E-17
6.421169E+03	1.037384E-15	1.745789E-17
6.431124E+03	1.045265E-15	1.772383E-17
6.441080E+03	1.053542E-15	1.800793E-17
6.451035E+03	1.062101E-15	1.830831E-17
6.460990E+03	1.070860E-15	1.862332E-17
6.470945E+03	1.079668E-15	1.894998E-17
6.480901E+03	1.088478E-15	1.928710E-17
6.490856E+03	1.097187E-15	1.963241E-17
6.500811E+03	1.105756E-15	1.998470E-17
6.510767E+03	1.114239E-15	2.034448E-17
6.520722E+03	1.122747E-15	2.071326E-17
6.530677E+03	1.131424E-15	2.109331E-17
6.540633E+03	1.140406E-15	2.148685E-17
6.550588E+03	1.149791E-15	2.189544E-17
6.560543E+03	1.159605E-15	2.231943E-17
6.570498E+03	1.169860E-15	2.275888E-17
6.580454E+03	1.180430E-15	2.321112E-17
6.590409E+03	1.191163E-15	2.367295E-17
6.600364E+03	1.201812E-15	2.413904E-17
6.610320E+03	1.212107E-15	2.460345E-17
6.620275E+03	1.221703E-15	2.505849E-17
6.630230E+03	1.230252E-15	2.549605E-17
6.640186E+03	1.237423E-15	2.590817E-17
6.650141E+03	1.242866E-15	2.628614E-17
6.660096E+03	1.246289E-15	2.662224E-17
6.670051E+03	1.247455E-15	2.690973E-17
6.680007E+03	1.246216E-15	2.714359E-17
6.689962E+03	1.242465E-15	2.731966E-17
6.699917E+03	1.236198E-15	2.743600E-17
6.709873E+03	1.227495E-15	2.749261E-17
6.719828E+03	1.216520E-15	2.749147E-17
6.729783E+03	1.203506E-15	2.743637E-17
6.739739E+03	1.188769E-15	2.733320E-17
6.749694E+03	1.172634E-15	2.718839E-17
6.759649E+03	1.155498E-15	2.701038E-17
6.769604E+03	1.137725E-15	2.680706E-17
6.779560E+03	1.119757E-15	2.658865E-17
6.789515E+03	1.101996E-15	2.636464E-17
6.799470E+03	1.084808E-15	2.614401E-17
6.809426E+03	1.068555E-15	2.593589E-17
6.819381E+03	1.053583E-15	2.574927E-17
6.829336E+03	1.040167E-15	2.559161E-17
6.839292E+03	1.028576E-15	2.547040E-17
6.849247E+03	1.018999E-15	2.539127E-17
6.859202E+03	1.011619E-15	2.535971E-17
6.869157E+03	1.006550E-15	2.537966E-17
6.879113E+03	1.003843E-15	2.545338E-17
6.889068E+03	1.003553E-15	2.558323E-17
6.899023E+03	1.005613E-15	2.576842E-17
6.908979E+03	1.009940E-15	2.600762E-17
6.918934E+03	1.016432E-15	2.629895E-17
6.928889E+03	1.024866E-15	2.663723E-17
6.938845E+03	1.035036E-15	2.701759E-17
6.948800E+03	1.046613E-15	2.743180E-17
6.958755E+03	1.059282E-15	2.787178E-17
6.968710E+03	1.072669E-15	2.832778E-17
6.978666E+03	1.086398E-15	2.878975E-17
6.988621E+03	1.100020E-15	2.924562E-17
6.998576E+03	1.113167E-15	2.968532E-17
7.008532E+03	1.125436E-15	3.009769E-17
7.018487E+03	1.136456E-15	3.047240E-17
7.028442E+03	1.145998E-15	3.080281E-17
7.038398E+03	1.153769E-15	3.108062E-17
7.048353E+03	1.159660E-15	3.130238E-17
7.058308E+03	1.163578E-15	3.146520E-17
7.068263E+03	1.165549E-15	3.156947E-17
7.078219E+03	1.165635E-15	3.161653E-17
7.088174E+03	1.164002E-15	3.161070E-17
7.098129E+03	1.160823E-15	3.155658E-17
7.108085E+03	1.156355E-15	3.146110E-17
7.118040E+03	1.150851E-15	3.133113E-17
7.127995E+03	1.144548E-15	3.117322E-17
7.137951E+03	1.137744E-15	3.099555E-17
7.147906E+03	1.130624E-15	3.080336E-17
7.157861E+03	1.123394E-15	3.060234E-17
7.167817E+03	1.116265E-15	3.039844E-17
7.177772E+03	1.109346E-15	3.019478E-17
7.187727E+03	1.102728E-15	2.999397E-17
7.197682E+03	1.096462E-15	2.979757E-17
7.207638E+03	1.090590E-15	2.960680E-17
7.217593E+03	1.085052E-15	2.942020E-17
7.227548E+03	1.079855E-15	2.923807E-17
7.237504E+03	1.074919E-15	2.905833E-17
7.247459E+03	1.070196E-15	2.887980E-17
7.257414E+03	1.065587E-15	2.869998E-17
7.267370E+03	1.061039E-15	2.851752E-17
7.277325E+03	1.056455E-15	2.833000E-17
7.287280E+03	1.051794E-15	2.813649E-17
7.297235E+03	1.047003E-15	2.793571E-17
7.307191E+03	1.042062E-15	2.772736E-17
7.317146E+03	1.036920E-15	2.751029E-17
7.327101E+03	1.031557E-15	2.728417E-17
7.337057E+03	1.026010E-15	2.705020E-17
7.347012E+03	1.020250E-15	2.680789E-17
7.356967E+03	1.014300E-15	2.655805E-17
7.366923E+03	1.008159E-15	2.630093E-17
7.376878E+03	1.001869E-15	2.603785E-17
7.386833E+03	9.954241E-16	2.576890E-17
7.396788E+03	9.887938E-16	2.549355E-17
7.406744E+03	9.819856E-16	2.521226E-17
7.416699E+03	9.749642E-16	2.492439E-17
7.426654E+03	9.676706E-16	2.462872E-17
7.436610E+03	9.601153E-16	2.432581E-17
7.446565E+03	9.522718E-16	2.401530E-17
7.456520E+03	9.441236E-16	2.369710E-17
7.466476E+03	9.356853E-16	2.337188E-17
7.476431E+03	9.269883E-16	2.304063E-17
7.486386E+03	9.180769E-16	2.270464E-17
7.496341E+03	9.089901E-16	2.236503E-17
7.506297E+03	8.998209E-16	2.202423E-17
7.516252E+03	8.906308E-16	2.168388E-17
7.526207E+03	8.815116E-16	2.134630E-17
7.536163E+03	8.725980E-16	2.101482E-17
7.546118E+03	8.639212E-16	2.069021E-17
7.556073E+03	8.556129E-16	2.037563E-17
7.566029E+03	8.477388E-16	2.007259E-17
7.575984E+03	8.403987E-16	1.978338E-17
7.585939E+03	8.336551E-16	1.950938E-17
7.595894E+03	8.276243E-16	1.925315E-17
7.605850E+03	8.223777E-16	1.901619E-17
7.615805E+03	8.180120E-16	1.880052E-17
7.625760E+03	8.145600E-16	1.860666E-17
7.635716E+03	8.120683E-16	1.843543E-17
7.645671E+03	8.105384E-16	1.828661E-17
7.655626E+03	8.099270E-16	1.815898E-17
7.665582E+03	8.101845E-16	1.805122E-17
7.675537E+03	8.112805E-16	1.796248E-17
7.685492E+03	8.130856E-16	1.788976E-17
7.695447E+03	8.154940E-16	1.783067E-17
7.705403E+03	8.184289E-16	1.778351E-17
7.715358E+03	8.217239E-16	1.774473E-17
7.725313E+03	8.252698E-16	1.771211E-17
7.735269E+03	8.289595E-16	1.768353E-17
7.745224E+03	8.326257E-16	1.765570E-17
7.755179E+03	8.361521E-16	1.762650E-17
7.765135E+03	8.394745E-16	1.759496E-17
7.775090E+03	8.424796E-16	1.755915E-17
7.785045E+03	8.450885E-16	1.751789E-17
7.795000E+03	8.472372E-16	1.747040E-17
7.804956E+03	8.488777E-16	1.741619E-17
7.814911E+03	8.499736E-16	1.735509E-17
7.824866E+03	8.505256E-16	1.728764E-17
7.834822E+03	8.504793E-16	1.721328E-17
7.844777E+03	8.498557E-16	1.713299E-17
7.854732E+03	8.486846E-16	1.704785E-17
7.864688E+03	8.469586E-16	1.695822E-17
7.874643E+03	8.446998E-16	1.686500E-17
7.884598E+03	8.419330E-16	1.676909E-17
7.894553E+03	8.387323E-16	1.667235E-17
7.904509E+03	8.350848E-16	1.657488E-17
7.914464E+03	8.310452E-16	1.647806E-17
7.924419E+03	8.266439E-16	1.638274E-17
7.934375E+03	8.219105E-16	1.628973E-17
7.944330E+03	8.168870E-16	1.620004E-17
7.954285E+03	8.115646E-16	1.611361E-17
7.964241E+03	8.059620E-16	1.603088E-17
7.974196E+03	8.000377E-16	1.595080E-17
7.984151E+03	7.937693E-16	1.587240E-17
7.994106E+03	7.870511E-16	1.579301E-17
8.004062E+03	7.798007E-16	1.571035E-17
8.014017E+03	7.719941E-16	1.562328E-17
8.023972E+03	7.635281E-16	1.552900E-17
8.033928E+03	7.543279E-16	1.542520E-17
8.043883E+03	7.443070E-16	1.530929E-17
8.053838E+03	7.333965E-16	1.517895E-17
8.063794E+03	7.214740E-16	1.503070E-17
8.073749E+03	7.085107E-16	1.486292E-17
8.083704E+03	6.944227E-16	1.467278E-17
8.093659E+03	6.791969E-16	1.445888E-17
8.103615E+03	6.628729E-16	1.422094E-17
8.113570E+03	6.454918E-16	1.395872E-17
8.123525E+03	6.271527E-16	1.367326E-17
8.133481E+03	6.079916E-16	1.336648E-17
8.143436E+03	5.881783E-16	1.304116E-17
8.153391E+03	5.678945E-16	1.270051E-17
8.163347E+03	5.473744E-16	1.234906E-17
8.173302E+03	5.268335E-16	1.199112E-17
8.183257E+03	5.065065E-16	1.163168E-17
8.193212E+03	4.866236E-16	1.127583E-17
8.203168E+03	4.674032E-16	1.092862E-17
8.213123E+03	4.490331E-16	1.059459E-17
8.223078E+03	4.317050E-16	1.027858E-17
8.233034E+03	4.155610E-16	9.984467E-18
8.242989E+03	4.007311E-16	9.715954E-18
8.252944E+03	3.873201E-16	9.476307E-18
8.262900E+03	3.754004E-16	9.268102E-18
8.272855E+03	3.650563E-16	9.094310E-18
8.282810E+03	3.563148E-16	8.956560E-18
8.292765E+03	3.492125E-16	8.856773E-18
8.302721E+03	3.437877E-16	8.796963E-18
8.312676E+03	3.400461E-16	8.778357E-18
8.322631E+03	3.380318E-16	8.803194E-18
8.332587E+03	3.377635E-16	8.873103E-18
8.342542E+03	3.392660E-16	8.989893E-18
8.352497E+03	3.426004E-16	9.156380E-18
8.362453E+03	3.477901E-16	9.374420E-18
8.372408E+03	3.549271E-16	9.647753E-18
8.382363E+03	3.640658E-16	9.979187E-18
8.392318E+03	3.752911E-16	1.037241E-17
8.402274E+03	3.886973E-16	1.083146E-17
8.412229E+03	4.043984E-16	1.136101E-17
8.422184E+03	4.224921E-16	1.196537E-17
8.432140E+03	4.430886E-16	1.264931E-17
8.442095E+03	4.662952E-16	1.341760E-17
8.452050E+03	4.922112E-16	1.427488E-17
8.462006E+03	5.209204E-16	1.522543E-17
8.471961E+03	5.524839E-16	1.627295E-17
8.481916E+03	5.869481E-16	1.742074E-17
8.491871E+03	6.242687E-16	1.866945E-17
8.501827E+03	6.643993E-16	2.001964E-17
8.511782E+03	7.072174E-16	2.146952E-17
8.521737E+03	7.525319E-16	2.301511E-17
8.531693E+03	8.000763E-16	2.464994E-17
8.541648E+03	8.495274E-16	2.636557E-17
8.551603E+03	9.004095E-16	2.814851E-17
8.561559E+03	9.522661E-16	2.998549E-17
8.571514E+03	1.004463E-15	3.185721E-17
8.581469E+03	1.056422E-15	3.374555E-17
8.591425E+03	1.107463E-15	3.562873E-17
8.601380E+03	1.156817E-15	3.748139E-17
8.611335E+03	1.203846E-15	3.928180E-17
8.621290E+03	1.247871E-15	4.100633E-17
8.631246E+03	1.288263E-15	4.263238E-17
8.641201E+03	1.324425E-15	4.413774E-17
8.651156E+03	1.355922E-15	4.550528E-17
8.661112E+03	1.382392E-15	4.671975E-17
8.671067E+03	1.403587E-15	4.776943E-17
8.681022E+03	1.419417E-15	4.864785E-17
8.690978E+03	1.429785E-15	4.934804E-17
8.700933E+03	1.434873E-15	4.987269E-17
8.710888E+03	1.434879E-15	5.022510E-17
8.720843E+03	1.430040E-15	5.041014E-17
8.730799E+03	1.420754E-15	5.043845E-17
8.740754E+03	1.407420E-15	5.032122E-17
8.750709E+03	1.390479E-15	5.007127E-17
8.760665E+03	1.370388E-15	4.970253E-17
8.770620E+03	1.347611E-15	4.922951E-17
8.780575E+03	1.322646E-15	4.866847E-17
8.790531E+03	1.295890E-15	4.803233E-17
8.800486E+03	1.267802E-15	4.733670E-17
8.810441E+03	1.238728E-15	4.659340E-17
8.820396E+03	1.209102E-15	4.581794E-17
8.830352E+03	1.179202E-15	4.502032E-17
8.840307E+03	1.149351E-15	4.421250E-17
8.850262E+03	1.119720E-15	4.340098E-17
8.860218E+03	1.090599E-15	4.259703E-17
8.870173E+03	1.062093E-15	4.180503E-17
8.880128E+03	1.034351E-15	4.103123E-17
8.890084E+03	1.007529E-15	4.028223E-17
8.900039E+03	9.816446E-16	3.955930E-17
8.909994E+03	9.568342E-16	3.886834E-17
8.919949E+03	9.331180E-16	3.821075E-17
8.929905E+03	9.105239E-16	3.758833E-17
8.939860E+03	8.891290E-16	3.700497E-17
8.949815E+03	8.689594E-16	3.646259E-17
8.959771E+03	8.499951E-16	3.596123E-17
8.999592E+03	7.863087E-16	3.438984E-17
9.039413E+03	7.408471E-16	3.350648E-17
9.079234E+03	7.117509E-16	3.329214E-17
9.119055E+03	6.962496E-16	3.367920E-17
9.158877E+03	6.911408E-16	3.456589E-17
9.198698E+03	6.926119E-16	3.580141E-17
9.238519E+03	6.968259E-16	3.721017E-17
9.278340E+03	7.007789E-16	3.863733E-17
9.318161E+03	7.026249E-16	3.997341E-17
9.357983E+03	7.017832E-16	4.117023E-17
9.397804E+03	6.984782E-16	4.222417E-17
9.437625E+03	6.934785E-16	4.316717E-17
9.477446E+03	6.878144E-16	4.405364E-17
9.517267E+03	6.824169E-16	4.493910E-17
9.557089E+03	6.778659E-16	4.586230E-17
9.596910E+03	6.742492E-16	4.683221E-17
9.636731E+03	6.713485E-16	4.783684E-17
9.676552E+03	6.684873E-16	4.882929E-17
9.716373E+03	6.650259E-16	4.976072E-17
9.756195E+03	6.603351E-16	5.057872E-17
9.796016E+03	6.539117E-16	5.123649E-17
9.835837E+03	6.453722E-16	5.169354E-17
9.875658E+03	6.345112E-16	5.192154E-17
9.915479E+03	6.213934E-16	5.191365E-17
9.955301E+03	6.061473E-16	5.166924E-17
9.995122E+03	5.889723E-16	5.119505E-17
1.003494E+04	5.702386E-16	5.051461E-17
1.007476E+04	5.503024E-16	4.965295E-17
1.011459E+04	5.295653E-16	4.864183E-17
1.015441E+04	5.083568E-16	4.750911E-17
1.019423E+04	4.869253E-16	4.627717E-17
1.023405E+04	4.656127E-16	4.497912E-17
1.027387E+04	4.445824E-16	4.363275E-17
