#wls	flux	fluxerr
1.588266E+03	1.125255E-16	3.117627E-18
1.627973E+03	1.196747E-16	3.303081E-18
1.667679E+03	1.265116E-16	3.478104E-18
1.707386E+03	1.329046E-16	3.639134E-18
1.747092E+03	1.387149E-16	3.782472E-18
1.786799E+03	1.436536E-16	3.900422E-18
1.826506E+03	1.472672E-16	3.980973E-18
1.866212E+03	1.490868E-16	4.011945E-18
1.905919E+03	1.485980E-16	3.980193E-18
1.945626E+03	1.454328E-16	3.876773E-18
1.985332E+03	1.396390E-16	3.703999E-18
2.025039E+03	1.320505E-16	3.484962E-18
2.064746E+03	1.244647E-16	3.267640E-18
2.104452E+03	1.194006E-16	3.117873E-18
2.144159E+03	1.194023E-16	3.100710E-18
2.183866E+03	1.262143E-16	3.258993E-18
2.223572E+03	1.404423E-16	3.605187E-18
2.263279E+03	1.616001E-16	4.123369E-18
2.302986E+03	1.884255E-16	4.778101E-18
2.342692E+03	2.193539E-16	5.526977E-18
2.382399E+03	2.529253E-16	6.331126E-18
2.422105E+03	2.880114E-16	7.160805E-18
2.461812E+03	3.239019E-16	7.997309E-18
2.501519E+03	3.601715E-16	8.829385E-18
2.541225E+03	3.966485E-16	9.652220E-18
2.580932E+03	4.332588E-16	1.046348E-17
2.620639E+03	4.700195E-16	1.126307E-17
2.660345E+03	5.069497E-16	1.205089E-17
2.700052E+03	5.440752E-16	1.282701E-17
2.739759E+03	5.814143E-16	1.359127E-17
2.779465E+03	6.189528E-16	1.434276E-17
2.819172E+03	6.566565E-16	1.508009E-17
2.858879E+03	6.945088E-16	1.580230E-17
2.898585E+03	7.324360E-16	1.650717E-17
2.938292E+03	7.704402E-16	1.719419E-17
2.977999E+03	8.084497E-16	1.786126E-17
2.987925E+03	8.179706E-16	1.802525E-17
2.997852E+03	8.274765E-16	1.818761E-17
3.007779E+03	8.369649E-16	1.834828E-17
3.017705E+03	8.464706E-16	1.850803E-17
3.027632E+03	8.559713E-16	1.866636E-17
3.037559E+03	8.654942E-16	1.882385E-17
3.047485E+03	8.750909E-16	1.898160E-17
3.057412E+03	8.849183E-16	1.914300E-17
3.067339E+03	8.949438E-16	1.930730E-17
3.077265E+03	9.051734E-16	1.947457E-17
3.087192E+03	9.155413E-16	1.964336E-17
3.097118E+03	9.260388E-16	1.981346E-17
3.107045E+03	9.366221E-16	1.998389E-17
3.116972E+03	9.473234E-16	2.015532E-17
3.126898E+03	9.580636E-16	2.032605E-17
3.136825E+03	9.688411E-16	2.049602E-17
3.146752E+03	9.796546E-16	2.066520E-17
3.156678E+03	9.904856E-16	2.083316E-17
3.166605E+03	1.001280E-15	2.099878E-17
3.176532E+03	1.012077E-15	2.116287E-17
3.186458E+03	1.022825E-15	2.132435E-17
3.196385E+03	1.033528E-15	2.148330E-17
3.206312E+03	1.044155E-15	2.163909E-17
3.216238E+03	1.054713E-15	2.179184E-17
3.226165E+03	1.065191E-15	2.194136E-17
3.236092E+03	1.075579E-15	2.208742E-17
3.246018E+03	1.085848E-15	2.222948E-17
3.255945E+03	1.096009E-15	2.236775E-17
3.265872E+03	1.106054E-15	2.250209E-17
3.275798E+03	1.115958E-15	2.263201E-17
3.285725E+03	1.125733E-15	2.275777E-17
3.295652E+03	1.135356E-15	2.287891E-17
3.305578E+03	1.144839E-15	2.299571E-17
3.315505E+03	1.154159E-15	2.310776E-17
3.325432E+03	1.163315E-15	2.321501E-17
3.335358E+03	1.172302E-15	2.331742E-17
3.345285E+03	1.181118E-15	2.341497E-17
3.355212E+03	1.189761E-15	2.350765E-17
3.365138E+03	1.198211E-15	2.359510E-17
3.375065E+03	1.206486E-15	2.367769E-17
3.384992E+03	1.214549E-15	2.375476E-17
3.394918E+03	1.222435E-15	2.382700E-17
3.404845E+03	1.230111E-15	2.389380E-17
3.414772E+03	1.237575E-15	2.395519E-17
3.424698E+03	1.244831E-15	2.401125E-17
3.434625E+03	1.251862E-15	2.406171E-17
3.444552E+03	1.258686E-15	2.410697E-17
3.454478E+03	1.265289E-15	2.414679E-17
3.464405E+03	1.271658E-15	2.418095E-17
3.474332E+03	1.277794E-15	2.420954E-17
3.484258E+03	1.283684E-15	2.423237E-17
3.494185E+03	1.289349E-15	2.424985E-17
3.504112E+03	1.294744E-15	2.426118E-17
3.514038E+03	1.299888E-15	2.426681E-17
3.523965E+03	1.304771E-15	2.426658E-17
3.533892E+03	1.309397E-15	2.426061E-17
3.543818E+03	1.313740E-15	2.424849E-17
3.553745E+03	1.317788E-15	2.423008E-17
3.563672E+03	1.321565E-15	2.420584E-17
3.573598E+03	1.325030E-15	2.417510E-17
3.583525E+03	1.328205E-15	2.413831E-17
3.593452E+03	1.331080E-15	2.409540E-17
3.603378E+03	1.333634E-15	2.404600E-17
3.613305E+03	1.335857E-15	2.399005E-17
3.623232E+03	1.337759E-15	2.392777E-17
3.633158E+03	1.339318E-15	2.385884E-17
3.643085E+03	1.340555E-15	2.378374E-17
3.653012E+03	1.341437E-15	2.370194E-17
3.662938E+03	1.341973E-15	2.361366E-17
3.672865E+03	1.342156E-15	2.351889E-17
3.682792E+03	1.341995E-15	2.341787E-17
3.692718E+03	1.341473E-15	2.331035E-17
3.702645E+03	1.340598E-15	2.319658E-17
3.712572E+03	1.339366E-15	2.307656E-17
3.722498E+03	1.337786E-15	2.295055E-17
3.732425E+03	1.335855E-15	2.281856E-17
3.742352E+03	1.333581E-15	2.268083E-17
3.752278E+03	1.330961E-15	2.253738E-17
3.762205E+03	1.327992E-15	2.238823E-17
3.772131E+03	1.324708E-15	2.223406E-17
3.782058E+03	1.321081E-15	2.207445E-17
3.791985E+03	1.317131E-15	2.190986E-17
3.801911E+03	1.312882E-15	2.174072E-17
3.811838E+03	1.308316E-15	2.156684E-17
3.821765E+03	1.303441E-15	2.138844E-17
3.831691E+03	1.298280E-15	2.120594E-17
3.841618E+03	1.292841E-15	2.101955E-17
3.851545E+03	1.287131E-15	2.082948E-17
3.861471E+03	1.281147E-15	2.063572E-17
3.871398E+03	1.274908E-15	2.043868E-17
3.881325E+03	1.268424E-15	2.023854E-17
3.891251E+03	1.261700E-15	2.003550E-17
3.901178E+03	1.254748E-15	1.982976E-17
3.911105E+03	1.247573E-15	1.962150E-17
3.921031E+03	1.240196E-15	1.941109E-17
3.930958E+03	1.232627E-15	1.919874E-17
3.940885E+03	1.224864E-15	1.898447E-17
3.950811E+03	1.216941E-15	1.876887E-17
3.960738E+03	1.208859E-15	1.855198E-17
3.970665E+03	1.200643E-15	1.833426E-17
3.980591E+03	1.192310E-15	1.811599E-17
3.990518E+03	1.183871E-15	1.789736E-17
4.000445E+03	1.175370E-15	1.767909E-17
4.010371E+03	1.166827E-15	1.746148E-17
4.020298E+03	1.158283E-15	1.724518E-17
4.030225E+03	1.149777E-15	1.703077E-17
4.040151E+03	1.141351E-15	1.681885E-17
4.050078E+03	1.133050E-15	1.661010E-17
4.060005E+03	1.124933E-15	1.640534E-17
4.069931E+03	1.117041E-15	1.620513E-17
4.079858E+03	1.109427E-15	1.601021E-17
4.089785E+03	1.102164E-15	1.582156E-17
4.099711E+03	1.095287E-15	1.563962E-17
4.109638E+03	1.088860E-15	1.546520E-17
4.119565E+03	1.082936E-15	1.529897E-17
4.129491E+03	1.077564E-15	1.514152E-17
4.139418E+03	1.072793E-15	1.499340E-17
4.149345E+03	1.068666E-15	1.485508E-17
4.159271E+03	1.065221E-15	1.472697E-17
4.169198E+03	1.062492E-15	1.460938E-17
4.179125E+03	1.060505E-15	1.450253E-17
4.189051E+03	1.059283E-15	1.440654E-17
4.198978E+03	1.058829E-15	1.432133E-17
4.208905E+03	1.059153E-15	1.424686E-17
4.218831E+03	1.060267E-15	1.418313E-17
4.228758E+03	1.062172E-15	1.412998E-17
4.238685E+03	1.064847E-15	1.408700E-17
4.248611E+03	1.068300E-15	1.405410E-17
4.258538E+03	1.072530E-15	1.403114E-17
4.268465E+03	1.077539E-15	1.401799E-17
4.278391E+03	1.083333E-15	1.401457E-17
4.288318E+03	1.089913E-15	1.402074E-17
4.298245E+03	1.097313E-15	1.403680E-17
4.308171E+03	1.105532E-15	1.406256E-17
4.318098E+03	1.114607E-15	1.409835E-17
4.328025E+03	1.124555E-15	1.414423E-17
4.337951E+03	1.135399E-15	1.420031E-17
4.347878E+03	1.147138E-15	1.426643E-17
4.357805E+03	1.159769E-15	1.434240E-17
4.367731E+03	1.173257E-15	1.442763E-17
4.377658E+03	1.187563E-15	1.452149E-17
4.387585E+03	1.202600E-15	1.462278E-17
4.397511E+03	1.218250E-15	1.472996E-17
4.407438E+03	1.234389E-15	1.484145E-17
4.417365E+03	1.250835E-15	1.495499E-17
4.427291E+03	1.267375E-15	1.506803E-17
4.437218E+03	1.283768E-15	1.517774E-17
4.447144E+03	1.299699E-15	1.528049E-17
4.457071E+03	1.314858E-15	1.537278E-17
4.466998E+03	1.328899E-15	1.545077E-17
4.476924E+03	1.341453E-15	1.551045E-17
4.486851E+03	1.352168E-15	1.554809E-17
4.496778E+03	1.360711E-15	1.556027E-17
4.506704E+03	1.366786E-15	1.554407E-17
4.516631E+03	1.370157E-15	1.549730E-17
4.526558E+03	1.370641E-15	1.541845E-17
4.536484E+03	1.368143E-15	1.530699E-17
4.546411E+03	1.362697E-15	1.516386E-17
4.556338E+03	1.354376E-15	1.499041E-17
4.566264E+03	1.343355E-15	1.478909E-17
4.576191E+03	1.329915E-15	1.456345E-17
4.586118E+03	1.314392E-15	1.431755E-17
4.596044E+03	1.297138E-15	1.405557E-17
4.605971E+03	1.278621E-15	1.378284E-17
4.615898E+03	1.259251E-15	1.350392E-17
4.625824E+03	1.239518E-15	1.322420E-17
4.635751E+03	1.219873E-15	1.294846E-17
4.645678E+03	1.200746E-15	1.268124E-17
4.655604E+03	1.182537E-15	1.242661E-17
4.665531E+03	1.165599E-15	1.218810E-17
4.675458E+03	1.150258E-15	1.196889E-17
4.685384E+03	1.136743E-15	1.177107E-17
4.695311E+03	1.125233E-15	1.159622E-17
4.705238E+03	1.115857E-15	1.144532E-17
4.715164E+03	1.108643E-15	1.131836E-17
4.725091E+03	1.103616E-15	1.121529E-17
4.735018E+03	1.100677E-15	1.113478E-17
4.744944E+03	1.099723E-15	1.107555E-17
4.754871E+03	1.100580E-15	1.103558E-17
4.764798E+03	1.102997E-15	1.101214E-17
4.774724E+03	1.106709E-15	1.100242E-17
4.784651E+03	1.111406E-15	1.100323E-17
4.794578E+03	1.116705E-15	1.101069E-17
4.804504E+03	1.122226E-15	1.102104E-17
4.814431E+03	1.127582E-15	1.103048E-17
4.824358E+03	1.132433E-15	1.103575E-17
4.834284E+03	1.136594E-15	1.103512E-17
4.844211E+03	1.140028E-15	1.102829E-17
4.854138E+03	1.142742E-15	1.101541E-17
4.864064E+03	1.144798E-15	1.099712E-17
4.873991E+03	1.146233E-15	1.097385E-17
4.883918E+03	1.147143E-15	1.094654E-17
4.893844E+03	1.147627E-15	1.091620E-17
4.903771E+03	1.147800E-15	1.088391E-17
4.913698E+03	1.147825E-15	1.085123E-17
4.923624E+03	1.147864E-15	1.081969E-17
4.933551E+03	1.148128E-15	1.079125E-17
4.943478E+03	1.148820E-15	1.076779E-17
4.953404E+03	1.150164E-15	1.075133E-17
4.963331E+03	1.152372E-15	1.074380E-17
4.973258E+03	1.155682E-15	1.074733E-17
4.983184E+03	1.160265E-15	1.076342E-17
4.993111E+03	1.166288E-15	1.079353E-17
5.003038E+03	1.173898E-15	1.083891E-17
5.012964E+03	1.183180E-15	1.090025E-17
5.022891E+03	1.194191E-15	1.097796E-17
5.032818E+03	1.206949E-15	1.107213E-17
5.042744E+03	1.221436E-15	1.118248E-17
5.052671E+03	1.237581E-15	1.130831E-17
5.062598E+03	1.255298E-15	1.144873E-17
5.072524E+03	1.274478E-15	1.160271E-17
5.082451E+03	1.294949E-15	1.176863E-17
5.092378E+03	1.316563E-15	1.194511E-17
5.102304E+03	1.339083E-15	1.212997E-17
5.112231E+03	1.362316E-15	1.232146E-17
5.122158E+03	1.386012E-15	1.251733E-17
5.132084E+03	1.409920E-15	1.271530E-17
5.142011E+03	1.433776E-15	1.291301E-17
5.151937E+03	1.457288E-15	1.310790E-17
5.161864E+03	1.480176E-15	1.329746E-17
5.171791E+03	1.502137E-15	1.347902E-17
5.181717E+03	1.522915E-15	1.365035E-17
5.191644E+03	1.542185E-15	1.380859E-17
5.201571E+03	1.559696E-15	1.395155E-17
5.211497E+03	1.575206E-15	1.407714E-17
5.221424E+03	1.588508E-15	1.418357E-17
5.231351E+03	1.599402E-15	1.426911E-17
5.241277E+03	1.607789E-15	1.433295E-17
5.251204E+03	1.613597E-15	1.437450E-17
5.261131E+03	1.616830E-15	1.439384E-17
5.271057E+03	1.617542E-15	1.439150E-17
5.280984E+03	1.615878E-15	1.436879E-17
5.290911E+03	1.611991E-15	1.432710E-17
5.300837E+03	1.606116E-15	1.426855E-17
5.310764E+03	1.598514E-15	1.419546E-17
5.320691E+03	1.589506E-15	1.411068E-17
5.330617E+03	1.579372E-15	1.401669E-17
5.340544E+03	1.568459E-15	1.391656E-17
5.350471E+03	1.557071E-15	1.381296E-17
5.360397E+03	1.545470E-15	1.370815E-17
5.370324E+03	1.533793E-15	1.360334E-17
5.380251E+03	1.522106E-15	1.349906E-17
5.390177E+03	1.510405E-15	1.339524E-17
5.400104E+03	1.498596E-15	1.329101E-17
5.410031E+03	1.486634E-15	1.318595E-17
5.419957E+03	1.474426E-15	1.307918E-17
5.429884E+03	1.461908E-15	1.297011E-17
5.439811E+03	1.449093E-15	1.285884E-17
5.449737E+03	1.435943E-15	1.274498E-17
5.459664E+03	1.422481E-15	1.262871E-17
5.469591E+03	1.408714E-15	1.251006E-17
5.479517E+03	1.394695E-15	1.238949E-17
5.489444E+03	1.380419E-15	1.226691E-17
5.499371E+03	1.365931E-15	1.214270E-17
5.509297E+03	1.351255E-15	1.201706E-17
5.519224E+03	1.336468E-15	1.189062E-17
5.529151E+03	1.321595E-15	1.176362E-17
5.539077E+03	1.306700E-15	1.163658E-17
5.549004E+03	1.291839E-15	1.150999E-17
5.558931E+03	1.277103E-15	1.138466E-17
5.568857E+03	1.262551E-15	1.126108E-17
5.578784E+03	1.248276E-15	1.114008E-17
5.588711E+03	1.234379E-15	1.102255E-17
5.598637E+03	1.220954E-15	1.090932E-17
5.608564E+03	1.208112E-15	1.080139E-17
5.618491E+03	1.195949E-15	1.069960E-17
5.628417E+03	1.184583E-15	1.060504E-17
5.638344E+03	1.174135E-15	1.051877E-17
5.648271E+03	1.164708E-15	1.044173E-17
5.658197E+03	1.156397E-15	1.037480E-17
5.668124E+03	1.149284E-15	1.031873E-17
5.678051E+03	1.143459E-15	1.027435E-17
5.687977E+03	1.138940E-15	1.024184E-17
5.697904E+03	1.135767E-15	1.022159E-17
5.707831E+03	1.133928E-15	1.021354E-17
5.717757E+03	1.133368E-15	1.021720E-17
5.727684E+03	1.134025E-15	1.023206E-17
5.737611E+03	1.135806E-15	1.025732E-17
5.747537E+03	1.138567E-15	1.029170E-17
5.757464E+03	1.142152E-15	1.033382E-17
5.767391E+03	1.146411E-15	1.038236E-17
5.777317E+03	1.151128E-15	1.043539E-17
5.787244E+03	1.156121E-15	1.049128E-17
5.797171E+03	1.161196E-15	1.054828E-17
5.807097E+03	1.166164E-15	1.060470E-17
5.817024E+03	1.170863E-15	1.065906E-17
5.826950E+03	1.175106E-15	1.070968E-17
5.836877E+03	1.178780E-15	1.075552E-17
5.846804E+03	1.181754E-15	1.079538E-17
5.856730E+03	1.183933E-15	1.082838E-17
5.866657E+03	1.185245E-15	1.085385E-17
5.876584E+03	1.185640E-15	1.087132E-17
5.886510E+03	1.185106E-15	1.088066E-17
5.896437E+03	1.183610E-15	1.088153E-17
5.906364E+03	1.181163E-15	1.087404E-17
5.916290E+03	1.177807E-15	1.085853E-17
5.926217E+03	1.173584E-15	1.083536E-17
5.936144E+03	1.168514E-15	1.080471E-17
5.946070E+03	1.162676E-15	1.076727E-17
5.955997E+03	1.156079E-15	1.072310E-17
5.965924E+03	1.148807E-15	1.067295E-17
5.975850E+03	1.140850E-15	1.061672E-17
5.985777E+03	1.132223E-15	1.055451E-17
5.995704E+03	1.122937E-15	1.048639E-17
6.005630E+03	1.112953E-15	1.041197E-17
6.015557E+03	1.102224E-15	1.033078E-17
6.025484E+03	1.090656E-15	1.024190E-17
6.035410E+03	1.078189E-15	1.014470E-17
6.045337E+03	1.064684E-15	1.003783E-17
6.055264E+03	1.050058E-15	9.920433E-18
6.065190E+03	1.034186E-15	9.791253E-18
6.075117E+03	1.016950E-15	9.649087E-18
6.085044E+03	9.982590E-16	9.492948E-18
6.094970E+03	9.780534E-16	9.322134E-18
6.104897E+03	9.562765E-16	9.135952E-18
6.114824E+03	9.329171E-16	8.934135E-18
6.124750E+03	9.080209E-16	8.716963E-18
6.134677E+03	8.816313E-16	8.484689E-18
6.144604E+03	8.538894E-16	8.238514E-18
6.154530E+03	8.250620E-16	7.980864E-18
6.164457E+03	7.956355E-16	7.716324E-18
6.174384E+03	7.662787E-16	7.451298E-18
6.184310E+03	7.377125E-16	7.192771E-18
6.194237E+03	7.105826E-16	6.947069E-18
6.204164E+03	6.853903E-16	6.719179E-18
6.214090E+03	6.625293E-16	6.513088E-18
6.224017E+03	6.422719E-16	6.331634E-18
6.233944E+03	6.248053E-16	6.176852E-18
6.243870E+03	6.102340E-16	6.049986E-18
6.253797E+03	5.986021E-16	5.951694E-18
6.263724E+03	5.899175E-16	5.882288E-18
6.273650E+03	5.841523E-16	5.841726E-18
6.283577E+03	5.812355E-16	5.829537E-18
6.293504E+03	5.810929E-16	5.845211E-18
6.303430E+03	5.836310E-16	5.888044E-18
6.313357E+03	5.887286E-16	5.957037E-18
6.323284E+03	5.962730E-16	6.051273E-18
6.333210E+03	6.061238E-16	6.169538E-18
6.343137E+03	6.181267E-16	6.310460E-18
6.353064E+03	6.321113E-16	6.472490E-18
6.362990E+03	6.479127E-16	6.654111E-18
6.372917E+03	6.653204E-16	6.853318E-18
6.382844E+03	6.841384E-16	7.068234E-18
6.392770E+03	7.041375E-16	7.296610E-18
6.402697E+03	7.250755E-16	7.536033E-18
6.412624E+03	7.467098E-16	7.784060E-18
6.422550E+03	7.687810E-16	8.038037E-18
6.432477E+03	7.910392E-16	8.295381E-18
6.442404E+03	8.131982E-16	8.553094E-18
6.452330E+03	8.350273E-16	8.808725E-18
6.462257E+03	8.562802E-16	9.059632E-18
6.472184E+03	8.767113E-16	9.303146E-18
6.482110E+03	8.961186E-16	9.537034E-18
6.492037E+03	9.143069E-16	9.759108E-18
6.501963E+03	9.311048E-16	9.967411E-18
6.511890E+03	9.463637E-16	1.016021E-17
6.521817E+03	9.599777E-16	1.033621E-17
6.531743E+03	9.718354E-16	1.049404E-17
6.541670E+03	9.818690E-16	1.063281E-17
6.551597E+03	9.900515E-16	1.075204E-17
6.561523E+03	9.963669E-16	1.085138E-17
6.571450E+03	1.000806E-15	1.093055E-17
6.581377E+03	1.003414E-15	1.098987E-17
6.591303E+03	1.004227E-15	1.102954E-17
6.601230E+03	1.003346E-15	1.105052E-17
6.611157E+03	1.000823E-15	1.105323E-17
6.621083E+03	9.967571E-16	1.103860E-17
6.631010E+03	9.912752E-16	1.100791E-17
6.640937E+03	9.844959E-16	1.096234E-17
6.650863E+03	9.765268E-16	1.090299E-17
6.660790E+03	9.674968E-16	1.083117E-17
6.670717E+03	9.575528E-16	1.074846E-17
6.680643E+03	9.468075E-16	1.065603E-17
6.690570E+03	9.354059E-16	1.055545E-17
6.700497E+03	9.234381E-16	1.044769E-17
6.710423E+03	9.110568E-16	1.033443E-17
6.720350E+03	8.983420E-16	1.021655E-17
6.730277E+03	8.854330E-16	1.009562E-17
6.740203E+03	8.723963E-16	9.972376E-18
6.750130E+03	8.593399E-16	9.848054E-18
6.760057E+03	8.463474E-16	9.723618E-18
6.769983E+03	8.334790E-16	9.599771E-18
6.779910E+03	8.208170E-16	9.477482E-18
6.789837E+03	8.084049E-16	9.357278E-18
6.799763E+03	7.963100E-16	9.239964E-18
6.809690E+03	7.845442E-16	9.125714E-18
6.819617E+03	7.731736E-16	9.015332E-18
6.829543E+03	7.622102E-16	8.908996E-18
6.839470E+03	7.516753E-16	8.806999E-18
6.849397E+03	7.415680E-16	8.709369E-18
6.859323E+03	7.319235E-16	8.616565E-18
6.869250E+03	7.227024E-16	8.528164E-18
6.879177E+03	7.139411E-16	8.444639E-18
6.889103E+03	7.056027E-16	8.365596E-18
6.899030E+03	6.976748E-16	8.290928E-18
6.908957E+03	6.901534E-16	8.220627E-18
6.918883E+03	6.830038E-16	8.154319E-18
6.928810E+03	6.762046E-16	8.091782E-18
6.938737E+03	6.697316E-16	8.032761E-18
6.948663E+03	6.635589E-16	7.976978E-18
6.958590E+03	6.576624E-16	7.924170E-18
6.968517E+03	6.520041E-16	7.873909E-18
6.978443E+03	6.465858E-16	7.826241E-18
6.988370E+03	6.413474E-16	7.780460E-18
6.998297E+03	6.363075E-16	7.736814E-18
7.008223E+03	6.314110E-16	7.694653E-18
7.018150E+03	6.266676E-16	7.654112E-18
7.028077E+03	6.220540E-16	7.614924E-18
7.038003E+03	6.175604E-16	7.576985E-18
7.047930E+03	6.131929E-16	7.540385E-18
7.057857E+03	6.089242E-16	7.504803E-18
7.067783E+03	6.047648E-16	7.470383E-18
7.077710E+03	6.007048E-16	7.437015E-18
7.087637E+03	5.967586E-16	7.404894E-18
7.097563E+03	5.929308E-16	7.374090E-18
7.107490E+03	5.892153E-16	7.344541E-18
7.117417E+03	5.856290E-16	7.316476E-18
7.127343E+03	5.821550E-16	7.289698E-18
7.137270E+03	5.788216E-16	7.264578E-18
7.147197E+03	5.756229E-16	7.241057E-18
7.157123E+03	5.725509E-16	7.219053E-18
7.167050E+03	5.696212E-16	7.198778E-18
7.176976E+03	5.668355E-16	7.180273E-18
7.186903E+03	5.641839E-16	7.163429E-18
7.196830E+03	5.616666E-16	7.148267E-18
7.206756E+03	5.592832E-16	7.134799E-18
7.216683E+03	5.570323E-16	7.123024E-18
7.226610E+03	5.549118E-16	7.112933E-18
7.236536E+03	5.528957E-16	7.104212E-18
7.246463E+03	5.510038E-16	7.097128E-18
7.256390E+03	5.492211E-16	7.091504E-18
7.266316E+03	5.475321E-16	7.087160E-18
7.276243E+03	5.459448E-16	7.084211E-18
7.286170E+03	5.444331E-16	7.082335E-18
7.296096E+03	5.429945E-16	7.081512E-18
7.306023E+03	5.416276E-16	7.081736E-18
7.315950E+03	5.403206E-16	7.082867E-18
7.325876E+03	5.390861E-16	7.085083E-18
7.335803E+03	5.378926E-16	7.087980E-18
7.345730E+03	5.367672E-16	7.091929E-18
7.355656E+03	5.356930E-16	7.096718E-18
7.365583E+03	5.346879E-16	7.102597E-18
7.375510E+03	5.337480E-16	7.109528E-18
7.385436E+03	5.328797E-16	7.117607E-18
7.395363E+03	5.320992E-16	7.127069E-18
7.405290E+03	5.313973E-16	7.137805E-18
7.415216E+03	5.308071E-16	7.150275E-18
7.425143E+03	5.303010E-16	7.164126E-18
7.435070E+03	5.298932E-16	7.179569E-18
7.444996E+03	5.295602E-16	7.196302E-18
7.454923E+03	5.293215E-16	7.214604E-18
7.464850E+03	5.291474E-16	7.234091E-18
7.474776E+03	5.290180E-16	7.254502E-18
7.484703E+03	5.289226E-16	7.275704E-18
7.494630E+03	5.288374E-16	7.297379E-18
7.504556E+03	5.287608E-16	7.319501E-18
7.514483E+03	5.286432E-16	7.341379E-18
7.524410E+03	5.284687E-16	7.362779E-18
7.534336E+03	5.282207E-16	7.383456E-18
7.544263E+03	5.278582E-16	7.402818E-18
7.554190E+03	5.273630E-16	7.420587E-18
7.564116E+03	5.266935E-16	7.436150E-18
7.574043E+03	5.258451E-16	7.449410E-18
7.583970E+03	5.247724E-16	7.459690E-18
7.593896E+03	5.234906E-16	7.467164E-18
7.603823E+03	5.219824E-16	7.471547E-18
7.613750E+03	5.202866E-16	7.473353E-18
7.623676E+03	5.183976E-16	7.472468E-18
7.633603E+03	5.163580E-16	7.469467E-18
7.643530E+03	5.141743E-16	7.464414E-18
7.653456E+03	5.118648E-16	7.457544E-18
7.663383E+03	5.094471E-16	7.449085E-18
7.673310E+03	5.069378E-16	7.439256E-18
7.683236E+03	5.043531E-16	7.428271E-18
7.693163E+03	5.016964E-16	7.416158E-18
7.703090E+03	4.990048E-16	7.403450E-18
7.713016E+03	4.962679E-16	7.389976E-18
7.722943E+03	4.934974E-16	7.375894E-18
7.732870E+03	4.907151E-16	7.361518E-18
7.742796E+03	4.879186E-16	7.346802E-18
7.752723E+03	4.851160E-16	7.331854E-18
7.762650E+03	4.823024E-16	7.316597E-18
7.772576E+03	4.794955E-16	7.301284E-18
7.782503E+03	4.766886E-16	7.285809E-18
7.792430E+03	4.738747E-16	7.270058E-18
7.802356E+03	4.710688E-16	7.254251E-18
7.812283E+03	4.682515E-16	7.238084E-18
7.822210E+03	4.654367E-16	7.221762E-18
7.832136E+03	4.626152E-16	7.205138E-18
7.842063E+03	4.597783E-16	7.188062E-18
7.851990E+03	4.569272E-16	7.170550E-18
7.861916E+03	4.540416E-16	7.152270E-18
7.871843E+03	4.511230E-16	7.133231E-18
7.881769E+03	4.481832E-16	7.113613E-18
7.891696E+03	4.451907E-16	7.092900E-18
7.901623E+03	4.421682E-16	7.071440E-18
7.911549E+03	4.390948E-16	7.048890E-18
7.921476E+03	4.359930E-16	7.025592E-18
7.931403E+03	4.328633E-16	7.001548E-18
7.941329E+03	4.297063E-16	6.976755E-18
7.951256E+03	4.265332E-16	6.951384E-18
7.961183E+03	4.233654E-16	6.925780E-18
7.971109E+03	4.201926E-16	6.899767E-18
7.981036E+03	4.170253E-16	6.873515E-18
7.990963E+03	4.138741E-16	6.847193E-18
8.000889E+03	4.107491E-16	6.820968E-18
8.010816E+03	4.076500E-16	6.794837E-18
8.020743E+03	4.045765E-16	6.768793E-18
8.030669E+03	4.015386E-16	6.743007E-18
8.040596E+03	3.985253E-16	6.717296E-18
8.050523E+03	3.955570E-16	6.692003E-18
8.060449E+03	3.926329E-16	6.667124E-18
8.070376E+03	3.897423E-16	6.642478E-18
8.080303E+03	3.868948E-16	6.618234E-18
8.090229E+03	3.840900E-16	6.594390E-18
8.100156E+03	3.813273E-16	6.570939E-18
8.110083E+03	3.786062E-16	6.547878E-18
8.120009E+03	3.759262E-16	6.525204E-18
8.129936E+03	3.732869E-16	6.502914E-18
8.139863E+03	3.706977E-16	6.481178E-18
8.149789E+03	3.681384E-16	6.459649E-18
8.159716E+03	3.656284E-16	6.438671E-18
8.169643E+03	3.631573E-16	6.418070E-18
8.179569E+03	3.607348E-16	6.398019E-18
8.189496E+03	3.583408E-16	6.378170E-18
8.199423E+03	3.559847E-16	6.358694E-18
8.209349E+03	3.536762E-16	6.339770E-18
8.219276E+03	3.513954E-16	6.321046E-18
8.229203E+03	3.491615E-16	6.302874E-18
8.239129E+03	3.469549E-16	6.284905E-18
8.249056E+03	3.447850E-16	6.267315E-18
8.258983E+03	3.426517E-16	6.250105E-18
8.268909E+03	3.405452E-16	6.233104E-18
8.278836E+03	3.384749E-16	6.216486E-18
8.288763E+03	3.364311E-16	6.200078E-18
8.298689E+03	3.344232E-16	6.184059E-18
8.308616E+03	3.324511E-16	6.168432E-18
8.318543E+03	3.304955E-16	6.152845E-18
8.328469E+03	3.285756E-16	6.137654E-18
8.338396E+03	3.266816E-16	6.122686E-18
8.348323E+03	3.248134E-16	6.107941E-18
8.358249E+03	3.229710E-16	6.093424E-18
8.368176E+03	3.211545E-16	6.079138E-18
8.378103E+03	3.193634E-16	6.065083E-18
8.388029E+03	3.175887E-16	6.051086E-18
8.397956E+03	3.158396E-16	6.037326E-18
8.407883E+03	3.141066E-16	6.023628E-18
8.417809E+03	3.123990E-16	6.010174E-18
8.427736E+03	3.107168E-16	5.996962E-18
8.437663E+03	3.090414E-16	5.983643E-18
8.447589E+03	3.073914E-16	5.970573E-18
8.457516E+03	3.057482E-16	5.957400E-18
8.467443E+03	3.041302E-16	5.944478E-18
8.477369E+03	3.025190E-16	5.931458E-18
8.487296E+03	3.009238E-16	5.918515E-18
8.497223E+03	2.993446E-16	5.905654E-18
8.507149E+03	2.977721E-16	5.892696E-18
8.517076E+03	2.962155E-16	5.879823E-18
8.527003E+03	2.946567E-16	5.866676E-18
8.536929E+03	2.931137E-16	5.853615E-18
8.546856E+03	2.915775E-16	5.840462E-18
8.556782E+03	2.900481E-16	5.827219E-18
8.566709E+03	2.885164E-16	5.813703E-18
8.576636E+03	2.870004E-16	5.800279E-18
8.586562E+03	2.854732E-16	5.786404E-18
8.596489E+03	2.839527E-16	5.772439E-18
8.606416E+03	2.824300E-16	5.758203E-18
8.616342E+03	2.808962E-16	5.743515E-18
8.626269E+03	2.793690E-16	5.728737E-18
8.636196E+03	2.778306E-16	5.713503E-18
8.646122E+03	2.762900E-16	5.697996E-18
8.656049E+03	2.747382E-16	5.682032E-18
8.665976E+03	2.731752E-16	5.665610E-18
8.675902E+03	2.716011E-16	5.648726E-18
8.685829E+03	2.700158E-16	5.631379E-18
8.695756E+03	2.684105E-16	5.613385E-18
8.705682E+03	2.667939E-16	5.594921E-18
8.715609E+03	2.651573E-16	5.575804E-18
8.725536E+03	2.635093E-16	5.556210E-18
8.735462E+03	2.618326E-16	5.535773E-18
8.745389E+03	2.601356E-16	5.514669E-18
8.755316E+03	2.584184E-16	5.492894E-18
8.765242E+03	2.566808E-16	5.470443E-18
8.775169E+03	2.549142E-16	5.447128E-18
8.785096E+03	2.531358E-16	5.423315E-18
8.795022E+03	2.513367E-16	5.398809E-18
8.804949E+03	2.495169E-16	5.373609E-18
8.814876E+03	2.476763E-16	5.347708E-18
8.824802E+03	2.458232E-16	5.321287E-18
8.834729E+03	2.439489E-16	5.294154E-18
8.844656E+03	2.420705E-16	5.266677E-18
8.854582E+03	2.401706E-16	5.238478E-18
8.864509E+03	2.382745E-16	5.210109E-18
8.874436E+03	2.363653E-16	5.181196E-18
8.884362E+03	2.344510E-16	5.151918E-18
8.894289E+03	2.325314E-16	5.122271E-18
8.904216E+03	2.306149E-16	5.092439E-18
8.914142E+03	2.287012E-16	5.062417E-18
8.924069E+03	2.267902E-16	5.032203E-18
8.933996E+03	2.248730E-16	5.001602E-18
8.973702E+03	2.172988E-16	4.878847E-18
9.013409E+03	2.098608E-16	4.755295E-18
9.053116E+03	2.026356E-16	4.632857E-18
9.092822E+03	1.957021E-16	4.513547E-18
9.132529E+03	1.890102E-16	4.396440E-18
9.172236E+03	1.825997E-16	4.282678E-18
9.211942E+03	1.764989E-16	4.173160E-18
9.251649E+03	1.706950E-16	4.067817E-18
9.291355E+03	1.651848E-16	3.966798E-18
9.331062E+03	1.599667E-16	3.870281E-18
9.370769E+03	1.550398E-16	3.778463E-18
9.410475E+03	1.503877E-16	3.691141E-18
9.450182E+03	1.460034E-16	3.608339E-18
9.489889E+03	1.418899E-16	3.530312E-18
9.529595E+03	1.380160E-16	3.456458E-18
9.569302E+03	1.343773E-16	3.386830E-18
9.609009E+03	1.309707E-16	3.321497E-18
9.648715E+03	1.277756E-16	3.260082E-18
9.688422E+03	1.247901E-16	3.202668E-18
9.728129E+03	1.219946E-16	3.148875E-18
9.767835E+03	1.193881E-16	3.098794E-18
9.807542E+03	1.169610E-16	3.052282E-18
9.847249E+03	1.147038E-16	3.009197E-18
9.886955E+03	1.125981E-16	2.969142E-18
9.926662E+03	1.106343E-16	2.931955E-18
9.966368E+03	1.088230E-16	2.897993E-18
1.000608E+04	1.071458E-16	2.866843E-18
1.004578E+04	1.055941E-16	2.838342E-18
1.008549E+04	1.041590E-16	2.812315E-18
1.012520E+04	1.028418E-16	2.788860E-18
1.016490E+04	1.016340E-16	2.767797E-18
1.020461E+04	1.005269E-16	2.748940E-18
1.024432E+04	9.952194E-17	2.732380E-18
