#wls	flux	fluxerr
1.591305E+03	1.204768E-15	4.840841E-17
1.631088E+03	1.179844E-15	4.657209E-17
1.670870E+03	1.146013E-15	4.441749E-17
1.710653E+03	1.103404E-15	4.196985E-17
1.750436E+03	1.052292E-15	3.925986E-17
1.790218E+03	9.925978E-16	3.630469E-17
1.830001E+03	9.240069E-16	3.311357E-17
1.869784E+03	8.469499E-16	2.972294E-17
1.909566E+03	7.622006E-16	2.617983E-17
1.949349E+03	6.715825E-16	2.256418E-17
1.989131E+03	5.784500E-16	1.900064E-17
2.028914E+03	4.881126E-16	1.566626E-17
2.068697E+03	4.072850E-16	1.276589E-17
2.108479E+03	3.427760E-16	1.048670E-17
2.148262E+03	2.996314E-16	8.942677E-18
2.188045E+03	2.793192E-16	8.128635E-18
2.227827E+03	2.821912E-16	8.003752E-18
2.267610E+03	3.107346E-16	8.585884E-18
2.307392E+03	3.703761E-16	9.965838E-18
2.347175E+03	4.710503E-16	1.233861E-17
2.386958E+03	6.296109E-16	1.605010E-17
2.426740E+03	8.711811E-16	2.160859E-17
2.466523E+03	1.229093E-15	2.965803E-17
2.506306E+03	1.740343E-15	4.084878E-17
2.546088E+03	2.433726E-15	5.555940E-17
2.585871E+03	3.309698E-15	7.348067E-17
2.625653E+03	4.325419E-15	9.338414E-17
2.665436E+03	5.407024E-15	1.135092E-16
2.705219E+03	6.477073E-15	1.322079E-16
2.745001E+03	7.469984E-15	1.482503E-16
2.784784E+03	8.338289E-15	1.609019E-16
2.824567E+03	9.055041E-15	1.699100E-16
2.864349E+03	9.614087E-15	1.754483E-16
2.904132E+03	1.002655E-14	1.779969E-16
2.943914E+03	1.031875E-14	1.782639E-16
2.983697E+03	1.052586E-14	1.770437E-16
2.993643E+03	1.056938E-14	1.766075E-16
3.003588E+03	1.061065E-14	1.761396E-16
3.013534E+03	1.065034E-14	1.756519E-16
3.023480E+03	1.068975E-14	1.751663E-16
3.033425E+03	1.072998E-14	1.747005E-16
3.043371E+03	1.077201E-14	1.742698E-16
3.053317E+03	1.081714E-14	1.738945E-16
3.063262E+03	1.086559E-14	1.735769E-16
3.073208E+03	1.091787E-14	1.733239E-16
3.083154E+03	1.097494E-14	1.731494E-16
3.093099E+03	1.103690E-14	1.730533E-16
3.103045E+03	1.110453E-14	1.730462E-16
3.112991E+03	1.117821E-14	1.731325E-16
3.122936E+03	1.125923E-14	1.733299E-16
3.132882E+03	1.134758E-14	1.736364E-16
3.142828E+03	1.144417E-14	1.740634E-16
3.152773E+03	1.154992E-14	1.746230E-16
3.162719E+03	1.166559E-14	1.753238E-16
3.172665E+03	1.179153E-14	1.761686E-16
3.182610E+03	1.192923E-14	1.771767E-16
3.192556E+03	1.207912E-14	1.783517E-16
3.202502E+03	1.224234E-14	1.797072E-16
3.212447E+03	1.241965E-14	1.812510E-16
3.222393E+03	1.261230E-14	1.829980E-16
3.232339E+03	1.282138E-14	1.849602E-16
3.242284E+03	1.304805E-14	1.871504E-16
3.252230E+03	1.329332E-14	1.895792E-16
3.262175E+03	1.355870E-14	1.922639E-16
3.272121E+03	1.384561E-14	1.952198E-16
3.282067E+03	1.415526E-14	1.984596E-16
3.292012E+03	1.448948E-14	2.020037E-16
3.301958E+03	1.484967E-14	2.058666E-16
3.311904E+03	1.523784E-14	2.100705E-16
3.321849E+03	1.565562E-14	2.146323E-16
3.331795E+03	1.610499E-14	2.195728E-16
3.341741E+03	1.658802E-14	2.249143E-16
3.351686E+03	1.710693E-14	2.306801E-16
3.361632E+03	1.766415E-14	2.368959E-16
3.371578E+03	1.826195E-14	2.435850E-16
3.381523E+03	1.890314E-14	2.507771E-16
3.391469E+03	1.958948E-14	2.584880E-16
3.401415E+03	2.032377E-14	2.667462E-16
3.411360E+03	2.110716E-14	2.755589E-16
3.421306E+03	2.194002E-14	2.849223E-16
3.431252E+03	2.282193E-14	2.948231E-16
3.441197E+03	2.375062E-14	3.052249E-16
3.451143E+03	2.472080E-14	3.160528E-16
3.461089E+03	2.572493E-14	3.272057E-16
3.471034E+03	2.675419E-14	3.385682E-16
3.480980E+03	2.779495E-14	3.499670E-16
3.490926E+03	2.882927E-14	3.611781E-16
3.500871E+03	2.983638E-14	3.719472E-16
3.510817E+03	3.078931E-14	3.819473E-16
3.520763E+03	3.165921E-14	3.908329E-16
3.530708E+03	3.241537E-14	3.982412E-16
3.540654E+03	3.302927E-14	4.038430E-16
3.550600E+03	3.347347E-14	4.073283E-16
3.560545E+03	3.372479E-14	4.084441E-16
3.570491E+03	3.376794E-14	4.070373E-16
3.580436E+03	3.359243E-14	4.030154E-16
3.590382E+03	3.319576E-14	3.963833E-16
3.600328E+03	3.258235E-14	3.872280E-16
3.610273E+03	3.176295E-14	3.757109E-16
3.620219E+03	3.075597E-14	3.620806E-16
3.630165E+03	2.958933E-14	3.466936E-16
3.640110E+03	2.829510E-14	3.299486E-16
3.650056E+03	2.691218E-14	3.123170E-16
3.660002E+03	2.548891E-14	2.943706E-16
3.669947E+03	2.407370E-14	2.766718E-16
3.679893E+03	2.270986E-14	2.597143E-16
3.689839E+03	2.143750E-14	2.439457E-16
3.699784E+03	2.028961E-14	2.297239E-16
3.709730E+03	1.929247E-14	2.173239E-16
3.719676E+03	1.846680E-14	2.069526E-16
3.729621E+03	1.782974E-14	1.987714E-16
3.739567E+03	1.739509E-14	1.929005E-16
3.749513E+03	1.717368E-14	1.894237E-16
3.759458E+03	1.717774E-14	1.884370E-16
3.769404E+03	1.742121E-14	1.900515E-16
3.779350E+03	1.791628E-14	1.943549E-16
3.789295E+03	1.867674E-14	2.014484E-16
3.799241E+03	1.971679E-14	2.114335E-16
3.809187E+03	2.103996E-14	2.242928E-16
3.819132E+03	2.263945E-14	2.398980E-16
3.829078E+03	2.449718E-14	2.580025E-16
3.839024E+03	2.657817E-14	2.781864E-16
3.848969E+03	2.882356E-14	2.997898E-16
3.858915E+03	3.115236E-14	3.219391E-16
3.868861E+03	3.347300E-14	3.436735E-16
3.878806E+03	3.568022E-14	3.639172E-16
3.888752E+03	3.766510E-14	3.815867E-16
3.898698E+03	3.934452E-14	3.958887E-16
3.908643E+03	4.065739E-14	4.062745E-16
3.918589E+03	4.156977E-14	4.124835E-16
3.928534E+03	4.209176E-14	4.146995E-16
3.938480E+03	4.226483E-14	4.134120E-16
3.948426E+03	4.215307E-14	4.093198E-16
3.958371E+03	4.184271E-14	4.033174E-16
3.968317E+03	4.142753E-14	3.963477E-16
3.978263E+03	4.099729E-14	3.892887E-16
3.988208E+03	4.062438E-14	3.828294E-16
3.998154E+03	4.036869E-14	3.775209E-16
4.008100E+03	4.027211E-14	3.737305E-16
4.018045E+03	4.034070E-14	3.714837E-16
4.027991E+03	4.056116E-14	3.706278E-16
4.037937E+03	4.090382E-14	3.708663E-16
4.047882E+03	4.131707E-14	3.717143E-16
4.057828E+03	4.173462E-14	3.725711E-16
4.067774E+03	4.208878E-14	3.728425E-16
4.077719E+03	4.232390E-14	3.720594E-16
4.087665E+03	4.239255E-14	3.698389E-16
4.097611E+03	4.226272E-14	3.659437E-16
4.107556E+03	4.193080E-14	3.603880E-16
4.117502E+03	4.141184E-14	3.533445E-16
4.127448E+03	4.072776E-14	3.450382E-16
4.137393E+03	3.990292E-14	3.357077E-16
4.147339E+03	3.896516E-14	3.256127E-16
4.157285E+03	3.794227E-14	3.150043E-16
4.167230E+03	3.685500E-14	3.040674E-16
4.177176E+03	3.572375E-14	2.929782E-16
4.187122E+03	3.457016E-14	2.819173E-16
4.197067E+03	3.341391E-14	2.710442E-16
4.207013E+03	3.227566E-14	2.605217E-16
4.216959E+03	3.117741E-14	2.505194E-16
4.226904E+03	3.013951E-14	2.411901E-16
4.236850E+03	2.918191E-14	2.326813E-16
4.246796E+03	2.832285E-14	2.251252E-16
4.256741E+03	2.757703E-14	2.186255E-16
4.266687E+03	2.695624E-14	2.132639E-16
4.276632E+03	2.646782E-14	2.090882E-16
4.286578E+03	2.611086E-14	2.060824E-16
4.296524E+03	2.587911E-14	2.041892E-16
4.306469E+03	2.576103E-14	2.033125E-16
4.316415E+03	2.573419E-14	2.032731E-16
4.326361E+03	2.577155E-14	2.038557E-16
4.336306E+03	2.584303E-14	2.048191E-16
4.346252E+03	2.592374E-14	2.059627E-16
4.356198E+03	2.600705E-14	2.072293E-16
4.366143E+03	2.609520E-14	2.086321E-16
4.376089E+03	2.618804E-14	2.101653E-16
4.386035E+03	2.628713E-14	2.118367E-16
4.395980E+03	2.640147E-14	2.137147E-16
4.405926E+03	2.655226E-14	2.159681E-16
4.415872E+03	2.676972E-14	2.188435E-16
4.425817E+03	2.708102E-14	2.225677E-16
4.435763E+03	2.750021E-14	2.272651E-16
4.445709E+03	2.803303E-14	2.329946E-16
4.455654E+03	2.867297E-14	2.397143E-16
4.465600E+03	2.939386E-14	2.472168E-16
4.475546E+03	3.015524E-14	2.551687E-16
4.485491E+03	3.091079E-14	2.631782E-16
4.495437E+03	3.161794E-14	2.708759E-16
4.505383E+03	3.223575E-14	2.778968E-16
4.515328E+03	3.272866E-14	2.839132E-16
4.525274E+03	3.307392E-14	2.887012E-16
4.535220E+03	3.325917E-14	2.921232E-16
4.545165E+03	3.327983E-14	2.941072E-16
4.555111E+03	3.313777E-14	2.946383E-16
4.565057E+03	3.284036E-14	2.937515E-16
4.575002E+03	3.240039E-14	2.915328E-16
4.584948E+03	3.183216E-14	2.880856E-16
4.594894E+03	3.115364E-14	2.835506E-16
4.604839E+03	3.038651E-14	2.781072E-16
4.614785E+03	2.955606E-14	2.719734E-16
4.624730E+03	2.868745E-14	2.653722E-16
4.634676E+03	2.780707E-14	2.585435E-16
4.644622E+03	2.693573E-14	2.516808E-16
4.654567E+03	2.609166E-14	2.449577E-16
4.664513E+03	2.528934E-14	2.385157E-16
4.674459E+03	2.453603E-14	2.324308E-16
4.684404E+03	2.383611E-14	2.267527E-16
4.694350E+03	2.319037E-14	2.214970E-16
4.704296E+03	2.259472E-14	2.166327E-16
4.714241E+03	2.204366E-14	2.121143E-16
4.724187E+03	2.153030E-14	2.078817E-16
4.734133E+03	2.104674E-14	2.038640E-16
4.744078E+03	2.058409E-14	1.999794E-16
4.754024E+03	2.013611E-14	1.961709E-16
4.763970E+03	1.969776E-14	1.923926E-16
4.773915E+03	1.926580E-14	1.886154E-16
4.783861E+03	1.884082E-14	1.848477E-16
4.793807E+03	1.842769E-14	1.811402E-16
4.803752E+03	1.803369E-14	1.775673E-16
4.813698E+03	1.766899E-14	1.742326E-16
4.823644E+03	1.734550E-14	1.712572E-16
4.833589E+03	1.707567E-14	1.687675E-16
4.843535E+03	1.686919E-14	1.668627E-16
4.853481E+03	1.672846E-14	1.655695E-16
4.863426E+03	1.665194E-14	1.648747E-16
4.873372E+03	1.663493E-14	1.647332E-16
4.883318E+03	1.666607E-14	1.650331E-16
4.893263E+03	1.673168E-14	1.656388E-16
4.903209E+03	1.681861E-14	1.664198E-16
4.913155E+03	1.691680E-14	1.672764E-16
4.923100E+03	1.701910E-14	1.681374E-16
4.933046E+03	1.712162E-14	1.689642E-16
4.942991E+03	1.722686E-14	1.697815E-16
4.952937E+03	1.734098E-14	1.706495E-16
4.962883E+03	1.747239E-14	1.716508E-16
4.972828E+03	1.763043E-14	1.728760E-16
4.982774E+03	1.782563E-14	1.744268E-16
4.992720E+03	1.806658E-14	1.763843E-16
5.002665E+03	1.835828E-14	1.787945E-16
5.012611E+03	1.870334E-14	1.816783E-16
5.022557E+03	1.910100E-14	1.850238E-16
5.032502E+03	1.954573E-14	1.887731E-16
5.042448E+03	2.002822E-14	1.928318E-16
5.052394E+03	2.053606E-14	1.970769E-16
5.062339E+03	2.105363E-14	2.013563E-16
5.072285E+03	2.156287E-14	2.054969E-16
5.082231E+03	2.204465E-14	2.093179E-16
5.092176E+03	2.247990E-14	2.126426E-16
5.102122E+03	2.285103E-14	2.153111E-16
5.112068E+03	2.314036E-14	2.171660E-16
5.122013E+03	2.333340E-14	2.180830E-16
5.131959E+03	2.341753E-14	2.179582E-16
5.141905E+03	2.338276E-14	2.167140E-16
5.151850E+03	2.322076E-14	2.142908E-16
5.161796E+03	2.292714E-14	2.106665E-16
5.171742E+03	2.250435E-14	2.058822E-16
5.181687E+03	2.196250E-14	2.000490E-16
5.191633E+03	2.131944E-14	1.933456E-16
5.201579E+03	2.059890E-14	1.860012E-16
5.211524E+03	1.983277E-14	1.783138E-16
5.221470E+03	1.905572E-14	1.706008E-16
5.231416E+03	1.830226E-14	1.631726E-16
5.241361E+03	1.760401E-14	1.563082E-16
5.251307E+03	1.698994E-14	1.502586E-16
5.261253E+03	1.648311E-14	1.452188E-16
5.271198E+03	1.609803E-14	1.413059E-16
5.281144E+03	1.584362E-14	1.385873E-16
5.291089E+03	1.572201E-14	1.370708E-16
5.301035E+03	1.572223E-14	1.366520E-16
5.310981E+03	1.582586E-14	1.371640E-16
5.320926E+03	1.600752E-14	1.383834E-16
5.330872E+03	1.623413E-14	1.400238E-16
5.340818E+03	1.646506E-14	1.417374E-16
5.350763E+03	1.665912E-14	1.431745E-16
5.360709E+03	1.678251E-14	1.440513E-16
5.370655E+03	1.680784E-14	1.441388E-16
5.380600E+03	1.671773E-14	1.432933E-16
5.390546E+03	1.651209E-14	1.415159E-16
5.400492E+03	1.620526E-14	1.389265E-16
5.410437E+03	1.582325E-14	1.357421E-16
5.420383E+03	1.540460E-14	1.322869E-16
5.430329E+03	1.500681E-14	1.290481E-16
5.440274E+03	1.469127E-14	1.265498E-16
5.450220E+03	1.449934E-14	1.251479E-16
5.460166E+03	1.445813E-14	1.250794E-16
5.470111E+03	1.458194E-14	1.264751E-16
5.480057E+03	1.486472E-14	1.292920E-16
5.490003E+03	1.528602E-14	1.333628E-16
5.499948E+03	1.581536E-14	1.384322E-16
5.509894E+03	1.642019E-14	1.442240E-16
5.519840E+03	1.705965E-14	1.503858E-16
5.529785E+03	1.769027E-14	1.565366E-16
5.539731E+03	1.827874E-14	1.623801E-16
5.549677E+03	1.879804E-14	1.676705E-16
5.559622E+03	1.922765E-14	1.722158E-16
5.569568E+03	1.956169E-14	1.759520E-16
5.579514E+03	1.980290E-14	1.788914E-16
5.589459E+03	1.995932E-14	1.810944E-16
5.599405E+03	2.004214E-14	1.826505E-16
5.609351E+03	2.006358E-14	1.836608E-16
5.619296E+03	2.003424E-14	1.842133E-16
5.629242E+03	1.995900E-14	1.843444E-16
5.639187E+03	1.984008E-14	1.840672E-16
5.649133E+03	1.967828E-14	1.833819E-16
5.659079E+03	1.947324E-14	1.822779E-16
5.669024E+03	1.922471E-14	1.807461E-16
5.678970E+03	1.893514E-14	1.788026E-16
5.688916E+03	1.861253E-14	1.765173E-16
5.698861E+03	1.826692E-14	1.739806E-16
5.708807E+03	1.791132E-14	1.713136E-16
5.718753E+03	1.756183E-14	1.686690E-16
5.728698E+03	1.723460E-14	1.662030E-16
5.738644E+03	1.694415E-14	1.640583E-16
5.748590E+03	1.670204E-14	1.623516E-16
5.758535E+03	1.651632E-14	1.611667E-16
5.768481E+03	1.639086E-14	1.605476E-16
5.778427E+03	1.632447E-14	1.604895E-16
5.788372E+03	1.631129E-14	1.609404E-16
5.798318E+03	1.634367E-14	1.618304E-16
5.808264E+03	1.641324E-14	1.630806E-16
5.818209E+03	1.651042E-14	1.645993E-16
5.828155E+03	1.662632E-14	1.662999E-16
5.838101E+03	1.675546E-14	1.681295E-16
5.848046E+03	1.689452E-14	1.700556E-16
5.857992E+03	1.704019E-14	1.720455E-16
5.867938E+03	1.719132E-14	1.740887E-16
5.877883E+03	1.734691E-14	1.761753E-16
5.887829E+03	1.750471E-14	1.782831E-16
5.897775E+03	1.766107E-14	1.803753E-16
5.907720E+03	1.780939E-14	1.823847E-16
5.917666E+03	1.793973E-14	1.842090E-16
5.927612E+03	1.803705E-14	1.856924E-16
5.937557E+03	1.808202E-14	1.866338E-16
5.947503E+03	1.805127E-14	1.867880E-16
5.957449E+03	1.791859E-14	1.858783E-16
5.967394E+03	1.765676E-14	1.836149E-16
5.977340E+03	1.724462E-14	1.797688E-16
5.987285E+03	1.666890E-14	1.741910E-16
5.997231E+03	1.592872E-14	1.668611E-16
6.007177E+03	1.504033E-14	1.579386E-16
6.017122E+03	1.404037E-14	1.477985E-16
6.027068E+03	1.297566E-14	1.369270E-16
6.037014E+03	1.189572E-14	1.258432E-16
6.046959E+03	1.085044E-14	1.150749E-16
6.056905E+03	9.881267E-15	1.050652E-16
6.066851E+03	9.018988E-15	9.614788E-17
6.076796E+03	8.282729E-15	8.853544E-17
6.086742E+03	7.683414E-15	8.235498E-17
6.096688E+03	7.225656E-15	7.766745E-17
6.106633E+03	6.908516E-15	7.447504E-17
6.116579E+03	6.730082E-15	7.277005E-17
6.126525E+03	6.688583E-15	7.254689E-17
6.136470E+03	6.780646E-15	7.378329E-17
6.146416E+03	7.002764E-15	7.645618E-17
6.156362E+03	7.352093E-15	8.055044E-17
6.166307E+03	7.825462E-15	8.604826E-17
6.176253E+03	8.415361E-15	9.288491E-17
6.186199E+03	9.108504E-15	1.009319E-16
6.196144E+03	9.889701E-15	1.100386E-16
6.206090E+03	1.073520E-14	1.199578E-16
6.216036E+03	1.161239E-14	1.303389E-16
6.225981E+03	1.249108E-14	1.408537E-16
6.235927E+03	1.333772E-14	1.511295E-16
6.245873E+03	1.411781E-14	1.607758E-16
6.255818E+03	1.480945E-14	1.695372E-16
6.265764E+03	1.539729E-14	1.772253E-16
6.275710E+03	1.587089E-14	1.837028E-16
6.285655E+03	1.622954E-14	1.889412E-16
6.295601E+03	1.647714E-14	1.929639E-16
6.305546E+03	1.662044E-14	1.958273E-16
6.315492E+03	1.666896E-14	1.976213E-16
6.325438E+03	1.663248E-14	1.984402E-16
6.335383E+03	1.652140E-14	1.983879E-16
6.345329E+03	1.634556E-14	1.975636E-16
6.355275E+03	1.611435E-14	1.960638E-16
6.365220E+03	1.583775E-14	1.939947E-16
6.375166E+03	1.552818E-14	1.914953E-16
6.385112E+03	1.519763E-14	1.887036E-16
6.395057E+03	1.485993E-14	1.857841E-16
6.405003E+03	1.453197E-14	1.829452E-16
6.414949E+03	1.422991E-14	1.803915E-16
6.424894E+03	1.396698E-14	1.782968E-16
6.434840E+03	1.374934E-14	1.767483E-16
6.444786E+03	1.357131E-14	1.756832E-16
6.454731E+03	1.342240E-14	1.749733E-16
6.464677E+03	1.329493E-14	1.745248E-16
6.474623E+03	1.318153E-14	1.742443E-16
6.484568E+03	1.307499E-14	1.740387E-16
6.494514E+03	1.297030E-14	1.738413E-16
6.504460E+03	1.286324E-14	1.735946E-16
6.514405E+03	1.275043E-14	1.732509E-16
6.524351E+03	1.262999E-14	1.727818E-16
6.534297E+03	1.250119E-14	1.721741E-16
6.544242E+03	1.236356E-14	1.714181E-16
6.554188E+03	1.221771E-14	1.705192E-16
6.564134E+03	1.206498E-14	1.694928E-16
6.574079E+03	1.190673E-14	1.683559E-16
6.584025E+03	1.174437E-14	1.671262E-16
6.593971E+03	1.157973E-14	1.658283E-16
6.603916E+03	1.141416E-14	1.644807E-16
6.613862E+03	1.124931E-14	1.631063E-16
6.623808E+03	1.108583E-14	1.617148E-16
6.633753E+03	1.092450E-14	1.603175E-16
6.643699E+03	1.076588E-14	1.589231E-16
6.653644E+03	1.061014E-14	1.575345E-16
6.663590E+03	1.045719E-14	1.561510E-16
6.673536E+03	1.030715E-14	1.547749E-16
6.683481E+03	1.016033E-14	1.534118E-16
6.693427E+03	1.001686E-14	1.520643E-16
6.703373E+03	9.877577E-15	1.507459E-16
6.713318E+03	9.742908E-15	1.494644E-16
6.723264E+03	9.614053E-15	1.482393E-16
6.733210E+03	9.491543E-15	1.470804E-16
6.743155E+03	9.376560E-15	1.460075E-16
6.753101E+03	9.269372E-15	1.450267E-16
6.763047E+03	9.170345E-15	1.441455E-16
6.772992E+03	9.079396E-15	1.433645E-16
6.782938E+03	8.996035E-15	1.426777E-16
6.792884E+03	8.919744E-15	1.420786E-16
6.802829E+03	8.849488E-15	1.415521E-16
6.812775E+03	8.784527E-15	1.410876E-16
6.822721E+03	8.723718E-15	1.406676E-16
6.832666E+03	8.666617E-15	1.402860E-16
6.842612E+03	8.612457E-15	1.399309E-16
6.852558E+03	8.560884E-15	1.395972E-16
6.862503E+03	8.511572E-15	1.392800E-16
6.872449E+03	8.464780E-15	1.389841E-16
6.882395E+03	8.420032E-15	1.387020E-16
6.892340E+03	8.377918E-15	1.384440E-16
6.902286E+03	8.338225E-15	1.382069E-16
6.912232E+03	8.300901E-15	1.379903E-16
6.922177E+03	8.266063E-15	1.377966E-16
6.932123E+03	8.233475E-15	1.376222E-16
6.942069E+03	8.202922E-15	1.374639E-16
6.952014E+03	8.174181E-15	1.373182E-16
6.961960E+03	8.147064E-15	1.371824E-16
6.971906E+03	8.121339E-15	1.370526E-16
6.981851E+03	8.096654E-15	1.369232E-16
6.991797E+03	8.073196E-15	1.367976E-16
7.001742E+03	8.050320E-15	1.366649E-16
7.011688E+03	8.028404E-15	1.365317E-16
7.021634E+03	8.006882E-15	1.363886E-16
7.031579E+03	7.985916E-15	1.362384E-16
7.041525E+03	7.965225E-15	1.360765E-16
7.051471E+03	7.944672E-15	1.359006E-16
7.061416E+03	7.924159E-15	1.357092E-16
7.071362E+03	7.903121E-15	1.354928E-16
7.081308E+03	7.881480E-15	1.352500E-16
7.091253E+03	7.858742E-15	1.349725E-16
7.101199E+03	7.834754E-15	1.346579E-16
7.111145E+03	7.809259E-15	1.343017E-16
7.121090E+03	7.781766E-15	1.338957E-16
7.131036E+03	7.752166E-15	1.334382E-16
7.140982E+03	7.719932E-15	1.329203E-16
7.150927E+03	7.685117E-15	1.323431E-16
7.160873E+03	7.647367E-15	1.317008E-16
7.170819E+03	7.606368E-15	1.309883E-16
7.180764E+03	7.561986E-15	1.302036E-16
7.190710E+03	7.513987E-15	1.293431E-16
7.200656E+03	7.462019E-15	1.284010E-16
7.210601E+03	7.405818E-15	1.273735E-16
7.220547E+03	7.345155E-15	1.262571E-16
7.230493E+03	7.279900E-15	1.250501E-16
7.240438E+03	7.209854E-15	1.237498E-16
7.250384E+03	7.134622E-15	1.223502E-16
7.260330E+03	7.054489E-15	1.208570E-16
7.270275E+03	6.969240E-15	1.192672E-16
7.280221E+03	6.878777E-15	1.175802E-16
7.290167E+03	6.783420E-15	1.158023E-16
7.300112E+03	6.683045E-15	1.139324E-16
7.310058E+03	6.577963E-15	1.119770E-16
7.320004E+03	6.468638E-15	1.099448E-16
7.329949E+03	6.355420E-15	1.078429E-16
7.339895E+03	6.239071E-15	1.056854E-16
7.349840E+03	6.120011E-15	1.034802E-16
7.359786E+03	5.999437E-15	1.012487E-16
7.369732E+03	5.878161E-15	9.900536E-17
7.379677E+03	5.757563E-15	9.677424E-17
7.389623E+03	5.639003E-15	9.457880E-17
7.399569E+03	5.524038E-15	9.244556E-17
7.409514E+03	5.414381E-15	9.040346E-17
7.419460E+03	5.311631E-15	8.847914E-17
7.429406E+03	5.217785E-15	8.670562E-17
7.439351E+03	5.134081E-15	8.510292E-17
7.449297E+03	5.061945E-15	8.369393E-17
7.459243E+03	5.002284E-15	8.249265E-17
7.469188E+03	4.956102E-15	8.151446E-17
7.479134E+03	4.923368E-15	8.075753E-17
7.489080E+03	4.903873E-15	8.021709E-17
7.499025E+03	4.897298E-15	7.988654E-17
7.508971E+03	4.902828E-15	7.975125E-17
7.518917E+03	4.919669E-15	7.979705E-17
7.528862E+03	4.946497E-15	8.000136E-17
7.538808E+03	4.982183E-15	8.034499E-17
7.548754E+03	5.025517E-15	8.080765E-17
7.558699E+03	5.075038E-15	8.136528E-17
7.568645E+03	5.129552E-15	8.199844E-17
7.578591E+03	5.187631E-15	8.268418E-17
7.588536E+03	5.248239E-15	8.340608E-17
7.598482E+03	5.310073E-15	8.414375E-17
7.608428E+03	5.372381E-15	8.488581E-17
7.618373E+03	5.434039E-15	8.561516E-17
7.628319E+03	5.494679E-15	8.632684E-17
7.638265E+03	5.553580E-15	8.701048E-17
7.648210E+03	5.610702E-15	8.766651E-17
7.658156E+03	5.665988E-15	8.829510E-17
7.668101E+03	5.719683E-15	8.890123E-17
7.678047E+03	5.772093E-15	8.949075E-17
7.687993E+03	5.823606E-15	9.007077E-17
7.697938E+03	5.874601E-15	9.064830E-17
7.707884E+03	5.925156E-15	9.122560E-17
7.717830E+03	5.975412E-15	9.180604E-17
7.727775E+03	6.024724E-15	9.238085E-17
7.737721E+03	6.072492E-15	9.294211E-17
7.747667E+03	6.117954E-15	9.347953E-17
7.757612E+03	6.159844E-15	9.397518E-17
7.767558E+03	6.197018E-15	9.441312E-17
7.777504E+03	6.228394E-15	9.477839E-17
7.787449E+03	6.253234E-15	9.506131E-17
7.797395E+03	6.270599E-15	9.524908E-17
7.807341E+03	6.279854E-15	9.533342E-17
7.817286E+03	6.280812E-15	9.531278E-17
7.827232E+03	6.272961E-15	9.518045E-17
7.837178E+03	6.256471E-15	9.493997E-17
7.847123E+03	6.231377E-15	9.459255E-17
7.857069E+03	6.197812E-15	9.414069E-17
7.867015E+03	6.156128E-15	9.359003E-17
7.876960E+03	6.106516E-15	9.294349E-17
7.886906E+03	6.049609E-15	9.221051E-17
7.896852E+03	5.986251E-15	9.140358E-17
7.906797E+03	5.916853E-15	9.052841E-17
7.916743E+03	5.842703E-15	8.960394E-17
7.926689E+03	5.764567E-15	8.864109E-17
7.936634E+03	5.683852E-15	8.766063E-17
7.946580E+03	5.601794E-15	8.668074E-17
7.956526E+03	5.519760E-15	8.572169E-17
7.966471E+03	5.439172E-15	8.480430E-17
7.976417E+03	5.361348E-15	8.394784E-17
7.986363E+03	5.286828E-15	8.315973E-17
7.996308E+03	5.215840E-15	8.244273E-17
8.006254E+03	5.147660E-15	8.178466E-17
8.016199E+03	5.080506E-15	8.115627E-17
8.026145E+03	5.012094E-15	8.051966E-17
8.036091E+03	4.940068E-15	7.983500E-17
8.046036E+03	4.862196E-15	7.906348E-17
8.055982E+03	4.776321E-15	7.816645E-17
8.065928E+03	4.681245E-15	7.712008E-17
8.075873E+03	4.576266E-15	7.590798E-17
8.085819E+03	4.461275E-15	7.452320E-17
8.095765E+03	4.337241E-15	7.297661E-17
8.105710E+03	4.205968E-15	7.129355E-17
8.115656E+03	4.069832E-15	6.950997E-17
8.125602E+03	3.931590E-15	6.766942E-17
8.135547E+03	3.794351E-15	6.582308E-17
8.145493E+03	3.661241E-15	6.402419E-17
8.155439E+03	3.535181E-15	6.232420E-17
8.165384E+03	3.418327E-15	6.076282E-17
8.175330E+03	3.312862E-15	5.938174E-17
8.185276E+03	3.220223E-15	5.821071E-17
8.195221E+03	3.141328E-15	5.727114E-17
8.205167E+03	3.076526E-15	5.657484E-17
8.215113E+03	3.026193E-15	5.613460E-17
8.225058E+03	2.990307E-15	5.595627E-17
8.235004E+03	2.968475E-15	5.603892E-17
8.244950E+03	2.960624E-15	5.638770E-17
8.254895E+03	2.966314E-15	5.700086E-17
8.264841E+03	2.985360E-15	5.788148E-17
8.274787E+03	3.017550E-15	5.903218E-17
8.284732E+03	3.062666E-15	6.045547E-17
8.294678E+03	3.120683E-15	6.215773E-17
8.304624E+03	3.191394E-15	6.414175E-17
8.314569E+03	3.274728E-15	6.641310E-17
8.324515E+03	3.370450E-15	6.897406E-17
8.334461E+03	3.477999E-15	7.182010E-17
8.344406E+03	3.597031E-15	7.495085E-17
8.354352E+03	3.726682E-15	7.835493E-17
8.364297E+03	3.865960E-15	8.201754E-17
8.374243E+03	4.013663E-15	8.591880E-17
8.384189E+03	4.168306E-15	9.003176E-17
8.394134E+03	4.328158E-15	9.432302E-17
8.404080E+03	4.491307E-15	9.875385E-17
8.414026E+03	4.655895E-15	1.032853E-16
8.423971E+03	4.819672E-15	1.078680E-16
8.433917E+03	4.980807E-15	1.124604E-16
8.443863E+03	5.137337E-15	1.170164E-16
8.453808E+03	5.287031E-15	1.214821E-16
8.463754E+03	5.428581E-15	1.258233E-16
8.473700E+03	5.560238E-15	1.299942E-16
8.483645E+03	5.681085E-15	1.339671E-16
8.493591E+03	5.789920E-15	1.377070E-16
8.503537E+03	5.886301E-15	1.411960E-16
8.513482E+03	5.969854E-15	1.444171E-16
8.523428E+03	6.040331E-15	1.473565E-16
8.533374E+03	6.098072E-15	1.500143E-16
8.543319E+03	6.143031E-15	1.523814E-16
8.553265E+03	6.176063E-15	1.544712E-16
8.563211E+03	6.197588E-15	1.562866E-16
8.573156E+03	6.208287E-15	1.578377E-16
8.583102E+03	6.208698E-15	1.591313E-16
8.593048E+03	6.199962E-15	1.601904E-16
8.602993E+03	6.182272E-15	1.610140E-16
8.612939E+03	6.156757E-15	1.616260E-16
8.622885E+03	6.123946E-15	1.620353E-16
8.632830E+03	6.084332E-15	1.622504E-16
8.642776E+03	6.038907E-15	1.622935E-16
8.652722E+03	5.987849E-15	1.621656E-16
8.662667E+03	5.931868E-15	1.618824E-16
8.672613E+03	5.871243E-15	1.614482E-16
8.682559E+03	5.806406E-15	1.608722E-16
8.692504E+03	5.737764E-15	1.601627E-16
8.702450E+03	5.665686E-15	1.593278E-16
8.712395E+03	5.590347E-15	1.583700E-16
8.722341E+03	5.512295E-15	1.573030E-16
8.732287E+03	5.431750E-15	1.561312E-16
8.742232E+03	5.349302E-15	1.548702E-16
8.752178E+03	5.265050E-15	1.535214E-16
8.762124E+03	5.179684E-15	1.521041E-16
8.772069E+03	5.093750E-15	1.506336E-16
8.782015E+03	5.007822E-15	1.491266E-16
8.791961E+03	4.922367E-15	1.475971E-16
8.801906E+03	4.838372E-15	1.460751E-16
8.811852E+03	4.756306E-15	1.445758E-16
8.821798E+03	4.676786E-15	1.431194E-16
8.831743E+03	4.600403E-15	1.417254E-16
8.841689E+03	4.527841E-15	1.404172E-16
8.851635E+03	4.459344E-15	1.392046E-16
8.861580E+03	4.395563E-15	1.381106E-16
8.871526E+03	4.336439E-15	1.371363E-16
8.881472E+03	4.282535E-15	1.363024E-16
8.891417E+03	4.233571E-15	1.356031E-16
8.901363E+03	4.189668E-15	1.350454E-16
8.911309E+03	4.150692E-15	1.346279E-16
8.921254E+03	4.116611E-15	1.343527E-16
8.931200E+03	4.087208E-15	1.342156E-16
8.941146E+03	4.062208E-15	1.342102E-16
8.951091E+03	4.041153E-15	1.343240E-16
8.990874E+03	3.993306E-15	1.359139E-16
9.030656E+03	3.990232E-15	1.389544E-16
9.070439E+03	4.019203E-15	1.430961E-16
9.110222E+03	4.066231E-15	1.479028E-16
9.150004E+03	4.117091E-15	1.528849E-16
9.189787E+03	4.157717E-15	1.575154E-16
9.229570E+03	4.175872E-15	1.612961E-16
9.269352E+03	4.160350E-15	1.637347E-16
9.309135E+03	4.104385E-15	1.644858E-16
9.348918E+03	4.009392E-15	1.635208E-16
9.388700E+03	3.885093E-15	1.611627E-16
9.428483E+03	3.744358E-15	1.578965E-16
9.468265E+03	3.598572E-15	1.541804E-16
9.508048E+03	3.455909E-15	1.503646E-16
9.547831E+03	3.321087E-15	1.466683E-16
9.587613E+03	3.198059E-15	1.432885E-16
9.627396E+03	3.090409E-15	1.404148E-16
9.667179E+03	3.000509E-15	1.381894E-16
9.706961E+03	2.929927E-15	1.367214E-16
9.746744E+03	2.878711E-15	1.360509E-16
9.786526E+03	2.846457E-15	1.361952E-16
9.826309E+03	2.831890E-15	1.371270E-16
9.866092E+03	2.833679E-15	1.388125E-16
9.905874E+03	2.850516E-15	1.412147E-16
9.945657E+03	2.881454E-15	1.443107E-16
9.985440E+03	2.926197E-15	1.481080E-16
1.002522E+04	2.983687E-15	1.525733E-16
1.006500E+04	3.052164E-15	1.576341E-16
1.010479E+04	3.128498E-15	1.631423E-16
1.014457E+04	3.210666E-15	1.690011E-16
1.018435E+04	3.297165E-15	1.751374E-16
1.022414E+04	3.386852E-15	1.814937E-16
1.026392E+04	3.479105E-15	1.880387E-16
