#wls	flux	fluxerr
1.600000E+03	1.461958E-15	6.026650E-16
1.640000E+03	1.367313E-15	5.636387E-16
1.680000E+03	1.281396E-15	5.282116E-16
1.720000E+03	1.203220E-15	4.959764E-16
1.760000E+03	1.132704E-15	4.669002E-16
1.800000E+03	1.069132E-15	4.406865E-16
1.840000E+03	1.012026E-15	4.171395E-16
1.880000E+03	9.611003E-16	3.961403E-16
1.920000E+03	9.157472E-16	3.774387E-16
1.960000E+03	8.758649E-16	3.609926E-16
2.000000E+03	8.407646E-16	3.465179E-16
2.040000E+03	8.103779E-16	3.339864E-16
2.080000E+03	7.843641E-16	3.232574E-16
2.120000E+03	7.622927E-16	3.141536E-16
2.160000E+03	7.440205E-16	3.066157E-16
2.200000E+03	7.294159E-16	3.005895E-16
2.240000E+03	7.181364E-16	2.959336E-16
2.280000E+03	7.100973E-16	2.926131E-16
2.320000E+03	7.051193E-16	2.905539E-16
2.360000E+03	7.031506E-16	2.897347E-16
2.400000E+03	7.039424E-16	2.900529E-16
2.440000E+03	7.075804E-16	2.915436E-16
2.480000E+03	7.139515E-16	2.941601E-16
2.520000E+03	7.228536E-16	2.978191E-16
2.560000E+03	7.345096E-16	3.026122E-16
2.600000E+03	7.486354E-16	3.084225E-16
2.640000E+03	7.654734E-16	3.153495E-16
2.680000E+03	7.847568E-16	3.232833E-16
2.720000E+03	8.067456E-16	3.323308E-16
2.760000E+03	8.312902E-16	3.424304E-16
2.800000E+03	8.585635E-16	3.536531E-16
2.840000E+03	8.885339E-16	3.659858E-16
2.880000E+03	9.212817E-16	3.794614E-16
2.920000E+03	9.568942E-16	3.941156E-16
2.960000E+03	9.954647E-16	4.099869E-16
3.000000E+03	1.037091E-15	4.271155E-16
3.010000E+03	1.047974E-15	4.315934E-16
3.020000E+03	1.059161E-15	4.361967E-16
3.030000E+03	1.070424E-15	4.408309E-16
3.040000E+03	1.081876E-15	4.455429E-16
3.050000E+03	1.093633E-15	4.503805E-16
3.060000E+03	1.105579E-15	4.552960E-16
3.070000E+03	1.117714E-15	4.602891E-16
3.080000E+03	1.130038E-15	4.653598E-16
3.090000E+03	1.142550E-15	4.705079E-16
3.100000E+03	1.155368E-15	4.757818E-16
3.110000E+03	1.168373E-15	4.811329E-16
3.120000E+03	1.181566E-15	4.865611E-16
3.130000E+03	1.194946E-15	4.920659E-16
3.140000E+03	1.208631E-15	4.976965E-16
3.150000E+03	1.222502E-15	5.034035E-16
3.160000E+03	1.236679E-15	5.092364E-16
3.170000E+03	1.251041E-15	5.151452E-16
3.180000E+03	1.265587E-15	5.211298E-16
3.190000E+03	1.280438E-15	5.272397E-16
3.200000E+03	1.295471E-15	5.334247E-16
3.210000E+03	1.310809E-15	5.397349E-16
3.220000E+03	1.326328E-15	5.461195E-16
3.230000E+03	1.342150E-15	5.526287E-16
3.240000E+03	1.358150E-15	5.592114E-16
3.250000E+03	1.374453E-15	5.659182E-16
3.260000E+03	1.391057E-15	5.727489E-16
3.270000E+03	1.407836E-15	5.796516E-16
3.280000E+03	1.424914E-15	5.866773E-16
3.290000E+03	1.442290E-15	5.938257E-16
3.300000E+03	1.459838E-15	6.010441E-16
3.310000E+03	1.477680E-15	6.083840E-16
3.320000E+03	1.495817E-15	6.158448E-16
3.330000E+03	1.514119E-15	6.233735E-16
3.340000E+03	1.532838E-15	6.310739E-16
3.350000E+03	1.551719E-15	6.388406E-16
3.360000E+03	1.570886E-15	6.467250E-16
3.370000E+03	1.590467E-15	6.547795E-16
3.380000E+03	1.610201E-15	6.628970E-16
3.390000E+03	1.630216E-15	6.711296E-16
3.400000E+03	1.650507E-15	6.794761E-16
3.410000E+03	1.671073E-15	6.879354E-16
3.420000E+03	1.691910E-15	6.965062E-16
3.430000E+03	1.713016E-15	7.051874E-16
3.440000E+03	1.734387E-15	7.139773E-16
3.450000E+03	1.756150E-15	7.229288E-16
3.460000E+03	1.778041E-15	7.319321E-16
3.470000E+03	1.800316E-15	7.410941E-16
3.480000E+03	1.822842E-15	7.503588E-16
3.490000E+03	1.845613E-15	7.597242E-16
3.500000E+03	1.868760E-15	7.692437E-16
3.510000E+03	1.892142E-15	7.788602E-16
3.520000E+03	1.915757E-15	7.885722E-16
3.530000E+03	1.939733E-15	7.984327E-16
3.540000E+03	1.963930E-15	8.083840E-16
3.550000E+03	1.988478E-15	8.184793E-16
3.560000E+03	2.013238E-15	8.286618E-16
3.570000E+03	2.038201E-15	8.389275E-16
3.580000E+03	2.063500E-15	8.493312E-16
3.590000E+03	2.089127E-15	8.598697E-16
3.600000E+03	2.114941E-15	8.704848E-16
3.610000E+03	2.141071E-15	8.812301E-16
3.620000E+03	2.167374E-15	8.920460E-16
3.630000E+03	2.193981E-15	9.029868E-16
3.640000E+03	2.220883E-15	9.140489E-16
3.650000E+03	2.248077E-15	9.252307E-16
3.660000E+03	2.275415E-15	9.364716E-16
3.670000E+03	2.303030E-15	9.478261E-16
3.680000E+03	2.330910E-15	9.592898E-16
3.690000E+03	2.358917E-15	9.708050E-16
3.700000E+03	2.387314E-15	9.824809E-16
3.710000E+03	2.415820E-15	9.942007E-16
3.720000E+03	2.444699E-15	1.006074E-15
3.730000E+03	2.473673E-15	1.017987E-15
3.740000E+03	2.502871E-15	1.029991E-15
3.750000E+03	2.532285E-15	1.042083E-15
3.760000E+03	2.561906E-15	1.054261E-15
3.770000E+03	2.591727E-15	1.066520E-15
3.780000E+03	2.621740E-15	1.078859E-15
3.790000E+03	2.651802E-15	1.091217E-15
3.800000E+03	2.682178E-15	1.103704E-15
3.810000E+03	2.712723E-15	1.116260E-15
3.820000E+03	2.743432E-15	1.128884E-15
3.830000E+03	2.774298E-15	1.141572E-15
3.840000E+03	2.805311E-15	1.154319E-15
3.850000E+03	2.836466E-15	1.167126E-15
3.860000E+03	2.867759E-15	1.179988E-15
3.870000E+03	2.899177E-15	1.192902E-15
3.880000E+03	2.930720E-15	1.205867E-15
3.890000E+03	2.962380E-15	1.218879E-15
3.900000E+03	2.994152E-15	1.231937E-15
3.910000E+03	3.026027E-15	1.245038E-15
3.920000E+03	3.058005E-15	1.258180E-15
3.930000E+03	3.090078E-15	1.271361E-15
3.940000E+03	3.122242E-15	1.284580E-15
3.950000E+03	3.154493E-15	1.297834E-15
3.960000E+03	3.186829E-15	1.311122E-15
3.970000E+03	3.219243E-15	1.324442E-15
3.980000E+03	3.251599E-15	1.337738E-15
3.990000E+03	3.284030E-15	1.351065E-15
4.000000E+03	3.316666E-15	1.364476E-15
4.010000E+03	3.349103E-15	1.377804E-15
4.020000E+03	3.381743E-15	1.391216E-15
4.030000E+03	3.414316E-15	1.404600E-15
4.040000E+03	3.446821E-15	1.417955E-15
4.050000E+03	3.479526E-15	1.431392E-15
4.060000E+03	3.512031E-15	1.444747E-15
4.070000E+03	3.544599E-15	1.458128E-15
4.080000E+03	3.577236E-15	1.471536E-15
4.090000E+03	3.609676E-15	1.484863E-15
4.100000E+03	3.642184E-15	1.498218E-15
4.110000E+03	3.674630E-15	1.511547E-15
4.120000E+03	3.707017E-15	1.524851E-15
4.130000E+03	3.739350E-15	1.538133E-15
4.140000E+03	3.771627E-15	1.551391E-15
4.150000E+03	3.803854E-15	1.564629E-15
4.160000E+03	3.835903E-15	1.577793E-15
4.170000E+03	3.867907E-15	1.590938E-15
4.180000E+03	3.899870E-15	1.604067E-15
4.190000E+03	3.931669E-15	1.617127E-15
4.200000E+03	3.963305E-15	1.630120E-15
4.210000E+03	3.994784E-15	1.643048E-15
4.220000E+03	4.026237E-15	1.655965E-15
4.230000E+03	4.057413E-15	1.668768E-15
4.240000E+03	4.088573E-15	1.681564E-15
4.250000E+03	4.119464E-15	1.694249E-15
4.260000E+03	4.150093E-15	1.706826E-15
4.270000E+03	4.180715E-15	1.719400E-15
4.280000E+03	4.210958E-15	1.731818E-15
4.290000E+03	4.241077E-15	1.744185E-15
4.300000E+03	4.270950E-15	1.756450E-15
4.310000E+03	4.300580E-15	1.768614E-15
4.320000E+03	4.329973E-15	1.780682E-15
4.330000E+03	4.359006E-15	1.792601E-15
4.340000E+03	4.387930E-15	1.804475E-15
4.350000E+03	4.416380E-15	1.816153E-15
4.360000E+03	4.444603E-15	1.827738E-15
4.370000E+03	4.472479E-15	1.839181E-15
4.380000E+03	4.500136E-15	1.850532E-15
4.390000E+03	4.527325E-15	1.861692E-15
4.400000E+03	4.554175E-15	1.872711E-15
4.410000E+03	4.580688E-15	1.883592E-15
4.420000E+03	4.606741E-15	1.894283E-15
4.430000E+03	4.632456E-15	1.904835E-15
4.440000E+03	4.657717E-15	1.915201E-15
4.450000E+03	4.682521E-15	1.925378E-15
4.460000E+03	4.706991E-15	1.935418E-15
4.470000E+03	4.730885E-15	1.945221E-15
4.480000E+03	4.754327E-15	1.954837E-15
4.490000E+03	4.777314E-15	1.964267E-15
4.500000E+03	4.799844E-15	1.973508E-15
4.510000E+03	4.821803E-15	1.982514E-15
4.520000E+03	4.843188E-15	1.991285E-15
4.530000E+03	4.864116E-15	1.999867E-15
4.540000E+03	4.884471E-15	2.008214E-15
4.550000E+03	4.904254E-15	2.016325E-15
4.560000E+03	4.923461E-15	2.024200E-15
4.570000E+03	4.942210E-15	2.031886E-15
4.580000E+03	4.960271E-15	2.039289E-15
4.590000E+03	4.977642E-15	2.046408E-15
4.600000E+03	4.994555E-15	2.053339E-15
4.610000E+03	5.010779E-15	2.059987E-15
4.620000E+03	5.026432E-15	2.066399E-15
4.630000E+03	5.041511E-15	2.072576E-15
4.640000E+03	5.055906E-15	2.078471E-15
4.650000E+03	5.069622E-15	2.084087E-15
4.660000E+03	5.082769E-15	2.089470E-15
4.670000E+03	5.095238E-15	2.094573E-15
4.680000E+03	5.107144E-15	2.099446E-15
4.690000E+03	5.118378E-15	2.104041E-15
4.700000E+03	5.128945E-15	2.108363E-15
4.710000E+03	5.138849E-15	2.112412E-15
4.720000E+03	5.148203E-15	2.116235E-15
4.730000E+03	5.156903E-15	2.119789E-15
4.740000E+03	5.164953E-15	2.123076E-15
4.750000E+03	5.172359E-15	2.126099E-15
4.760000E+03	5.179236E-15	2.128903E-15
4.770000E+03	5.185373E-15	2.131404E-15
4.780000E+03	5.190995E-15	2.133693E-15
4.790000E+03	5.196105E-15	2.135772E-15
4.800000E+03	5.200497E-15	2.137556E-15
4.810000E+03	5.204395E-15	2.139136E-15
4.820000E+03	5.207698E-15	2.140473E-15
4.830000E+03	5.210521E-15	2.141611E-15
4.840000E+03	5.212660E-15	2.142469E-15
4.850000E+03	5.214337E-15	2.143137E-15
4.860000E+03	5.215558E-15	2.143618E-15
4.870000E+03	5.216230E-15	2.143873E-15
4.880000E+03	5.216360E-15	2.143906E-15
4.890000E+03	5.216062E-15	2.143762E-15
4.900000E+03	5.215344E-15	2.143447E-15
4.910000E+03	5.214113E-15	2.142920E-15
4.920000E+03	5.212381E-15	2.142188E-15
4.930000E+03	5.210256E-15	2.141294E-15
4.940000E+03	5.207750E-15	2.140244E-15
4.950000E+03	5.204869E-15	2.139040E-15
4.960000E+03	5.201622E-15	2.137686E-15
4.970000E+03	5.197919E-15	2.136144E-15
4.980000E+03	5.193868E-15	2.134459E-15
4.990000E+03	5.189476E-15	2.132635E-15
5.000000E+03	5.184754E-15	2.130675E-15
5.010000E+03	5.179707E-15	2.128582E-15
5.020000E+03	5.174343E-15	2.126358E-15
5.030000E+03	5.168667E-15	2.124007E-15
5.040000E+03	5.162690E-15	2.121531E-15
5.050000E+03	5.156513E-15	2.118975E-15
5.060000E+03	5.149945E-15	2.116257E-15
5.070000E+03	5.143191E-15	2.113463E-15
5.080000E+03	5.136154E-15	2.110553E-15
5.090000E+03	5.128840E-15	2.107530E-15
5.100000E+03	5.121255E-15	2.104395E-15
5.110000E+03	5.113497E-15	2.101190E-15
5.120000E+03	5.105474E-15	2.097875E-15
5.130000E+03	5.097285E-15	2.094493E-15
5.140000E+03	5.088834E-15	2.091003E-15
5.150000E+03	5.080124E-15	2.087407E-15
5.160000E+03	5.071254E-15	2.083746E-15
5.170000E+03	5.062125E-15	2.079978E-15
5.180000E+03	5.052838E-15	2.076145E-15
5.190000E+03	5.043293E-15	2.072207E-15
5.200000E+03	5.033588E-15	2.068203E-15
5.210000E+03	5.023627E-15	2.064095E-15
5.220000E+03	5.013504E-15	2.059919E-15
5.230000E+03	5.003122E-15	2.055638E-15
5.240000E+03	4.992571E-15	2.051288E-15
5.250000E+03	4.981853E-15	2.046869E-15
5.260000E+03	4.970872E-15	2.042342E-15
5.270000E+03	4.959625E-15	2.037706E-15
5.280000E+03	4.948201E-15	2.032998E-15
5.290000E+03	4.936598E-15	2.028216E-15
5.300000E+03	4.924722E-15	2.023323E-15
5.310000E+03	4.912660E-15	2.018353E-15
5.320000E+03	4.900318E-15	2.013269E-15
5.330000E+03	4.887784E-15	2.008106E-15
5.340000E+03	4.874963E-15	2.002825E-15
5.350000E+03	4.861943E-15	1.997463E-15
5.360000E+03	4.848720E-15	1.992018E-15
5.370000E+03	4.835201E-15	1.986451E-15
5.380000E+03	4.821473E-15	1.980798E-15
5.390000E+03	4.807530E-15	1.975058E-15
5.400000E+03	4.793196E-15	1.969157E-15
5.410000E+03	4.778729E-15	1.963202E-15
5.420000E+03	4.763953E-15	1.957120E-15
5.430000E+03	4.748951E-15	1.950945E-15
5.440000E+03	4.733721E-15	1.944678E-15
5.450000E+03	4.718175E-15	1.938280E-15
5.460000E+03	4.702397E-15	1.931788E-15
5.470000E+03	4.686299E-15	1.925164E-15
5.480000E+03	4.669963E-15	1.918443E-15
5.490000E+03	4.653391E-15	1.911625E-15
5.500000E+03	4.636580E-15	1.904709E-15
5.510000E+03	4.619446E-15	1.897660E-15
5.520000E+03	4.602070E-15	1.890513E-15
5.530000E+03	4.584455E-15	1.883267E-15
5.540000E+03	4.566597E-15	1.875922E-15
5.550000E+03	4.548496E-15	1.868478E-15
5.560000E+03	4.530154E-15	1.860934E-15
5.570000E+03	4.511490E-15	1.853259E-15
5.580000E+03	4.492666E-15	1.845518E-15
5.590000E+03	4.473521E-15	1.837645E-15
5.600000E+03	4.454219E-15	1.829708E-15
5.610000E+03	4.434678E-15	1.821674E-15
5.620000E+03	4.414899E-15	1.813541E-15
5.630000E+03	4.394885E-15	1.805313E-15
5.640000E+03	4.374640E-15	1.796989E-15
5.650000E+03	4.354162E-15	1.788571E-15
5.660000E+03	4.333534E-15	1.780091E-15
5.670000E+03	4.312678E-15	1.771517E-15
5.680000E+03	4.291675E-15	1.762883E-15
5.690000E+03	4.270449E-15	1.754158E-15
5.700000E+03	4.249003E-15	1.745342E-15
5.710000E+03	4.227417E-15	1.736470E-15
5.720000E+03	4.205689E-15	1.727539E-15
5.730000E+03	4.183752E-15	1.718523E-15
5.740000E+03	4.161681E-15	1.709451E-15
5.750000E+03	4.139402E-15	1.700295E-15
5.760000E+03	4.116997E-15	1.691086E-15
5.770000E+03	4.094464E-15	1.681826E-15
5.780000E+03	4.071735E-15	1.672485E-15
5.790000E+03	4.048961E-15	1.663126E-15
5.800000E+03	4.025995E-15	1.653689E-15
5.810000E+03	4.002915E-15	1.644204E-15
5.820000E+03	3.979724E-15	1.634674E-15
5.830000E+03	3.956422E-15	1.625099E-15
5.840000E+03	3.933018E-15	1.615482E-15
5.850000E+03	3.909509E-15	1.605823E-15
5.860000E+03	3.885902E-15	1.596123E-15
5.870000E+03	3.862197E-15	1.586383E-15
5.880000E+03	3.838399E-15	1.576605E-15
5.890000E+03	3.814509E-15	1.566789E-15
5.900000E+03	3.790533E-15	1.556938E-15
5.910000E+03	3.766473E-15	1.547053E-15
5.920000E+03	3.742399E-15	1.537162E-15
5.930000E+03	3.718180E-15	1.527212E-15
5.940000E+03	3.693951E-15	1.517258E-15
5.950000E+03	3.669650E-15	1.507274E-15
5.960000E+03	3.645280E-15	1.497263E-15
5.970000E+03	3.620842E-15	1.487223E-15
5.980000E+03	3.596342E-15	1.477159E-15
5.990000E+03	3.571845E-15	1.467095E-15
6.000000E+03	3.547225E-15	1.456981E-15
6.010000E+03	3.522617E-15	1.446872E-15
6.020000E+03	3.497955E-15	1.436742E-15
6.030000E+03	3.473243E-15	1.426591E-15
6.040000E+03	3.448551E-15	1.416448E-15
6.050000E+03	3.423748E-15	1.406260E-15
6.060000E+03	3.398970E-15	1.396082E-15
6.070000E+03	3.374152E-15	1.385888E-15
6.080000E+03	3.349300E-15	1.375680E-15
6.090000E+03	3.324415E-15	1.365459E-15
6.100000E+03	3.299563E-15	1.355251E-15
6.110000E+03	3.274621E-15	1.345006E-15
6.120000E+03	3.249718E-15	1.334778E-15
6.130000E+03	3.224793E-15	1.324540E-15
6.140000E+03	3.199849E-15	1.314295E-15
6.150000E+03	3.174949E-15	1.304069E-15
6.160000E+03	3.149978E-15	1.293813E-15
6.170000E+03	3.125058E-15	1.283578E-15
6.180000E+03	3.100129E-15	1.273339E-15
6.190000E+03	3.075197E-15	1.263100E-15
6.200000E+03	3.050266E-15	1.252861E-15
6.210000E+03	3.025396E-15	1.242646E-15
6.220000E+03	3.000531E-15	1.232435E-15
6.230000E+03	2.975677E-15	1.222228E-15
6.240000E+03	2.950836E-15	1.212026E-15
6.250000E+03	2.926014E-15	1.201832E-15
6.260000E+03	2.901265E-15	1.191669E-15
6.270000E+03	2.876544E-15	1.181516E-15
6.280000E+03	2.851850E-15	1.171375E-15
6.290000E+03	2.827245E-15	1.161271E-15
6.300000E+03	2.802621E-15	1.151158E-15
6.310000E+03	2.778094E-15	1.141086E-15
6.320000E+03	2.753668E-15	1.131055E-15
6.330000E+03	2.729290E-15	1.121045E-15
6.340000E+03	2.704970E-15	1.111057E-15
6.350000E+03	2.680709E-15	1.101095E-15
6.360000E+03	2.656568E-15	1.091181E-15
6.370000E+03	2.632550E-15	1.081318E-15
6.380000E+03	2.608609E-15	1.071487E-15
6.390000E+03	2.584750E-15	1.061690E-15
6.400000E+03	2.561031E-15	1.051950E-15
6.410000E+03	2.537405E-15	1.042248E-15
6.420000E+03	2.513930E-15	1.032608E-15
6.430000E+03	2.490614E-15	1.023034E-15
6.440000E+03	2.467409E-15	1.013505E-15
6.450000E+03	2.444420E-15	1.004065E-15
6.460000E+03	2.421512E-15	9.946583E-16
6.470000E+03	2.398830E-15	9.853446E-16
6.480000E+03	2.376290E-15	9.760891E-16
6.490000E+03	2.353944E-15	9.669130E-16
6.500000E+03	2.331797E-15	9.578188E-16
6.510000E+03	2.309858E-15	9.488100E-16
6.520000E+03	2.288129E-15	9.398876E-16
6.530000E+03	2.266621E-15	9.310561E-16
6.540000E+03	2.245338E-15	9.223169E-16
6.550000E+03	2.224286E-15	9.136725E-16
6.560000E+03	2.203471E-15	9.051258E-16
6.570000E+03	2.182900E-15	8.966790E-16
6.580000E+03	2.162621E-15	8.883521E-16
6.590000E+03	2.142556E-15	8.801130E-16
6.600000E+03	2.122793E-15	8.719982E-16
6.610000E+03	2.103338E-15	8.640100E-16
6.620000E+03	2.084111E-15	8.561150E-16
6.630000E+03	2.065203E-15	8.483512E-16
6.640000E+03	2.046618E-15	8.407201E-16
6.650000E+03	2.028315E-15	8.332050E-16
6.660000E+03	2.010343E-15	8.258256E-16
6.670000E+03	1.992664E-15	8.185668E-16
6.680000E+03	1.975281E-15	8.114293E-16
6.690000E+03	1.958278E-15	8.044481E-16
6.700000E+03	1.941578E-15	7.975913E-16
6.710000E+03	1.925223E-15	7.908763E-16
6.720000E+03	1.909173E-15	7.842864E-16
6.730000E+03	1.893515E-15	7.778574E-16
6.740000E+03	1.878165E-15	7.715551E-16
6.750000E+03	1.863168E-15	7.653977E-16
6.760000E+03	1.848521E-15	7.593842E-16
6.770000E+03	1.834189E-15	7.535000E-16
6.780000E+03	1.820248E-15	7.477762E-16
6.790000E+03	1.806658E-15	7.421971E-16
6.800000E+03	1.793383E-15	7.367470E-16
6.810000E+03	1.780496E-15	7.314563E-16
6.820000E+03	1.767958E-15	7.263091E-16
6.830000E+03	1.755768E-15	7.213046E-16
6.840000E+03	1.743887E-15	7.164270E-16
6.850000E+03	1.732386E-15	7.117058E-16
6.860000E+03	1.721226E-15	7.071247E-16
6.870000E+03	1.710405E-15	7.026824E-16
6.880000E+03	1.699955E-15	6.983927E-16
6.890000E+03	1.689800E-15	6.942242E-16
6.900000E+03	1.679973E-15	6.901906E-16
6.910000E+03	1.670505E-15	6.863046E-16
6.920000E+03	1.661357E-15	6.825497E-16
6.930000E+03	1.652489E-15	6.789098E-16
6.940000E+03	1.643966E-15	6.754117E-16
6.950000E+03	1.635747E-15	6.720389E-16
6.960000E+03	1.627829E-15	6.687891E-16
6.970000E+03	1.620239E-15	6.656745E-16
6.980000E+03	1.612903E-15	6.626639E-16
6.990000E+03	1.605848E-15	6.597693E-16
7.000000E+03	1.599105E-15	6.570022E-16
7.010000E+03	1.592596E-15	6.543316E-16
7.020000E+03	1.586384E-15	6.517831E-16
7.030000E+03	1.580428E-15	6.493397E-16
7.040000E+03	1.574687E-15	6.469845E-16
7.050000E+03	1.569221E-15	6.447425E-16
7.060000E+03	1.563956E-15	6.425828E-16
7.070000E+03	1.558918E-15	6.405162E-16
7.080000E+03	1.554098E-15	6.385396E-16
7.090000E+03	1.549489E-15	6.366498E-16
7.100000E+03	1.545084E-15	6.348433E-16
7.110000E+03	1.540873E-15	6.331169E-16
7.120000E+03	1.536816E-15	6.314535E-16
7.130000E+03	1.532936E-15	6.298633E-16
7.140000E+03	1.529227E-15	6.283430E-16
7.150000E+03	1.525646E-15	6.268751E-16
7.160000E+03	1.522217E-15	6.254701E-16
7.170000E+03	1.518932E-15	6.241240E-16
7.180000E+03	1.515749E-15	6.228199E-16
7.190000E+03	1.512659E-15	6.215540E-16
7.200000E+03	1.509686E-15	6.203363E-16
7.210000E+03	1.506789E-15	6.191495E-16
7.220000E+03	1.503990E-15	6.180035E-16
7.230000E+03	1.501249E-15	6.168811E-16
7.240000E+03	1.498557E-15	6.157784E-16
7.250000E+03	1.495903E-15	6.146920E-16
7.260000E+03	1.493280E-15	6.136180E-16
7.270000E+03	1.490712E-15	6.125664E-16
7.280000E+03	1.488155E-15	6.115198E-16
7.290000E+03	1.485569E-15	6.104612E-16
7.300000E+03	1.483011E-15	6.094139E-16
7.310000E+03	1.480406E-15	6.083474E-16
7.320000E+03	1.477811E-15	6.072850E-16
7.330000E+03	1.475152E-15	6.061963E-16
7.340000E+03	1.472454E-15	6.050913E-16
7.350000E+03	1.469707E-15	6.039665E-16
7.360000E+03	1.466872E-15	6.028053E-16
7.370000E+03	1.463972E-15	6.016175E-16
7.380000E+03	1.461000E-15	6.004002E-16
7.390000E+03	1.457948E-15	5.991500E-16
7.400000E+03	1.454776E-15	5.978506E-16
7.410000E+03	1.451509E-15	5.965122E-16
7.420000E+03	1.448108E-15	5.951186E-16
7.430000E+03	1.444567E-15	5.936673E-16
7.440000E+03	1.440910E-15	5.921685E-16
7.450000E+03	1.437132E-15	5.906199E-16
7.460000E+03	1.433161E-15	5.889923E-16
7.470000E+03	1.429090E-15	5.873233E-16
7.480000E+03	1.424816E-15	5.855709E-16
7.490000E+03	1.420398E-15	5.837594E-16
7.500000E+03	1.415800E-15	5.818737E-16
7.510000E+03	1.411017E-15	5.799120E-16
7.520000E+03	1.406077E-15	5.778859E-16
7.530000E+03	1.400944E-15	5.757806E-16
7.540000E+03	1.395616E-15	5.735949E-16
7.550000E+03	1.390090E-15	5.713277E-16
7.560000E+03	1.384362E-15	5.689780E-16
7.570000E+03	1.378464E-15	5.665577E-16
7.580000E+03	1.372329E-15	5.640405E-16
7.590000E+03	1.366020E-15	5.614516E-16
7.600000E+03	1.359505E-15	5.587780E-16
7.610000E+03	1.352783E-15	5.560194E-16
7.620000E+03	1.345855E-15	5.531758E-16
7.630000E+03	1.338721E-15	5.502478E-16
7.640000E+03	1.331382E-15	5.472356E-16
7.650000E+03	1.323840E-15	5.441398E-16
7.660000E+03	1.316097E-15	5.409615E-16
7.670000E+03	1.308155E-15	5.377013E-16
7.680000E+03	1.300018E-15	5.343607E-16
7.690000E+03	1.291688E-15	5.309409E-16
7.700000E+03	1.283169E-15	5.274434E-16
7.710000E+03	1.274466E-15	5.238700E-16
7.720000E+03	1.265582E-15	5.202226E-16
7.730000E+03	1.256523E-15	5.165031E-16
7.740000E+03	1.247266E-15	5.127019E-16
7.750000E+03	1.237874E-15	5.088453E-16
7.760000E+03	1.228295E-15	5.049119E-16
7.770000E+03	1.218594E-15	5.009281E-16
7.780000E+03	1.208719E-15	4.968731E-16
7.790000E+03	1.198707E-15	4.927616E-16
7.800000E+03	1.188566E-15	4.885968E-16
7.810000E+03	1.178302E-15	4.843815E-16
7.820000E+03	1.167924E-15	4.801193E-16
7.830000E+03	1.157412E-15	4.758020E-16
7.840000E+03	1.146830E-15	4.714557E-16
7.850000E+03	1.136131E-15	4.670616E-16
7.860000E+03	1.125352E-15	4.626342E-16
7.870000E+03	1.114501E-15	4.581773E-16
7.880000E+03	1.103560E-15	4.536838E-16
7.890000E+03	1.092567E-15	4.491682E-16
7.900000E+03	1.081529E-15	4.446342E-16
7.910000E+03	1.070455E-15	4.400855E-16
7.920000E+03	1.059355E-15	4.355259E-16
7.930000E+03	1.048212E-15	4.309487E-16
7.940000E+03	1.037061E-15	4.263680E-16
7.950000E+03	1.025911E-15	4.217875E-16
7.960000E+03	1.014745E-15	4.172008E-16
7.970000E+03	1.003622E-15	4.126316E-16
7.980000E+03	9.925024E-16	4.080634E-16
7.990000E+03	9.813937E-16	4.034998E-16
8.000000E+03	9.703527E-16	3.989639E-16
8.010000E+03	9.593398E-16	3.944396E-16
8.020000E+03	9.483633E-16	3.899302E-16
8.030000E+03	9.374776E-16	3.854580E-16
8.040000E+03	9.266435E-16	3.810070E-16
8.050000E+03	9.158913E-16	3.765895E-16
8.060000E+03	9.052279E-16	3.722085E-16
8.070000E+03	8.946370E-16	3.678573E-16
8.080000E+03	8.841698E-16	3.635568E-16
8.090000E+03	8.737873E-16	3.592911E-16
8.100000E+03	8.634960E-16	3.550628E-16
8.110000E+03	8.533444E-16	3.508919E-16
8.120000E+03	8.432939E-16	3.467625E-16
8.130000E+03	8.333710E-16	3.426855E-16
8.140000E+03	8.235793E-16	3.386624E-16
8.150000E+03	8.139023E-16	3.346864E-16
8.160000E+03	8.043641E-16	3.307673E-16
8.170000E+03	7.949885E-16	3.269151E-16
8.180000E+03	7.857371E-16	3.231139E-16
8.190000E+03	7.766127E-16	3.193648E-16
8.200000E+03	7.676580E-16	3.156855E-16
8.210000E+03	7.588345E-16	3.120600E-16
8.220000E+03	7.501834E-16	3.085054E-16
8.230000E+03	7.416666E-16	3.050059E-16
8.240000E+03	7.333048E-16	3.015702E-16
8.250000E+03	7.250982E-16	2.981982E-16
8.260000E+03	7.170474E-16	2.948901E-16
8.270000E+03	7.091335E-16	2.916384E-16
8.280000E+03	7.013942E-16	2.884584E-16
8.290000E+03	6.937914E-16	2.853344E-16
8.300000E+03	6.863617E-16	2.822817E-16
8.310000E+03	6.790673E-16	2.792844E-16
8.320000E+03	6.719438E-16	2.763574E-16
8.330000E+03	6.649533E-16	2.734851E-16
8.340000E+03	6.581126E-16	2.706743E-16
8.350000E+03	6.514380E-16	2.679318E-16
8.360000E+03	6.448919E-16	2.652421E-16
8.370000E+03	6.384904E-16	2.626118E-16
8.380000E+03	6.322310E-16	2.600399E-16
8.390000E+03	6.261119E-16	2.575257E-16
8.400000E+03	6.201305E-16	2.550680E-16
8.410000E+03	6.143018E-16	2.526731E-16
8.420000E+03	6.085886E-16	2.503257E-16
8.430000E+03	6.030055E-16	2.480317E-16
8.440000E+03	5.975501E-16	2.457903E-16
8.450000E+03	5.922197E-16	2.436001E-16
8.460000E+03	5.870279E-16	2.414670E-16
8.470000E+03	5.819384E-16	2.393759E-16
8.480000E+03	5.769656E-16	2.373328E-16
8.490000E+03	5.721226E-16	2.353430E-16
8.500000E+03	5.673738E-16	2.333919E-16
8.510000E+03	5.627326E-16	2.314851E-16
8.520000E+03	5.582128E-16	2.296281E-16
8.530000E+03	5.537783E-16	2.278062E-16
8.540000E+03	5.494593E-16	2.260318E-16
8.550000E+03	5.452202E-16	2.242902E-16
8.560000E+03	5.410906E-16	2.225936E-16
8.570000E+03	5.370516E-16	2.209342E-16
8.580000E+03	5.330844E-16	2.193044E-16
8.590000E+03	5.292183E-16	2.177161E-16
8.600000E+03	5.254347E-16	2.161617E-16
8.610000E+03	5.217310E-16	2.146402E-16
8.620000E+03	5.181046E-16	2.131505E-16
8.630000E+03	5.145529E-16	2.116914E-16
8.640000E+03	5.110894E-16	2.102686E-16
8.650000E+03	5.076802E-16	2.088681E-16
8.660000E+03	5.043545E-16	2.075019E-16
8.670000E+03	5.010941E-16	2.061626E-16
8.680000E+03	4.978813E-16	2.048428E-16
8.690000E+03	4.947453E-16	2.035546E-16
8.700000E+03	4.916845E-16	2.022973E-16
8.710000E+03	4.886651E-16	2.010570E-16
8.720000E+03	4.857167E-16	1.998459E-16
8.730000E+03	4.828220E-16	1.986568E-16
8.740000E+03	4.799790E-16	1.974891E-16
8.750000E+03	4.771861E-16	1.963419E-16
8.760000E+03	4.744577E-16	1.952212E-16
8.770000E+03	4.717761E-16	1.941197E-16
8.780000E+03	4.691401E-16	1.930370E-16
8.790000E+03	4.665644E-16	1.919791E-16
8.800000E+03	4.640314E-16	1.909387E-16
8.810000E+03	4.615400E-16	1.899154E-16
8.820000E+03	4.591052E-16	1.889154E-16
8.830000E+03	4.567253E-16	1.879380E-16
8.840000E+03	4.543680E-16	1.869698E-16
8.850000E+03	4.520799E-16	1.860301E-16
8.860000E+03	4.498281E-16	1.851053E-16
8.870000E+03	4.476118E-16	1.841950E-16
8.880000E+03	4.454462E-16	1.833057E-16
8.890000E+03	4.433302E-16	1.824367E-16
8.900000E+03	4.412477E-16	1.815815E-16
8.910000E+03	4.392134E-16	1.807461E-16
8.920000E+03	4.372271E-16	1.799304E-16
8.930000E+03	4.352882E-16	1.791343E-16
8.940000E+03	4.333799E-16	1.783506E-16
8.950000E+03	4.315340E-16	1.775927E-16
8.960000E+03	4.297177E-16	1.768470E-16
8.970000E+03	4.279469E-16	1.761199E-16
8.980000E+03	4.262212E-16	1.754114E-16
8.990000E+03	4.245401E-16	1.747212E-16
9.000000E+03	4.229033E-16	1.740492E-16
9.040000E+03	4.168273E-16	1.715551E-16
9.080000E+03	4.114911E-16	1.693653E-16
9.120000E+03	4.069360E-16	1.674967E-16
9.160000E+03	4.032093E-16	1.659690E-16
9.200000E+03	4.003285E-16	1.647892E-16
9.240000E+03	3.983699E-16	1.639890E-16
9.280000E+03	3.973238E-16	1.635642E-16
9.320000E+03	3.972784E-16	1.635514E-16
9.360000E+03	3.982721E-16	1.639662E-16
9.400000E+03	4.003281E-16	1.648184E-16
9.440000E+03	4.035160E-16	1.661367E-16
9.480000E+03	4.078932E-16	1.679446E-16
9.520000E+03	4.134759E-16	1.702489E-16
9.560000E+03	4.203563E-16	1.730877E-16
9.600000E+03	4.285864E-16	1.764823E-16
9.640000E+03	4.381931E-16	1.804440E-16
9.680000E+03	4.492615E-16	1.850078E-16
9.720000E+03	4.617891E-16	1.901727E-16
9.760000E+03	4.758967E-16	1.959885E-16
9.800000E+03	4.915401E-16	2.024371E-16
9.840000E+03	5.088421E-16	2.095692E-16
9.880000E+03	5.277356E-16	2.173570E-16
9.920000E+03	5.482954E-16	2.258316E-16
9.960000E+03	5.705089E-16	2.349877E-16
1.000000E+04	5.943954E-16	2.448333E-16
1.004000E+04	6.198056E-16	2.553070E-16
1.008000E+04	6.468298E-16	2.664460E-16
1.012000E+04	6.753306E-16	2.781938E-16
1.016000E+04	7.051974E-16	2.905048E-16
1.020000E+04	7.363644E-16	3.033520E-16
1.024000E+04	7.686819E-16	3.166736E-16
1.028000E+04	8.020566E-16	3.304314E-16
1.032000E+04	8.363025E-16	3.445487E-16
