#wls	flux	fluxerr
1.600000E+03	1.324968E-14	4.562415E-16
1.640000E+03	1.130035E-14	3.778511E-16
1.680000E+03	9.510688E-15	3.084480E-16
1.720000E+03	7.891095E-15	2.479305E-16
1.760000E+03	6.449694E-15	1.960716E-16
1.800000E+03	5.189823E-15	1.524582E-16
1.840000E+03	4.111090E-15	1.165463E-16
1.880000E+03	3.207468E-15	8.762946E-17
1.920000E+03	2.468108E-15	6.489122E-17
1.960000E+03	1.878386E-15	4.745894E-17
2.000000E+03	1.420685E-15	3.444411E-17
2.040000E+03	1.075820E-15	2.499293E-17
2.080000E+03	8.246329E-16	1.833119E-17
2.120000E+03	6.499197E-16	1.380593E-17
2.160000E+03	5.345431E-16	1.083779E-17
2.200000E+03	4.667339E-16	9.022685E-18
2.240000E+03	4.400623E-16	8.105161E-18
2.280000E+03	4.537140E-16	7.958746E-18
2.320000E+03	5.132313E-16	8.575125E-18
2.360000E+03	6.332642E-16	1.008573E-17
2.400000E+03	8.426087E-16	1.281224E-17
2.440000E+03	1.190867E-15	1.733175E-17
2.480000E+03	1.756772E-15	2.456181E-17
2.520000E+03	2.656960E-15	3.585593E-17
2.560000E+03	4.048076E-15	5.302858E-17
2.600000E+03	6.111557E-15	7.817835E-17
2.640000E+03	9.021096E-15	1.133172E-16
2.680000E+03	1.287981E-14	1.596646E-16
2.720000E+03	1.766123E-14	2.169745E-16
2.760000E+03	2.316930E-14	2.830425E-16
2.800000E+03	2.903961E-14	3.536590E-16
2.840000E+03	3.480199E-14	4.232799E-16
2.880000E+03	3.998586E-14	4.862405E-16
2.920000E+03	4.421143E-14	5.378515E-16
2.960000E+03	4.725698E-14	5.752620E-16
3.000000E+03	4.909055E-14	5.979152E-16
3.010000E+03	4.937213E-14	6.014095E-16
3.020000E+03	4.958842E-14	6.040994E-16
3.030000E+03	4.974297E-14	6.060272E-16
3.040000E+03	4.984079E-14	6.072533E-16
3.050000E+03	4.988603E-14	6.078279E-16
3.060000E+03	4.988308E-14	6.078042E-16
3.070000E+03	4.983647E-14	6.072379E-16
3.080000E+03	4.975089E-14	6.061863E-16
3.090000E+03	4.963110E-14	6.047084E-16
3.100000E+03	4.948294E-14	6.028760E-16
3.110000E+03	4.931119E-14	6.007486E-16
3.120000E+03	4.911970E-14	5.983740E-16
3.130000E+03	4.891516E-14	5.958353E-16
3.140000E+03	4.870036E-14	5.931678E-16
3.150000E+03	4.848096E-14	5.904400E-16
3.160000E+03	4.826250E-14	5.877172E-16
3.170000E+03	4.804857E-14	5.850412E-16
3.180000E+03	4.784455E-14	5.824756E-16
3.190000E+03	4.765399E-14	5.800617E-16
3.200000E+03	4.748213E-14	5.778615E-16
3.210000E+03	4.733331E-14	5.759265E-16
3.220000E+03	4.721107E-14	5.742981E-16
3.230000E+03	4.712065E-14	5.730384E-16
3.240000E+03	4.706652E-14	5.722006E-16
3.250000E+03	4.705328E-14	5.718391E-16
3.260000E+03	4.708568E-14	5.720100E-16
3.270000E+03	4.716873E-14	5.727728E-16
3.280000E+03	4.730772E-14	5.741899E-16
3.290000E+03	4.750754E-14	5.763192E-16
3.300000E+03	4.777590E-14	5.792520E-16
3.310000E+03	4.811796E-14	5.830490E-16
3.320000E+03	4.854193E-14	5.878071E-16
3.330000E+03	4.905533E-14	5.936148E-16
3.340000E+03	4.966819E-14	6.005903E-16
3.350000E+03	5.039100E-14	6.088572E-16
3.360000E+03	5.123418E-14	6.185372E-16
3.370000E+03	5.221286E-14	6.298086E-16
3.380000E+03	5.334111E-14	6.428358E-16
3.390000E+03	5.463758E-14	6.578376E-16
3.400000E+03	5.612281E-14	6.750545E-16
3.410000E+03	5.781876E-14	6.947425E-16
3.420000E+03	5.975375E-14	7.172329E-16
3.430000E+03	6.195608E-14	7.428550E-16
3.440000E+03	6.445822E-14	7.719860E-16
3.450000E+03	6.729375E-14	8.050146E-16
3.460000E+03	7.049298E-14	8.422881E-16
3.470000E+03	7.407825E-14	8.840569E-16
3.480000E+03	7.803625E-14	9.301451E-16
3.490000E+03	8.227799E-14	9.794766E-16
3.500000E+03	8.664736E-14	1.030183E-15
3.510000E+03	9.094063E-14	1.079840E-15
3.520000E+03	9.491936E-14	1.125624E-15
3.530000E+03	9.834109E-14	1.164681E-15
3.540000E+03	1.009720E-13	1.194267E-15
3.550000E+03	1.026066E-13	1.211983E-15
3.560000E+03	1.031140E-13	1.216323E-15
3.570000E+03	1.024384E-13	1.206678E-15
3.580000E+03	1.006055E-13	1.183398E-15
3.590000E+03	9.773903E-14	1.147994E-15
3.600000E+03	9.402840E-14	1.102735E-15
3.610000E+03	8.971225E-14	1.050463E-15
3.620000E+03	8.506903E-14	9.944675E-16
3.630000E+03	8.036706E-14	9.379037E-16
3.640000E+03	7.584312E-14	8.835390E-16
3.650000E+03	7.169101E-14	8.336228E-16
3.660000E+03	6.806009E-14	7.898712E-16
3.670000E+03	6.505203E-14	7.534334E-16
3.680000E+03	6.272658E-14	7.249613E-16
3.690000E+03	6.111971E-14	7.048238E-16
3.700000E+03	6.024613E-14	6.931375E-16
3.710000E+03	6.008968E-14	6.896581E-16
3.720000E+03	6.062727E-14	6.940593E-16
3.730000E+03	6.183914E-14	7.060500E-16
3.740000E+03	6.370601E-14	7.253426E-16
3.750000E+03	6.620686E-14	7.516265E-16
3.760000E+03	6.932531E-14	7.846412E-16
3.770000E+03	7.304678E-14	8.241438E-16
3.780000E+03	7.735150E-14	8.698299E-16
3.790000E+03	8.221843E-14	9.213787E-16
3.800000E+03	8.761826E-14	9.783753E-16
3.810000E+03	9.351400E-14	1.040320E-15
3.820000E+03	9.985159E-14	1.106524E-15
3.830000E+03	1.065521E-13	1.176032E-15
3.840000E+03	1.135140E-13	1.247648E-15
3.850000E+03	1.206107E-13	1.319923E-15
3.860000E+03	1.276821E-13	1.391062E-15
3.870000E+03	1.345480E-13	1.459085E-15
3.880000E+03	1.410214E-13	1.521979E-15
3.890000E+03	1.469351E-13	1.577981E-15
3.900000E+03	1.521434E-13	1.625607E-15
3.910000E+03	1.565403E-13	1.663826E-15
3.920000E+03	1.600887E-13	1.692371E-15
3.930000E+03	1.628020E-13	1.711522E-15
3.940000E+03	1.647390E-13	1.722036E-15
3.950000E+03	1.660039E-13	1.725137E-15
3.960000E+03	1.667223E-13	1.722251E-15
3.970000E+03	1.670329E-13	1.714909E-15
3.980000E+03	1.670583E-13	1.704453E-15
3.990000E+03	1.669094E-13	1.692071E-15
4.000000E+03	1.666700E-13	1.678657E-15
4.010000E+03	1.663705E-13	1.664546E-15
4.020000E+03	1.660113E-13	1.649771E-15
4.030000E+03	1.655546E-13	1.633987E-15
4.040000E+03	1.649094E-13	1.616340E-15
4.050000E+03	1.639626E-13	1.595787E-15
4.060000E+03	1.626229E-13	1.571528E-15
4.070000E+03	1.608471E-13	1.543250E-15
4.080000E+03	1.586229E-13	1.510949E-15
4.090000E+03	1.559710E-13	1.474933E-15
4.100000E+03	1.529597E-13	1.435954E-15
4.110000E+03	1.496768E-13	1.394924E-15
4.120000E+03	1.461932E-13	1.352573E-15
4.130000E+03	1.425415E-13	1.309257E-15
4.140000E+03	1.387363E-13	1.265159E-15
4.150000E+03	1.347753E-13	1.220303E-15
4.160000E+03	1.306184E-13	1.174367E-15
4.170000E+03	1.262266E-13	1.127049E-15
4.180000E+03	1.215919E-13	1.078326E-15
4.190000E+03	1.167453E-13	1.028514E-15
4.200000E+03	1.117507E-13	9.782057E-16
4.210000E+03	1.067044E-13	9.282540E-16
4.220000E+03	1.017434E-13	8.798386E-16
4.230000E+03	9.701504E-14	8.341973E-16
4.240000E+03	9.265800E-14	7.924622E-16
4.250000E+03	8.880989E-14	7.557340E-16
4.260000E+03	8.558926E-14	7.249327E-16
4.270000E+03	8.308800E-14	7.007436E-16
4.280000E+03	8.137247E-14	6.836358E-16
4.290000E+03	8.048856E-14	6.739113E-16
4.300000E+03	8.045334E-14	6.716360E-16
4.310000E+03	8.121839E-14	6.763367E-16
4.320000E+03	8.270328E-14	6.872920E-16
4.330000E+03	8.478986E-14	7.034886E-16
4.340000E+03	8.728115E-14	7.232785E-16
4.350000E+03	8.993672E-14	7.446694E-16
4.360000E+03	9.250418E-14	7.655798E-16
4.370000E+03	9.475494E-14	7.841269E-16
4.380000E+03	9.658222E-14	7.994309E-16
4.390000E+03	9.798414E-14	8.114724E-16
4.400000E+03	9.900360E-14	8.205954E-16
4.410000E+03	9.972079E-14	8.274482E-16
4.420000E+03	1.002231E-13	8.327371E-16
4.430000E+03	1.005523E-13	8.367888E-16
4.440000E+03	1.007266E-13	8.397347E-16
4.450000E+03	1.007498E-13	8.415841E-16
4.460000E+03	1.005955E-13	8.420953E-16
4.470000E+03	1.002237E-13	8.409062E-16
4.480000E+03	9.960724E-14	8.377613E-16
4.490000E+03	9.875262E-14	8.326850E-16
4.500000E+03	9.768378E-14	8.258491E-16
4.510000E+03	9.644059E-14	8.175626E-16
4.520000E+03	9.509691E-14	8.084273E-16
4.530000E+03	9.373197E-14	7.990984E-16
4.540000E+03	9.240667E-14	7.900834E-16
4.550000E+03	9.114945E-14	7.816180E-16
4.560000E+03	8.997077E-14	7.737877E-16
4.570000E+03	8.885929E-14	7.664922E-16
4.580000E+03	8.776776E-14	7.593200E-16
4.590000E+03	8.664076E-14	7.517847E-16
4.600000E+03	8.542835E-14	7.434428E-16
4.610000E+03	8.410530E-14	7.340624E-16
4.620000E+03	8.265963E-14	7.235254E-16
4.630000E+03	8.109570E-14	7.118555E-16
4.640000E+03	7.944808E-14	6.993376E-16
4.650000E+03	7.775857E-14	6.863244E-16
4.660000E+03	7.606784E-14	6.731637E-16
4.670000E+03	7.440535E-14	6.601096E-16
4.680000E+03	7.279603E-14	6.473795E-16
4.690000E+03	7.125505E-14	6.351068E-16
4.700000E+03	6.978950E-14	6.233550E-16
4.710000E+03	6.839948E-14	6.121264E-16
4.720000E+03	6.708791E-14	6.014485E-16
4.730000E+03	6.586498E-14	5.914149E-16
4.740000E+03	6.474343E-14	5.821430E-16
4.750000E+03	6.372812E-14	5.736794E-16
4.760000E+03	6.281400E-14	5.659814E-16
4.770000E+03	6.197917E-14	5.588537E-16
4.780000E+03	6.119312E-14	5.520224E-16
4.790000E+03	6.042298E-14	5.451916E-16
4.800000E+03	5.963738E-14	5.380791E-16
4.810000E+03	5.882198E-14	5.305567E-16
4.820000E+03	5.799183E-14	5.227625E-16
4.830000E+03	5.717593E-14	5.149607E-16
4.840000E+03	5.640300E-14	5.074124E-16
4.850000E+03	5.569922E-14	5.003548E-16
4.860000E+03	5.508201E-14	4.939446E-16
4.870000E+03	5.455595E-14	4.882216E-16
4.880000E+03	5.409681E-14	4.829672E-16
4.890000E+03	5.366893E-14	4.778617E-16
4.900000E+03	5.323644E-14	4.725872E-16
4.910000E+03	5.277270E-14	4.669110E-16
4.920000E+03	5.225841E-14	4.606695E-16
4.930000E+03	5.168997E-14	4.538399E-16
4.940000E+03	5.109371E-14	4.466631E-16
4.950000E+03	5.050955E-14	4.394952E-16
4.960000E+03	4.998813E-14	4.327787E-16
4.970000E+03	4.959493E-14	4.270747E-16
4.980000E+03	4.940142E-14	4.229818E-16
4.990000E+03	4.947050E-14	4.210092E-16
5.000000E+03	4.985251E-14	4.215430E-16
5.010000E+03	5.058933E-14	4.248831E-16
5.020000E+03	5.170956E-14	4.312041E-16
5.030000E+03	5.320732E-14	4.403832E-16
5.040000E+03	5.505539E-14	4.521188E-16
5.050000E+03	5.720871E-14	4.659666E-16
5.060000E+03	5.958659E-14	4.812032E-16
5.070000E+03	6.208131E-14	4.969089E-16
5.080000E+03	6.457214E-14	5.120912E-16
5.090000E+03	6.695207E-14	5.259019E-16
5.100000E+03	6.911565E-14	5.375401E-16
5.110000E+03	7.096904E-14	5.463302E-16
5.120000E+03	7.246760E-14	5.520065E-16
5.130000E+03	7.358935E-14	5.544930E-16
5.140000E+03	7.432718E-14	5.538367E-16
5.150000E+03	7.468645E-14	5.501832E-16
5.160000E+03	7.467889E-14	5.437268E-16
5.170000E+03	7.431090E-14	5.346225E-16
5.180000E+03	7.356770E-14	5.228749E-16
5.190000E+03	7.243538E-14	5.085019E-16
5.200000E+03	7.093171E-14	4.917467E-16
5.210000E+03	6.912736E-14	4.732082E-16
5.220000E+03	6.712405E-14	4.536699E-16
5.230000E+03	6.503743E-14	4.339711E-16
5.240000E+03	6.300186E-14	4.150329E-16
5.250000E+03	6.114663E-14	3.976963E-16
5.260000E+03	5.956938E-14	3.825556E-16
5.270000E+03	5.832116E-14	3.698787E-16
5.280000E+03	5.742752E-14	3.597600E-16
5.290000E+03	5.689367E-14	3.521649E-16
5.300000E+03	5.670237E-14	3.469250E-16
5.310000E+03	5.682134E-14	3.437927E-16
5.320000E+03	5.720905E-14	3.424813E-16
5.330000E+03	5.780395E-14	3.426033E-16
5.340000E+03	5.853547E-14	3.437402E-16
5.350000E+03	5.931617E-14	3.453960E-16
5.360000E+03	6.001482E-14	3.468424E-16
5.370000E+03	6.050901E-14	3.474235E-16
5.380000E+03	6.072877E-14	3.467927E-16
5.390000E+03	6.069417E-14	3.451032E-16
5.400000E+03	6.048242E-14	3.428170E-16
5.410000E+03	6.018051E-14	3.404360E-16
5.420000E+03	5.982158E-14	3.381473E-16
5.430000E+03	5.943419E-14	3.361065E-16
5.440000E+03	5.906528E-14	3.345613E-16
5.450000E+03	5.879185E-14	3.339196E-16
5.460000E+03	5.870453E-14	3.346719E-16
5.470000E+03	5.887994E-14	3.372417E-16
5.480000E+03	5.934858E-14	3.418014E-16
5.490000E+03	6.011208E-14	3.483677E-16
5.500000E+03	6.114693E-14	3.568173E-16
5.510000E+03	6.238700E-14	3.667782E-16
5.520000E+03	6.374193E-14	3.777263E-16
5.530000E+03	6.511856E-14	3.891054E-16
5.540000E+03	6.644087E-14	4.004433E-16
5.550000E+03	6.764095E-14	4.112997E-16
5.560000E+03	6.866162E-14	4.212842E-16
5.570000E+03	6.946190E-14	4.300916E-16
5.580000E+03	7.001447E-14	4.374919E-16
5.590000E+03	7.031006E-14	4.433620E-16
5.600000E+03	7.035609E-14	4.476832E-16
5.610000E+03	7.017338E-14	4.505253E-16
5.620000E+03	6.979196E-14	4.520244E-16
5.630000E+03	6.924560E-14	4.523500E-16
5.640000E+03	6.856997E-14	4.516940E-16
5.650000E+03	6.779995E-14	4.502539E-16
5.660000E+03	6.696615E-14	4.482084E-16
5.670000E+03	6.609803E-14	4.457371E-16
5.680000E+03	6.521835E-14	4.429822E-16
5.690000E+03	6.435266E-14	4.401115E-16
5.700000E+03	6.352195E-14	4.372671E-16
5.710000E+03	6.274459E-14	4.345782E-16
5.720000E+03	6.204637E-14	4.322292E-16
5.730000E+03	6.144801E-14	4.303732E-16
5.740000E+03	6.096484E-14	4.291284E-16
5.750000E+03	6.060662E-14	4.285750E-16
5.760000E+03	6.037640E-14	4.287455E-16
5.770000E+03	6.026691E-14	4.295982E-16
5.780000E+03	6.026133E-14	4.310210E-16
5.790000E+03	6.033194E-14	4.328207E-16
5.800000E+03	6.044822E-14	4.347810E-16
5.810000E+03	6.057815E-14	4.366722E-16
5.820000E+03	6.068685E-14	4.382419E-16
5.830000E+03	6.074291E-14	4.392625E-16
5.840000E+03	6.073270E-14	4.396344E-16
5.850000E+03	6.064923E-14	4.393080E-16
5.860000E+03	6.048993E-14	4.382673E-16
5.870000E+03	6.026931E-14	4.366220E-16
5.880000E+03	6.000687E-14	4.345192E-16
5.890000E+03	5.971858E-14	4.320821E-16
5.900000E+03	5.941994E-14	4.294311E-16
5.910000E+03	5.912134E-14	4.266500E-16
5.920000E+03	5.882599E-14	4.237710E-16
5.930000E+03	5.852975E-14	4.207741E-16
5.940000E+03	5.822172E-14	4.175917E-16
5.950000E+03	5.788179E-14	4.140916E-16
5.960000E+03	5.748176E-14	4.100865E-16
5.970000E+03	5.698678E-14	4.053448E-16
5.980000E+03	5.635730E-14	3.996060E-16
5.990000E+03	5.555176E-14	3.925998E-16
6.000000E+03	5.453037E-14	3.840736E-16
6.010000E+03	5.326301E-14	3.738472E-16
6.020000E+03	5.174194E-14	3.619003E-16
6.030000E+03	4.997354E-14	3.483110E-16
6.040000E+03	4.798909E-14	3.333286E-16
6.050000E+03	4.586160E-14	3.174862E-16
6.060000E+03	4.367729E-14	3.013985E-16
6.070000E+03	4.152321E-14	2.856755E-16
6.080000E+03	3.950573E-14	2.710501E-16
6.090000E+03	3.771768E-14	2.581532E-16
6.100000E+03	3.622691E-14	2.474391E-16
6.110000E+03	3.506087E-14	2.390849E-16
6.120000E+03	3.423448E-14	2.331846E-16
6.130000E+03	3.375532E-14	2.297865E-16
6.140000E+03	3.361874E-14	2.288623E-16
6.150000E+03	3.381762E-14	2.303749E-16
6.160000E+03	3.434295E-14	2.342832E-16
6.170000E+03	3.517257E-14	2.404661E-16
6.180000E+03	3.627781E-14	2.487669E-16
6.190000E+03	3.762011E-14	2.589691E-16
6.200000E+03	3.913802E-14	2.707038E-16
6.210000E+03	4.075264E-14	2.834814E-16
6.220000E+03	4.237731E-14	2.967510E-16
6.230000E+03	4.393854E-14	3.100395E-16
6.240000E+03	4.536153E-14	3.228340E-16
6.250000E+03	4.657590E-14	3.346228E-16
6.260000E+03	4.754881E-14	3.451376E-16
6.270000E+03	4.826709E-14	3.542340E-16
6.280000E+03	4.873091E-14	3.618509E-16
6.290000E+03	4.896103E-14	3.680722E-16
6.300000E+03	4.898850E-14	3.730583E-16
6.310000E+03	4.884920E-14	3.770120E-16
6.320000E+03	4.857567E-14	3.801193E-16
6.330000E+03	4.820101E-14	3.825805E-16
6.340000E+03	4.775104E-14	3.845498E-16
6.350000E+03	4.724388E-14	3.861290E-16
6.360000E+03	4.668955E-14	3.873611E-16
6.370000E+03	4.609554E-14	3.882723E-16
6.380000E+03	4.546557E-14	3.888606E-16
6.390000E+03	4.479890E-14	3.890880E-16
6.400000E+03	4.409840E-14	3.889479E-16
6.410000E+03	4.337056E-14	3.884691E-16
6.420000E+03	4.262328E-14	3.876966E-16
6.430000E+03	4.186748E-14	3.867096E-16
6.440000E+03	4.112152E-14	3.856633E-16
6.450000E+03	4.040403E-14	3.847276E-16
6.460000E+03	3.973036E-14	3.840522E-16
6.470000E+03	3.910960E-14	3.837357E-16
6.480000E+03	3.853373E-14	3.837127E-16
6.490000E+03	3.798833E-14	3.838491E-16
6.500000E+03	3.746745E-14	3.840905E-16
6.510000E+03	3.696540E-14	3.843819E-16
6.520000E+03	3.647689E-14	3.846702E-16
6.530000E+03	3.599984E-14	3.849341E-16
6.540000E+03	3.553275E-14	3.851576E-16
6.550000E+03	3.507463E-14	3.853300E-16
6.560000E+03	3.462416E-14	3.854369E-16
6.570000E+03	3.418130E-14	3.854781E-16
6.580000E+03	3.374579E-14	3.854508E-16
6.590000E+03	3.331690E-14	3.853474E-16
6.600000E+03	3.289547E-14	3.851782E-16
6.610000E+03	3.248179E-14	3.849482E-16
6.620000E+03	3.207488E-14	3.846472E-16
6.630000E+03	3.167392E-14	3.842669E-16
6.640000E+03	3.127836E-14	3.838018E-16
6.650000E+03	3.088658E-14	3.832334E-16
6.660000E+03	3.049682E-14	3.825406E-16
6.670000E+03	3.010912E-14	3.817242E-16
6.680000E+03	2.972225E-14	3.807691E-16
6.690000E+03	2.933673E-14	3.796823E-16
6.700000E+03	2.895327E-14	3.784739E-16
6.710000E+03	2.857202E-14	3.771471E-16
6.720000E+03	2.819416E-14	3.757187E-16
6.730000E+03	2.782136E-14	3.742134E-16
6.740000E+03	2.745270E-14	3.726211E-16
6.750000E+03	2.708907E-14	3.709565E-16
6.760000E+03	2.672957E-14	3.692100E-16
6.770000E+03	2.637194E-14	3.673526E-16
6.780000E+03	2.601470E-14	3.653654E-16
6.790000E+03	2.565628E-14	3.632276E-16
6.800000E+03	2.529487E-14	3.609142E-16
6.810000E+03	2.493013E-14	3.584210E-16
6.820000E+03	2.456167E-14	3.557429E-16
6.830000E+03	2.419116E-14	3.529046E-16
6.840000E+03	2.381955E-14	3.499215E-16
6.850000E+03	2.344975E-14	3.468379E-16
6.860000E+03	2.308318E-14	3.436776E-16
6.870000E+03	2.272290E-14	3.404894E-16
6.880000E+03	2.236984E-14	3.372913E-16
6.890000E+03	2.202583E-14	3.341150E-16
6.900000E+03	2.169140E-14	3.309731E-16
6.910000E+03	2.136757E-14	3.278857E-16
6.920000E+03	2.105435E-14	3.248580E-16
6.930000E+03	2.075223E-14	3.219021E-16
6.940000E+03	2.046039E-14	3.190098E-16
6.950000E+03	2.017992E-14	3.162026E-16
6.960000E+03	1.991059E-14	3.134814E-16
6.970000E+03	1.965216E-14	3.108467E-16
6.980000E+03	1.940594E-14	3.083235E-16
6.990000E+03	1.917165E-14	3.059116E-16
7.000000E+03	1.894986E-14	3.036242E-16
7.010000E+03	1.874043E-14	3.014630E-16
7.020000E+03	1.854364E-14	2.994365E-16
7.030000E+03	1.835871E-14	2.975361E-16
7.040000E+03	1.818539E-14	2.957607E-16
7.050000E+03	1.802206E-14	2.940873E-16
7.060000E+03	1.786830E-14	2.925122E-16
7.070000E+03	1.772199E-14	2.910030E-16
7.080000E+03	1.758233E-14	2.895491E-16
7.090000E+03	1.744730E-14	2.881191E-16
7.100000E+03	1.731598E-14	2.866993E-16
7.110000E+03	1.718704E-14	2.852696E-16
7.120000E+03	1.706028E-14	2.838277E-16
7.130000E+03	1.693529E-14	2.823685E-16
7.140000E+03	1.681137E-14	2.808814E-16
7.150000E+03	1.668932E-14	2.793809E-16
7.160000E+03	1.656886E-14	2.778637E-16
7.170000E+03	1.644907E-14	2.763157E-16
7.180000E+03	1.633002E-14	2.747390E-16
7.190000E+03	1.621074E-14	2.731186E-16
7.200000E+03	1.608993E-14	2.714334E-16
7.210000E+03	1.596726E-14	2.696791E-16
7.220000E+03	1.584057E-14	2.678201E-16
7.230000E+03	1.570846E-14	2.658336E-16
7.240000E+03	1.557018E-14	2.637081E-16
7.250000E+03	1.542408E-14	2.614161E-16
7.260000E+03	1.527012E-14	2.589584E-16
7.270000E+03	1.510803E-14	2.563310E-16
7.280000E+03	1.493854E-14	2.535480E-16
7.290000E+03	1.476270E-14	2.506280E-16
7.300000E+03	1.458233E-14	2.476034E-16
7.310000E+03	1.440005E-14	2.445201E-16
7.320000E+03	1.421811E-14	2.414176E-16
7.330000E+03	1.403852E-14	2.383315E-16
7.340000E+03	1.386305E-14	2.352932E-16
7.350000E+03	1.369309E-14	2.323273E-16
7.360000E+03	1.352967E-14	2.294528E-16
7.370000E+03	1.337279E-14	2.266706E-16
7.380000E+03	1.322223E-14	2.239780E-16
7.390000E+03	1.307820E-14	2.213796E-16
7.400000E+03	1.294068E-14	2.188757E-16
7.410000E+03	1.281102E-14	2.164899E-16
7.420000E+03	1.268971E-14	2.142314E-16
7.430000E+03	1.257912E-14	2.121406E-16
7.440000E+03	1.248228E-14	2.102686E-16
7.450000E+03	1.240185E-14	2.086604E-16
7.460000E+03	1.233933E-14	2.073402E-16
7.470000E+03	1.229650E-14	2.063365E-16
7.480000E+03	1.227361E-14	2.056519E-16
7.490000E+03	1.226951E-14	2.052649E-16
7.500000E+03	1.228121E-14	2.051240E-16
7.510000E+03	1.230563E-14	2.051758E-16
7.520000E+03	1.233741E-14	2.053293E-16
7.530000E+03	1.237095E-14	2.054902E-16
7.540000E+03	1.240179E-14	2.055836E-16
7.550000E+03	1.242728E-14	2.055655E-16
7.560000E+03	1.244748E-14	2.054366E-16
7.570000E+03	1.246240E-14	2.051972E-16
7.580000E+03	1.247285E-14	2.048607E-16
7.590000E+03	1.247978E-14	2.044423E-16
7.600000E+03	1.248375E-14	2.039515E-16
7.610000E+03	1.248561E-14	2.034019E-16
7.620000E+03	1.248551E-14	2.027957E-16
7.630000E+03	1.248426E-14	2.021459E-16
7.640000E+03	1.248265E-14	2.014650E-16
7.650000E+03	1.248226E-14	2.007782E-16
7.660000E+03	1.248303E-14	2.000839E-16
7.670000E+03	1.248674E-14	1.994097E-16
7.680000E+03	1.249338E-14	1.987548E-16
7.690000E+03	1.250335E-14	1.981245E-16
7.700000E+03	1.251640E-14	1.975137E-16
7.710000E+03	1.253170E-14	1.969085E-16
7.720000E+03	1.254724E-14	1.962765E-16
7.730000E+03	1.256170E-14	1.955969E-16
7.740000E+03	1.257211E-14	1.948233E-16
7.750000E+03	1.257505E-14	1.939037E-16
7.760000E+03	1.256695E-14	1.927847E-16
7.770000E+03	1.254481E-14	1.914231E-16
7.780000E+03	1.250453E-14	1.897600E-16
7.790000E+03	1.244387E-14	1.877665E-16
7.800000E+03	1.236169E-14	1.854307E-16
7.810000E+03	1.225622E-14	1.827328E-16
7.820000E+03	1.212951E-14	1.797101E-16
7.830000E+03	1.198323E-14	1.763939E-16
7.840000E+03	1.182077E-14	1.728406E-16
7.850000E+03	1.164612E-14	1.691140E-16
7.860000E+03	1.146389E-14	1.652856E-16
7.870000E+03	1.127822E-14	1.614184E-16
7.880000E+03	1.109321E-14	1.575732E-16
7.890000E+03	1.091244E-14	1.538017E-16
7.900000E+03	1.073828E-14	1.501371E-16
7.910000E+03	1.057357E-14	1.466179E-16
7.920000E+03	1.041913E-14	1.432537E-16
7.930000E+03	1.027581E-14	1.400537E-16
7.940000E+03	1.014447E-14	1.370267E-16
7.950000E+03	1.002560E-14	1.341764E-16
7.960000E+03	9.919247E-15	1.314999E-16
7.970000E+03	9.826809E-15	1.290119E-16
7.980000E+03	9.750262E-15	1.267337E-16
7.990000E+03	9.690781E-15	1.246754E-16
8.000000E+03	9.649010E-15	1.228393E-16
8.010000E+03	9.625961E-15	1.212319E-16
8.020000E+03	9.621290E-15	1.198421E-16
8.030000E+03	9.634393E-15	1.186557E-16
8.040000E+03	9.664427E-15	1.176556E-16
8.050000E+03	9.709258E-15	1.168100E-16
8.060000E+03	9.766230E-15	1.160816E-16
8.070000E+03	9.832130E-15	1.154284E-16
8.080000E+03	9.902778E-15	1.147991E-16
8.090000E+03	9.973794E-15	1.141425E-16
8.100000E+03	1.004058E-14	1.134078E-16
8.110000E+03	1.009788E-14	1.125399E-16
8.120000E+03	1.014196E-14	1.115035E-16
8.130000E+03	1.016830E-14	1.102578E-16
8.140000E+03	1.017444E-14	1.087863E-16
8.150000E+03	1.015928E-14	1.070890E-16
8.160000E+03	1.012401E-14	1.051904E-16
8.170000E+03	1.007042E-14	1.031206E-16
8.180000E+03	1.000352E-14	1.009412E-16
8.190000E+03	9.929351E-15	9.872107E-17
8.200000E+03	9.854290E-15	9.652892E-17
8.210000E+03	9.785627E-15	9.443870E-17
8.220000E+03	9.730443E-15	9.251829E-17
8.230000E+03	9.694739E-15	9.082178E-17
8.240000E+03	9.682962E-15	8.938599E-17
8.250000E+03	9.698343E-15	8.823497E-17
8.260000E+03	9.742657E-15	8.737878E-17
8.270000E+03	9.815328E-15	8.680684E-17
8.280000E+03	9.914075E-15	8.649518E-17
8.290000E+03	1.003630E-14	8.641948E-17
8.300000E+03	1.017819E-14	8.654761E-17
8.310000E+03	1.033584E-14	8.684970E-17
8.320000E+03	1.050550E-14	8.729998E-17
8.330000E+03	1.068776E-14	8.791096E-17
8.340000E+03	1.088380E-14	8.870111E-17
8.350000E+03	1.109496E-14	8.969078E-17
8.360000E+03	1.132224E-14	9.089889E-17
8.370000E+03	1.156667E-14	9.234548E-17
8.380000E+03	1.182750E-14	9.403799E-17
8.390000E+03	1.210335E-14	9.598017E-17
8.400000E+03	1.239150E-14	9.816651E-17
8.410000E+03	1.268808E-14	1.005834E-16
8.420000E+03	1.298645E-14	1.031959E-16
8.430000E+03	1.327951E-14	1.059646E-16
8.440000E+03	1.355962E-14	1.088421E-16
8.450000E+03	1.381909E-14	1.117735E-16
8.460000E+03	1.405116E-14	1.147062E-16
8.470000E+03	1.425052E-14	1.175943E-16
8.480000E+03	1.441489E-14	1.204117E-16
8.490000E+03	1.454306E-14	1.231369E-16
8.500000E+03	1.463523E-14	1.257565E-16
8.510000E+03	1.469415E-14	1.282763E-16
8.520000E+03	1.472193E-14	1.306952E-16
8.530000E+03	1.472303E-14	1.330323E-16
8.540000E+03	1.469982E-14	1.352887E-16
8.550000E+03	1.465756E-14	1.374924E-16
8.560000E+03	1.459869E-14	1.396478E-16
8.570000E+03	1.452707E-14	1.417739E-16
8.580000E+03	1.444536E-14	1.438808E-16
8.590000E+03	1.435511E-14	1.459692E-16
8.600000E+03	1.425864E-14	1.480492E-16
8.610000E+03	1.415752E-14	1.501253E-16
8.620000E+03	1.405322E-14	1.522025E-16
8.630000E+03	1.394695E-14	1.542847E-16
8.640000E+03	1.383934E-14	1.563707E-16
8.650000E+03	1.373131E-14	1.584636E-16
8.660000E+03	1.362413E-14	1.605721E-16
8.670000E+03	1.351768E-14	1.626900E-16
8.680000E+03	1.341339E-14	1.648300E-16
8.690000E+03	1.331085E-14	1.669838E-16
8.700000E+03	1.321075E-14	1.691574E-16
8.710000E+03	1.311287E-14	1.713455E-16
8.720000E+03	1.301708E-14	1.735445E-16
8.730000E+03	1.292359E-14	1.757555E-16
8.740000E+03	1.283128E-14	1.779616E-16
8.750000E+03	1.274012E-14	1.801602E-16
8.760000E+03	1.264917E-14	1.823361E-16
8.770000E+03	1.255839E-14	1.844865E-16
8.780000E+03	1.246663E-14	1.865919E-16
8.790000E+03	1.237442E-14	1.886573E-16
8.800000E+03	1.228064E-14	1.906629E-16
8.810000E+03	1.218480E-14	1.925981E-16
8.820000E+03	1.208677E-14	1.944570E-16
8.830000E+03	1.198576E-14	1.962232E-16
8.840000E+03	1.187978E-14	1.978599E-16
8.850000E+03	1.176824E-14	1.993511E-16
8.860000E+03	1.164931E-14	2.006594E-16
8.870000E+03	1.152000E-14	2.017249E-16
8.880000E+03	1.137799E-14	2.024961E-16
8.890000E+03	1.122109E-14	2.029218E-16
8.900000E+03	1.104663E-14	2.029388E-16
8.910000E+03	1.085563E-14	2.025501E-16
8.920000E+03	1.065343E-14	2.018421E-16
8.930000E+03	1.044469E-14	2.008937E-16
8.940000E+03	1.023343E-14	1.997773E-16
8.950000E+03	1.002390E-14	1.985739E-16
8.960000E+03	9.818945E-15	1.973421E-16
8.970000E+03	9.621113E-15	1.961370E-16
8.980000E+03	9.432015E-15	1.949978E-16
8.990000E+03	9.252340E-15	1.939462E-16
9.000000E+03	9.083352E-15	1.930167E-16
9.040000E+03	8.513972E-15	1.906937E-16
9.080000E+03	8.101905E-15	1.907238E-16
9.120000E+03	7.805674E-15	1.926153E-16
9.160000E+03	7.566020E-15	1.952288E-16
9.200000E+03	7.325116E-15	1.971958E-16
9.240000E+03	7.045599E-15	1.974648E-16
9.280000E+03	6.723957E-15	1.958088E-16
9.320000E+03	6.376639E-15	1.925930E-16
9.360000E+03	6.028317E-15	1.885149E-16
9.400000E+03	5.708749E-15	1.845441E-16
9.440000E+03	5.437610E-15	1.814389E-16
9.480000E+03	5.225049E-15	1.797093E-16
9.520000E+03	5.079036E-15	1.798255E-16
9.560000E+03	5.000285E-15	1.820206E-16
9.600000E+03	4.969040E-15	1.857600E-16
9.640000E+03	4.957081E-15	1.901018E-16
9.680000E+03	4.946236E-15	1.943878E-16
9.720000E+03	4.928144E-15	1.982849E-16
9.760000E+03	4.901175E-15	2.017063E-16
9.800000E+03	4.868327E-15	2.047547E-16
9.840000E+03	4.834544E-15	2.076281E-16
9.880000E+03	4.805845E-15	2.105894E-16
9.920000E+03	4.786685E-15	2.138525E-16
9.960000E+03	4.779247E-15	2.175425E-16
1.000000E+04	4.783118E-15	2.216705E-16
1.004000E+04	4.795766E-15	2.261454E-16
1.008000E+04	4.813594E-15	2.308161E-16
1.012000E+04	4.833454E-15	2.355411E-16
1.016000E+04	4.851987E-15	2.401587E-16
1.020000E+04	4.867615E-15	2.445863E-16
1.024000E+04	4.879600E-15	2.487798E-16
1.028000E+04	4.886307E-15	2.526468E-16
1.032000E+04	4.888967E-15	2.562409E-16
