#wls	flux	fluxerr
1.600000E+03	1.305820E-14	4.788000E-16
1.640000E+03	1.086803E-14	3.869344E-16
1.680000E+03	8.938332E-15	3.086382E-16
1.720000E+03	7.259470E-15	2.428125E-16
1.760000E+03	5.818990E-15	1.882900E-16
1.800000E+03	4.601481E-15	1.438485E-16
1.840000E+03	3.587404E-15	1.081940E-16
1.880000E+03	2.757514E-15	8.011540E-17
1.920000E+03	2.090392E-15	5.841642E-17
1.960000E+03	1.564563E-15	4.198721E-17
2.000000E+03	1.159100E-15	2.982263E-17
2.040000E+03	8.546586E-16	2.104668E-17
2.080000E+03	6.332253E-16	1.489929E-17
2.120000E+03	4.792380E-16	1.075526E-17
2.160000E+03	3.778209E-16	8.073658E-18
2.200000E+03	3.178760E-16	6.457063E-18
2.240000E+03	2.922028E-16	5.633550E-18
2.280000E+03	2.987177E-16	5.458713E-18
2.320000E+03	3.414070E-16	5.907071E-18
2.360000E+03	4.331504E-16	7.091433E-18
2.400000E+03	6.014048E-16	9.316275E-18
2.440000E+03	8.968125E-16	1.315495E-17
2.480000E+03	1.406032E-15	1.956471E-17
2.520000E+03	2.265891E-15	3.000091E-17
2.560000E+03	3.670330E-15	4.644556E-17
2.600000E+03	5.849832E-15	7.115764E-17
2.640000E+03	9.021214E-15	1.062081E-16
2.680000E+03	1.330872E-14	1.527103E-16
2.720000E+03	1.868949E-14	2.103607E-16
2.760000E+03	2.495756E-14	2.771071E-16
2.800000E+03	3.172428E-14	3.490906E-16
2.840000E+03	3.848481E-14	4.212317E-16
2.880000E+03	4.472313E-14	4.882283E-16
2.920000E+03	5.001218E-14	5.455632E-16
2.960000E+03	5.409567E-14	5.904024E-16
3.000000E+03	5.690379E-14	6.218367E-16
3.010000E+03	5.741722E-14	6.276970E-16
3.020000E+03	5.785910E-14	6.327955E-16
3.030000E+03	5.823279E-14	6.371668E-16
3.040000E+03	5.854466E-14	6.408787E-16
3.050000E+03	5.879745E-14	6.439596E-16
3.060000E+03	5.899549E-14	6.464557E-16
3.070000E+03	5.914461E-14	6.484299E-16
3.080000E+03	5.924830E-14	6.499198E-16
3.090000E+03	5.931147E-14	6.509790E-16
3.100000E+03	5.934156E-14	6.516891E-16
3.110000E+03	5.934113E-14	6.520786E-16
3.120000E+03	5.931645E-14	6.522169E-16
3.130000E+03	5.927137E-14	6.521473E-16
3.140000E+03	5.921451E-14	6.519655E-16
3.150000E+03	5.914739E-14	6.516856E-16
3.160000E+03	5.907625E-14	6.513717E-16
3.170000E+03	5.900718E-14	6.510866E-16
3.180000E+03	5.894506E-14	6.508803E-16
3.190000E+03	5.889254E-14	6.507781E-16
3.200000E+03	5.885768E-14	6.508660E-16
3.210000E+03	5.884306E-14	6.511691E-16
3.220000E+03	5.885445E-14	6.517489E-16
3.230000E+03	5.889552E-14	6.526433E-16
3.240000E+03	5.897204E-14	6.539144E-16
3.250000E+03	5.908877E-14	6.556128E-16
3.260000E+03	5.925054E-14	6.577905E-16
3.270000E+03	5.946131E-14	6.604900E-16
3.280000E+03	5.972718E-14	6.637775E-16
3.290000E+03	6.005342E-14	6.677106E-16
3.300000E+03	6.044455E-14	6.723382E-16
3.310000E+03	6.090732E-14	6.777343E-16
3.320000E+03	6.144683E-14	6.839547E-16
3.330000E+03	6.207052E-14	6.910810E-16
3.340000E+03	6.278432E-14	6.991782E-16
3.350000E+03	6.359572E-14	7.083283E-16
3.360000E+03	6.451292E-14	7.186216E-16
3.370000E+03	6.554516E-14	7.301592E-16
3.380000E+03	6.670292E-14	7.430562E-16
3.390000E+03	6.799736E-14	7.574350E-16
3.400000E+03	6.944345E-14	7.734601E-16
3.406318E+03	8.274928E-14	9.215724E-16
3.409164E+03	8.335290E-14	9.282487E-16
3.412010E+03	8.401696E-14	9.355934E-16
3.414856E+03	8.475354E-14	9.437409E-16
3.417702E+03	8.560551E-14	9.531682E-16
3.420549E+03	8.649886E-14	9.630511E-16
3.423395E+03	8.746087E-14	9.736931E-16
3.426241E+03	8.841228E-14	9.842115E-16
3.429087E+03	8.940750E-14	9.952119E-16
3.431933E+03	9.038485E-14	1.006008E-15
3.434780E+03	9.138257E-14	1.017024E-15
3.437626E+03	9.236674E-14	1.027884E-15
3.440472E+03	9.333546E-14	1.038566E-15
3.443318E+03	9.429775E-14	1.049170E-15
3.446164E+03	9.518894E-14	1.058977E-15
3.449010E+03	9.607323E-14	1.068701E-15
3.451857E+03	9.700618E-14	1.078960E-15
3.454703E+03	9.800656E-14	1.089962E-15
3.457549E+03	9.894449E-14	1.100264E-15
3.460395E+03	9.995014E-14	1.111312E-15
3.463242E+03	1.008276E-13	1.120927E-15
3.466088E+03	1.017163E-13	1.130662E-15
3.468934E+03	1.024755E-13	1.138951E-15
3.471780E+03	1.032456E-13	1.147354E-15
3.474626E+03	1.039604E-13	1.155137E-15
3.477472E+03	1.046292E-13	1.162402E-15
3.480319E+03	1.051756E-13	1.168301E-15
3.483165E+03	1.056939E-13	1.173883E-15
3.486011E+03	1.061648E-13	1.178933E-15
3.488857E+03	1.065211E-13	1.182706E-15
3.491703E+03	1.068675E-13	1.186363E-15
3.494550E+03	1.070983E-13	1.188732E-15
3.497396E+03	1.072992E-13	1.190765E-15
3.500242E+03	1.074412E-13	1.192140E-15
3.503088E+03	1.075432E-13	1.193067E-15
3.505934E+03	1.076146E-13	1.193650E-15
3.508780E+03	1.076748E-13	1.194105E-15
3.511627E+03	1.077623E-13	1.194859E-15
3.514473E+03	1.079261E-13	1.196452E-15
3.517319E+03	1.082252E-13	1.199541E-15
3.520165E+03	1.086017E-13	1.203481E-15
3.523012E+03	1.089486E-13	1.207086E-15
3.525858E+03	1.094027E-13	1.211872E-15
3.528704E+03	1.099257E-13	1.217414E-15
3.531550E+03	1.106457E-13	1.225128E-15
3.534396E+03	1.115247E-13	1.234592E-15
3.537242E+03	1.124744E-13	1.244829E-15
3.540089E+03	1.135052E-13	1.255952E-15
3.542935E+03	1.146770E-13	1.268623E-15
3.545781E+03	1.159709E-13	1.282629E-15
3.548627E+03	1.173175E-13	1.297205E-15
3.551473E+03	1.186074E-13	1.311138E-15
3.554320E+03	1.198304E-13	1.324316E-15
3.557166E+03	1.210458E-13	1.337395E-15
3.560012E+03	1.221936E-13	1.349711E-15
3.562858E+03	1.231927E-13	1.360370E-15
3.565704E+03	1.239820E-13	1.368696E-15
3.568550E+03	1.245704E-13	1.374791E-15
3.571397E+03	1.249366E-13	1.378419E-15
3.574243E+03	1.251197E-13	1.380015E-15
3.577089E+03	1.250884E-13	1.379237E-15
3.579935E+03	1.247806E-13	1.375399E-15
3.582782E+03	1.241644E-13	1.368155E-15
3.585628E+03	1.233605E-13	1.358836E-15
3.588474E+03	1.222758E-13	1.346421E-15
3.591320E+03	1.209400E-13	1.331238E-15
3.594166E+03	1.192697E-13	1.312374E-15
3.597013E+03	1.173045E-13	1.290267E-15
3.599859E+03	1.149913E-13	1.264340E-15
3.602705E+03	1.125346E-13	1.236844E-15
3.605551E+03	1.097584E-13	1.205847E-15
3.608398E+03	1.067957E-13	1.172816E-15
3.611244E+03	1.036353E-13	1.137631E-15
3.614090E+03	1.003449E-13	1.101036E-15
3.616936E+03	9.691249E-14	1.062906E-15
3.619782E+03	9.330846E-14	1.022917E-15
3.622628E+03	8.959574E-14	9.817624E-16
3.625475E+03	8.574267E-14	9.390984E-16
3.628321E+03	8.185114E-14	8.960439E-16
3.631167E+03	7.794844E-14	8.528992E-16
3.634013E+03	7.400947E-14	8.093914E-16
3.636859E+03	7.006577E-14	7.658669E-16
3.639706E+03	6.618589E-14	7.230760E-16
3.642552E+03	6.237972E-14	6.811271E-16
3.645398E+03	5.873959E-14	6.410277E-16
3.648244E+03	5.530232E-14	6.031778E-16
3.651090E+03	5.208168E-14	5.677247E-16
3.653936E+03	4.909889E-14	5.348970E-16
3.656783E+03	4.624688E-14	5.035251E-16
3.659629E+03	4.365385E-14	4.750028E-16
3.662475E+03	4.118798E-14	4.478923E-16
3.665321E+03	3.905035E-14	4.243773E-16
3.668168E+03	3.711969E-14	4.031344E-16
3.671014E+03	3.558294E-14	3.861893E-16
3.673860E+03	3.425876E-14	3.715671E-16
3.676706E+03	3.321136E-14	3.599595E-16
3.679552E+03	3.231309E-14	3.499783E-16
3.682398E+03	3.176240E-14	3.437682E-16
3.685245E+03	3.143157E-14	3.399400E-16
3.688091E+03	3.133980E-14	3.386961E-16
3.690937E+03	3.154419E-14	3.406476E-16
3.693783E+03	3.195512E-14	3.448197E-16
3.696629E+03	3.270650E-14	3.526512E-16
3.699476E+03	3.368045E-14	3.628628E-16
3.702322E+03	3.491575E-14	3.758660E-16
3.705168E+03	3.639164E-14	3.914301E-16
3.708014E+03	3.808941E-14	4.093467E-16
3.710860E+03	3.990528E-14	4.284947E-16
3.713706E+03	4.187672E-14	4.492719E-16
3.716553E+03	4.390597E-14	4.706251E-16
3.719399E+03	4.599533E-14	4.925765E-16
3.722245E+03	4.811326E-14	5.147857E-16
3.725091E+03	5.028275E-14	5.374968E-16
3.727938E+03	5.259277E-14	5.616570E-16
3.730784E+03	5.497565E-14	5.865392E-16
3.733630E+03	5.744475E-14	6.122824E-16
3.736476E+03	5.993864E-14	6.382284E-16
3.739322E+03	6.248487E-14	6.646684E-16
3.742169E+03	6.498865E-14	6.905918E-16
3.745015E+03	6.743649E-14	7.158560E-16
3.747861E+03	6.987787E-14	7.409864E-16
3.750707E+03	7.226400E-14	7.654647E-16
3.753553E+03	7.453034E-14	7.886090E-16
3.756399E+03	7.670637E-14	8.107338E-16
3.759246E+03	7.874175E-14	8.313095E-16
3.762092E+03	8.060151E-14	8.499717E-16
3.764938E+03	8.226613E-14	8.665200E-16
3.767784E+03	8.380732E-14	8.817153E-16
3.770630E+03	8.515554E-14	8.948304E-16
3.773477E+03	8.628896E-14	9.056425E-16
3.776323E+03	8.727055E-14	9.148200E-16
3.779169E+03	8.814570E-14	9.228430E-16
3.782015E+03	8.887599E-14	9.293137E-16
3.784861E+03	8.949123E-14	9.345485E-16
3.787707E+03	9.007743E-14	9.394490E-16
3.790554E+03	9.055368E-14	9.431727E-16
3.793400E+03	9.095221E-14	9.460600E-16
3.796246E+03	9.134367E-14	9.488474E-16
3.799092E+03	9.176516E-14	9.519198E-16
3.801939E+03	9.228549E-14	9.559881E-16
3.804785E+03	9.287784E-14	9.607711E-16
3.807631E+03	9.350851E-14	9.659171E-16
3.810477E+03	9.418663E-14	9.715180E-16
3.813323E+03	9.504458E-14	9.789347E-16
3.816169E+03	9.602622E-14	9.875816E-16
3.819016E+03	9.718958E-14	9.980478E-16
3.821862E+03	9.849541E-14	1.009923E-15
3.824708E+03	9.990658E-14	1.022819E-15
3.827554E+03	1.014914E-13	1.037428E-15
3.830400E+03	1.032389E-13	1.053630E-15
3.833247E+03	1.050539E-13	1.070445E-15
3.836093E+03	1.070059E-13	1.088577E-15
3.838939E+03	1.091384E-13	1.108461E-15
3.841785E+03	1.113549E-13	1.129106E-15
3.844631E+03	1.136440E-13	1.150395E-15
3.847477E+03	1.160014E-13	1.172275E-15
3.850324E+03	1.184135E-13	1.194607E-15
3.853170E+03	1.208503E-13	1.217085E-15
3.856016E+03	1.232436E-13	1.239019E-15
3.858862E+03	1.256385E-13	1.260866E-15
3.861709E+03	1.280812E-13	1.283085E-15
3.864555E+03	1.305372E-13	1.305327E-15
3.867401E+03	1.328916E-13	1.326446E-15
3.870247E+03	1.351442E-13	1.346443E-15
3.873093E+03	1.372491E-13	1.364865E-15
3.875939E+03	1.392285E-13	1.381942E-15
3.878786E+03	1.410364E-13	1.397221E-15
3.881632E+03	1.427874E-13	1.411848E-15
3.884478E+03	1.444121E-13	1.425139E-15
3.887324E+03	1.460487E-13	1.438462E-15
3.890170E+03	1.476509E-13	1.451359E-15
3.893017E+03	1.492072E-13	1.463720E-15
3.895863E+03	1.506828E-13	1.475206E-15
3.898709E+03	1.520775E-13	1.485821E-15
3.901555E+03	1.533680E-13	1.495341E-15
3.904401E+03	1.544964E-13	1.503207E-15
3.907248E+03	1.553931E-13	1.508755E-15
3.910094E+03	1.560808E-13	1.512217E-15
3.912940E+03	1.566287E-13	1.514277E-15
3.915786E+03	1.569438E-13	1.514046E-15
3.918632E+03	1.571301E-13	1.512538E-15
3.921479E+03	1.571180E-13	1.509093E-15
3.924325E+03	1.570694E-13	1.505277E-15
3.927171E+03	1.569261E-13	1.500537E-15
3.930017E+03	1.567116E-13	1.495100E-15
3.932863E+03	1.564603E-13	1.489301E-15
3.935709E+03	1.561722E-13	1.483142E-15
3.938556E+03	1.558474E-13	1.476626E-15
3.941402E+03	1.555090E-13	1.469976E-15
3.944248E+03	1.551687E-13	1.463303E-15
3.947094E+03	1.548380E-13	1.456715E-15
3.949940E+03	1.544822E-13	1.449886E-15
3.952787E+03	1.540779E-13	1.442599E-15
3.955633E+03	1.537182E-13	1.435728E-15
3.958479E+03	1.533101E-13	1.428405E-15
3.961325E+03	1.529117E-13	1.421172E-15
3.964172E+03	1.524648E-13	1.413488E-15
3.967018E+03	1.519810E-13	1.405468E-15
3.969864E+03	1.515070E-13	1.397543E-15
3.972710E+03	1.510079E-13	1.389392E-15
3.975556E+03	1.506116E-13	1.382192E-15
3.978403E+03	1.502835E-13	1.375617E-15
3.981249E+03	1.500237E-13	1.369667E-15
3.984095E+03	1.498903E-13	1.364866E-15
3.986941E+03	1.498254E-13	1.360677E-15
3.989787E+03	1.498986E-13	1.357729E-15
3.992633E+03	1.502155E-13	1.356963E-15
3.995480E+03	1.507641E-13	1.358255E-15
3.998326E+03	1.515215E-13	1.361384E-15
4.001172E+03	1.524992E-13	1.366437E-15
4.004018E+03	1.536156E-13	1.372669E-15
4.006865E+03	1.549057E-13	1.380380E-15
4.009711E+03	1.563580E-13	1.389458E-15
4.012557E+03	1.580191E-13	1.400303E-15
4.015403E+03	1.597488E-13	1.411661E-15
4.018249E+03	1.616288E-13	1.424246E-15
4.021095E+03	1.635308E-13	1.436920E-15
4.023942E+03	1.654660E-13	1.449779E-15
4.026788E+03	1.674583E-13	1.463030E-15
4.029634E+03	1.694136E-13	1.475851E-15
4.032480E+03	1.713088E-13	1.488043E-15
4.035326E+03	1.731320E-13	1.499507E-15
4.038173E+03	1.749299E-13	1.510651E-15
4.041019E+03	1.764689E-13	1.519469E-15
4.043865E+03	1.778188E-13	1.526581E-15
4.046711E+03	1.790150E-13	1.532302E-15
4.049557E+03	1.799286E-13	1.535545E-15
4.052404E+03	1.805948E-13	1.536631E-15
4.055250E+03	1.810137E-13	1.535583E-15
4.058096E+03	1.811852E-13	1.532419E-15
4.060942E+03	1.810979E-13	1.527061E-15
4.063788E+03	1.807048E-13	1.519136E-15
4.066635E+03	1.799479E-13	1.508180E-15
4.069481E+03	1.789442E-13	1.495202E-15
4.072327E+03	1.776701E-13	1.480025E-15
4.075173E+03	1.761845E-13	1.463158E-15
4.078019E+03	1.745223E-13	1.444907E-15
4.080865E+03	1.726954E-13	1.425385E-15
4.083712E+03	1.707972E-13	1.405373E-15
4.086558E+03	1.688746E-13	1.385263E-15
4.089404E+03	1.668459E-13	1.364390E-15
4.092250E+03	1.647928E-13	1.343428E-15
4.095096E+03	1.627040E-13	1.322287E-15
4.097942E+03	1.606725E-13	1.301724E-15
4.100789E+03	1.585820E-13	1.280795E-15
4.103635E+03	1.565257E-13	1.260258E-15
4.106481E+03	1.545270E-13	1.240296E-15
4.109327E+03	1.526091E-13	1.221093E-15
4.112173E+03	1.507721E-13	1.202643E-15
4.115020E+03	1.490043E-13	1.184846E-15
4.117866E+03	1.473174E-13	1.167793E-15
4.120712E+03	1.457229E-13	1.151567E-15
4.123558E+03	1.442556E-13	1.136438E-15
4.126404E+03	1.428690E-13	1.122029E-15
4.129251E+03	1.416096E-13	1.108699E-15
4.132097E+03	1.404655E-13	1.096349E-15
4.134943E+03	1.394020E-13	1.084699E-15
4.137790E+03	1.384422E-13	1.073923E-15
4.140636E+03	1.375279E-13	1.063565E-15
4.143482E+03	1.366707E-13	1.053710E-15
4.146328E+03	1.358591E-13	1.044269E-15
4.149174E+03	1.350929E-13	1.035235E-15
4.152020E+03	1.343837E-13	1.026695E-15
4.154867E+03	1.336736E-13	1.018203E-15
4.157713E+03	1.329279E-13	1.009500E-15
4.160559E+03	1.321469E-13	1.000588E-15
4.163405E+03	1.312726E-13	9.910328E-16
4.166252E+03	1.303860E-13	9.814507E-16
4.169098E+03	1.294760E-13	9.717601E-16
4.171944E+03	1.284499E-13	9.612696E-16
4.174790E+03	1.273773E-13	9.505056E-16
4.177636E+03	1.262699E-13	9.395587E-16
4.180482E+03	1.250471E-13	9.278326E-16
4.183329E+03	1.238012E-13	9.160172E-16
4.186175E+03	1.224518E-13	9.035228E-16
4.189021E+03	1.211600E-13	8.915404E-16
4.191867E+03	1.197994E-13	8.791376E-16
4.194713E+03	1.183588E-13	8.662373E-16
4.197560E+03	1.168841E-13	8.531777E-16
4.200406E+03	1.153640E-13	8.398807E-16
4.203252E+03	1.137655E-13	8.261068E-16
4.206098E+03	1.121116E-13	8.120273E-16
4.208944E+03	1.103878E-13	7.975390E-16
4.211791E+03	1.086249E-13	7.828670E-16
4.214637E+03	1.067911E-13	7.677855E-16
4.217483E+03	1.049884E-13	7.530270E-16
4.220329E+03	1.031470E-13	7.380907E-16
4.223175E+03	1.013470E-13	7.235483E-16
4.226021E+03	9.954165E-14	7.090635E-16
4.228868E+03	9.776507E-14	6.948780E-16
4.231714E+03	9.603442E-14	6.811117E-16
4.234560E+03	9.438827E-14	6.680336E-16
4.237406E+03	9.277311E-14	6.552610E-16
4.240252E+03	9.116393E-14	6.426147E-16
4.243099E+03	8.969229E-14	6.310187E-16
4.245945E+03	8.829678E-14	6.200357E-16
4.248791E+03	8.699083E-14	6.097552E-16
4.251637E+03	8.574483E-14	5.999656E-16
4.254483E+03	8.458579E-14	5.908525E-16
4.257330E+03	8.351013E-14	5.823864E-16
4.260176E+03	8.253350E-14	5.746733E-16
4.263022E+03	8.160605E-14	5.673623E-16
4.265868E+03	8.074683E-14	5.605835E-16
4.268714E+03	7.998155E-14	5.545122E-16
4.271561E+03	7.927511E-14	5.489021E-16
4.274407E+03	7.868132E-14	5.441237E-16
4.277253E+03	7.813591E-14	5.397297E-16
4.280099E+03	7.766117E-14	5.358722E-16
4.282945E+03	7.728826E-14	5.327644E-16
4.285792E+03	7.698219E-14	5.301629E-16
4.288638E+03	7.677076E-14	5.282580E-16
4.291484E+03	7.666036E-14	5.270917E-16
4.294330E+03	7.659826E-14	5.263005E-16
4.297176E+03	7.665004E-14	5.263339E-16
4.300023E+03	7.678303E-14	5.269664E-16
4.302869E+03	7.705706E-14	5.286079E-16
4.305715E+03	7.739610E-14	5.307356E-16
4.308561E+03	7.783767E-14	5.336061E-16
4.311407E+03	7.839800E-14	5.373306E-16
4.314253E+03	7.904238E-14	5.416709E-16
4.317100E+03	7.976490E-14	5.465868E-16
4.319946E+03	8.060291E-14	5.523349E-16
4.322792E+03	8.152504E-14	5.587009E-16
4.325638E+03	8.248803E-14	5.653894E-16
4.328484E+03	8.351813E-14	5.725812E-16
4.331331E+03	8.456447E-14	5.799291E-16
4.334177E+03	8.561608E-14	5.873585E-16
4.337023E+03	8.666193E-14	5.947947E-16
4.339869E+03	8.771187E-14	6.023063E-16
4.342715E+03	8.873087E-14	6.096534E-16
4.345561E+03	8.971684E-14	6.168221E-16
4.348408E+03	9.064148E-14	6.236181E-16
4.351254E+03	9.152255E-14	6.301629E-16
4.354100E+03	9.234055E-14	6.363221E-16
4.356946E+03	9.309575E-14	6.420969E-16
4.359792E+03	9.381659E-14	6.476828E-16
4.362639E+03	9.449234E-14	6.530051E-16
4.365485E+03	9.509726E-14	6.578848E-16
4.368331E+03	9.565863E-14	6.625092E-16
4.371177E+03	9.613237E-14	6.665717E-16
4.374023E+03	9.656088E-14	6.703643E-16
4.376870E+03	9.693679E-14	6.738346E-16
4.379716E+03	9.724643E-14	6.768850E-16
4.382562E+03	9.755770E-14	6.799871E-16
4.385408E+03	9.781912E-14	6.827809E-16
4.388254E+03	9.809737E-14	6.857307E-16
4.391101E+03	9.831635E-14	6.883040E-16
4.393947E+03	9.854055E-14	6.909499E-16
4.396793E+03	9.876246E-14	6.936157E-16
4.399639E+03	9.897569E-14	6.962557E-16
4.402485E+03	9.917821E-14	6.988547E-16
4.405332E+03	9.941785E-14	7.017498E-16
4.408178E+03	9.963411E-14	7.045133E-16
4.411024E+03	9.987576E-14	7.074895E-16
4.413870E+03	1.001268E-13	7.105653E-16
4.416716E+03	1.003905E-13	7.137636E-16
4.419562E+03	1.006478E-13	7.169490E-16
4.422409E+03	1.009189E-13	7.202643E-16
4.425255E+03	1.011982E-13	7.236701E-16
4.428101E+03	1.014881E-13	7.271827E-16
4.430947E+03	1.017790E-13	7.307332E-16
4.433793E+03	1.020510E-13	7.341778E-16
4.436640E+03	1.023189E-13	7.376229E-16
4.439486E+03	1.025943E-13	7.411505E-16
4.442332E+03	1.028833E-13	7.448052E-16
4.445178E+03	1.031380E-13	7.482387E-16
4.448024E+03	1.033869E-13	7.516559E-16
4.450871E+03	1.036266E-13	7.550330E-16
4.453717E+03	1.039030E-13	7.587024E-16
4.456563E+03	1.041321E-13	7.620508E-16
4.459409E+03	1.043708E-13	7.654934E-16
4.462255E+03	1.045883E-13	7.688034E-16
4.465102E+03	1.047848E-13	7.719802E-16
4.467948E+03	1.049396E-13	7.748696E-16
4.470794E+03	1.050633E-13	7.775472E-16
4.473640E+03	1.051355E-13	7.798600E-16
4.476486E+03	1.051359E-13	7.816533E-16
4.479333E+03	1.050648E-13	7.829258E-16
4.482179E+03	1.049125E-13	7.835988E-16
4.485025E+03	1.046586E-13	7.835171E-16
4.487871E+03	1.043139E-13	7.827545E-16
4.490717E+03	1.038789E-13	7.813092E-16
4.493564E+03	1.033843E-13	7.794087E-16
4.496410E+03	1.028407E-13	7.771275E-16
4.499256E+03	1.022281E-13	7.743109E-16
4.502102E+03	1.015872E-13	7.712648E-16
4.504948E+03	1.008888E-13	7.677633E-16
4.507794E+03	1.001857E-13	7.642069E-16
4.510641E+03	9.948514E-14	7.606498E-16
4.513487E+03	9.880519E-14	7.572291E-16
4.516333E+03	9.814984E-14	7.539765E-16
4.519179E+03	9.753216E-14	7.509935E-16
4.522025E+03	9.693484E-14	7.481479E-16
4.524872E+03	9.635089E-14	7.453869E-16
4.527718E+03	9.581233E-14	7.429579E-16
4.530564E+03	9.528996E-14	7.406364E-16
4.533410E+03	9.481670E-14	7.386794E-16
4.536256E+03	9.436861E-14	7.369021E-16
4.539102E+03	9.398433E-14	7.356080E-16
4.541949E+03	9.364075E-14	7.346194E-16
4.544795E+03	9.334286E-14	7.339762E-16
4.547641E+03	9.308248E-14	7.336167E-16
4.550487E+03	9.292806E-14	7.340831E-16
4.553333E+03	9.284157E-14	7.350799E-16
4.556180E+03	9.281287E-14	7.365304E-16
4.559026E+03	9.284878E-14	7.384907E-16
4.561872E+03	9.292241E-14	7.407499E-16
4.564718E+03	9.300009E-14	7.430407E-16
4.567564E+03	9.313115E-14	7.457581E-16
4.570411E+03	9.322880E-14	7.482086E-16
4.573257E+03	9.332461E-14	7.506429E-16
4.576103E+03	9.341664E-14	7.530454E-16
4.578949E+03	9.345790E-14	7.550361E-16
4.581795E+03	9.348971E-14	7.569464E-16
4.584642E+03	9.346894E-14	7.584262E-16
4.587488E+03	9.338321E-14	7.593705E-16
4.590334E+03	9.323739E-14	7.598161E-16
4.593180E+03	9.306907E-14	7.600662E-16
4.596026E+03	9.284109E-14	7.598156E-16
4.598873E+03	9.255656E-14	7.590868E-16
4.601719E+03	9.222826E-14	7.579808E-16
4.604565E+03	9.182336E-14	7.562252E-16
4.607411E+03	9.134389E-14	7.538327E-16
4.610257E+03	9.082022E-14	7.510505E-16
4.613104E+03	9.024758E-14	7.478373E-16
4.615950E+03	8.961350E-14	7.440858E-16
4.618796E+03	8.895497E-14	7.401010E-16
4.621642E+03	8.828174E-14	7.359629E-16
4.624488E+03	8.755697E-14	7.313627E-16
4.627334E+03	8.679913E-14	7.264526E-16
4.630181E+03	8.598792E-14	7.210610E-16
4.633027E+03	8.514760E-14	7.153880E-16
4.635873E+03	8.430620E-14	7.096687E-16
4.638719E+03	8.343756E-14	7.036824E-16
4.641565E+03	8.256582E-14	6.976319E-16
4.644412E+03	8.170827E-14	6.916639E-16
4.647258E+03	8.088612E-14	6.859579E-16
4.650104E+03	8.014070E-14	6.808674E-16
4.652950E+03	7.945352E-14	6.762384E-16
4.655796E+03	7.881194E-14	6.719659E-16
4.658643E+03	7.825531E-14	6.683885E-16
4.661489E+03	7.776136E-14	6.653187E-16
4.664335E+03	7.731168E-14	6.626018E-16
4.667181E+03	7.691867E-14	6.603462E-16
4.670027E+03	7.657937E-14	6.585287E-16
4.672873E+03	7.627636E-14	6.570018E-16
4.675720E+03	7.600480E-14	6.557253E-16
4.678566E+03	7.573194E-14	6.544168E-16
4.681412E+03	7.547793E-14	6.532509E-16
4.684258E+03	7.522642E-14	6.520866E-16
4.687105E+03	7.495816E-14	6.507571E-16
4.689951E+03	7.466355E-14	6.491775E-16
4.692797E+03	7.437040E-14	6.475894E-16
4.695643E+03	7.405664E-14	6.458000E-16
4.698489E+03	7.372223E-14	6.438086E-16
4.701335E+03	7.339785E-14	6.418824E-16
4.704182E+03	7.301155E-14	6.393920E-16
4.707028E+03	7.263235E-14	6.369401E-16
4.709874E+03	7.224585E-14	6.344005E-16
4.712720E+03	7.183956E-14	6.316634E-16
4.715566E+03	7.140960E-14	6.286941E-16
4.718413E+03	7.096938E-14	6.256102E-16
4.721259E+03	7.050544E-14	6.222922E-16
4.724105E+03	7.002160E-14	6.187734E-16
4.726951E+03	6.950918E-14	6.149767E-16
4.729797E+03	6.897485E-14	6.109603E-16
4.732644E+03	6.844256E-14	6.069365E-16
4.735490E+03	6.792089E-14	6.029811E-16
4.738336E+03	6.743282E-14	5.992991E-16
4.741182E+03	6.697831E-14	5.958915E-16
4.744028E+03	6.656790E-14	5.928531E-16
4.746874E+03	6.621978E-14	5.903475E-16
4.749721E+03	6.592436E-14	5.882911E-16
4.752567E+03	6.567971E-14	5.866678E-16
4.755413E+03	6.548965E-14	5.855133E-16
4.758259E+03	6.536765E-14	5.849494E-16
4.761105E+03	6.527628E-14	5.846425E-16
4.763952E+03	6.523090E-14	5.847314E-16
4.766798E+03	6.522864E-14	5.851906E-16
4.769644E+03	6.522727E-14	5.856422E-16
4.772490E+03	6.524216E-14	5.862241E-16
4.775336E+03	6.526751E-14	5.868847E-16
4.778183E+03	6.526300E-14	5.872609E-16
4.781029E+03	6.527854E-14	5.878016E-16
4.783875E+03	6.524109E-14	5.878490E-16
4.786721E+03	6.518040E-14	5.876702E-16
4.789567E+03	6.509643E-14	5.872645E-16
4.792414E+03	6.498147E-14	5.865620E-16
4.795260E+03	6.481715E-14	5.853961E-16
4.798106E+03	6.459475E-14	5.836875E-16
4.800952E+03	6.431612E-14	5.814522E-16
4.803798E+03	6.397251E-14	5.786103E-16
4.806645E+03	6.359275E-14	5.754224E-16
4.809491E+03	6.318543E-14	5.719657E-16
4.812337E+03	6.275245E-14	5.682576E-16
4.815183E+03	6.226865E-14	5.640701E-16
4.818029E+03	6.174841E-14	5.595334E-16
4.820876E+03	6.119555E-14	5.546822E-16
4.823722E+03	6.058774E-14	5.493140E-16
4.826568E+03	5.996454E-14	5.437877E-16
4.829414E+03	5.931138E-14	5.379715E-16
4.832260E+03	5.864658E-14	5.320320E-16
4.835106E+03	5.795074E-14	5.257935E-16
4.837953E+03	5.725767E-14	5.195632E-16
4.840799E+03	5.659448E-14	5.135878E-16
4.843645E+03	5.596800E-14	5.079295E-16
4.846491E+03	5.538696E-14	5.026685E-16
4.849337E+03	5.487570E-14	4.980258E-16
4.852184E+03	5.441101E-14	4.937913E-16
4.855030E+03	5.402497E-14	4.902564E-16
4.857876E+03	5.370994E-14	4.873519E-16
4.860722E+03	5.346115E-14	4.850346E-16
4.863568E+03	5.327286E-14	4.832524E-16
4.866415E+03	5.315783E-14	4.821209E-16
4.869261E+03	5.312590E-14	4.817290E-16
4.872107E+03	5.315869E-14	4.819098E-16
4.874954E+03	5.323388E-14	4.824603E-16
4.877800E+03	5.336030E-14	4.834603E-16
4.880646E+03	5.355173E-14	4.850340E-16
4.883492E+03	5.378972E-14	4.870136E-16
4.886338E+03	5.406846E-14	4.893459E-16
4.889185E+03	5.435772E-14	4.917567E-16
4.892031E+03	5.469077E-14	4.945467E-16
4.894877E+03	5.504322E-14	4.974944E-16
4.897723E+03	5.538174E-14	5.002983E-16
4.900569E+03	5.570926E-14	5.029848E-16
4.903416E+03	5.601692E-14	5.054737E-16
4.906262E+03	5.628499E-14	5.075875E-16
4.909108E+03	5.651340E-14	5.093257E-16
4.911954E+03	5.667845E-14	5.104754E-16
4.914800E+03	5.678591E-14	5.110895E-16
4.917646E+03	5.683662E-14	5.111768E-16
4.920493E+03	5.681668E-14	5.106131E-16
4.923339E+03	5.672687E-14	5.094073E-16
4.926185E+03	5.655915E-14	5.074887E-16
4.929031E+03	5.633609E-14	5.050613E-16
4.931877E+03	5.607039E-14	5.022405E-16
4.934724E+03	5.577780E-14	4.991684E-16
4.937570E+03	5.545724E-14	4.958364E-16
4.940416E+03	5.510468E-14	4.922094E-16
4.943262E+03	5.473292E-14	4.884028E-16
4.946108E+03	5.434291E-14	4.844259E-16
4.948955E+03	5.393561E-14	4.802879E-16
4.951801E+03	5.353380E-14	4.761926E-16
4.954647E+03	5.314346E-14	4.721932E-16
4.957493E+03	5.275066E-14	4.681662E-16
4.960339E+03	5.237332E-14	4.642707E-16
4.963186E+03	5.201947E-14	4.605774E-16
4.966032E+03	5.167015E-14	4.569189E-16
4.968878E+03	5.135235E-14	4.535333E-16
4.971724E+03	5.106413E-14	4.504028E-16
4.974570E+03	5.080455E-14	4.475183E-16
4.977417E+03	5.058168E-14	4.449499E-16
4.980263E+03	5.039658E-14	4.427063E-16
4.983109E+03	5.024233E-14	4.407253E-16
4.985955E+03	5.014406E-14	4.392261E-16
4.988801E+03	5.007278E-14	4.379532E-16
4.991648E+03	5.006173E-14	4.371956E-16
4.994494E+03	5.008587E-14	4.367332E-16
4.997340E+03	5.016643E-14	4.367491E-16
5.000186E+03	5.029244E-14	4.371460E-16
5.003032E+03	5.046603E-14	4.379400E-16
5.005878E+03	5.070747E-14	4.393050E-16
5.008725E+03	5.100885E-14	4.411692E-16
5.011571E+03	5.136018E-14	4.434441E-16
5.014417E+03	5.176361E-14	4.461455E-16
5.017263E+03	5.221720E-14	4.492543E-16
5.020109E+03	5.273527E-14	4.528908E-16
5.022956E+03	5.330581E-14	4.569486E-16
5.025802E+03	5.394309E-14	4.615476E-16
5.028648E+03	5.463205E-14	4.665553E-16
5.031494E+03	5.536772E-14	4.719265E-16
5.034340E+03	5.616545E-14	4.777892E-16
5.037186E+03	5.702740E-14	4.841581E-16
5.040033E+03	5.792421E-14	4.907805E-16
5.042879E+03	5.885589E-14	4.976547E-16
5.045725E+03	5.983171E-14	5.048566E-16
5.048571E+03	6.083951E-14	5.122809E-16
5.051417E+03	6.186812E-14	5.198314E-16
5.054264E+03	6.289609E-14	5.273265E-16
5.057110E+03	6.394385E-14	5.349374E-16
5.059956E+03	6.497765E-14	5.423803E-16
5.062802E+03	6.599231E-14	5.496125E-16
5.065648E+03	6.700109E-14	5.567449E-16
5.068495E+03	6.797526E-14	5.635386E-16
5.071341E+03	6.891570E-14	5.700035E-16
5.074187E+03	6.979664E-14	5.759282E-16
5.077033E+03	7.064465E-14	5.815346E-16
5.079879E+03	7.145658E-14	5.867983E-16
5.082726E+03	7.222820E-14	5.916864E-16
5.085572E+03	7.292948E-14	5.959565E-16
5.088418E+03	7.354994E-14	5.995270E-16
5.091264E+03	7.413380E-14	6.027620E-16
5.094110E+03	7.464787E-14	6.053948E-16
5.096957E+03	7.507238E-14	6.072693E-16
5.099803E+03	7.545569E-14	6.087822E-16
5.102649E+03	7.575942E-14	6.096269E-16
5.105495E+03	7.596369E-14	6.096490E-16
5.108341E+03	7.612324E-14	6.092933E-16
5.111188E+03	7.621619E-14	6.083875E-16
5.114034E+03	7.625584E-14	6.070434E-16
5.116880E+03	7.625560E-14	6.053704E-16
5.119726E+03	7.619355E-14	6.031981E-16
5.122572E+03	7.608516E-14	6.006528E-16
5.125418E+03	7.594281E-14	5.978355E-16
5.128265E+03	7.577687E-14	5.948298E-16
5.131111E+03	7.560705E-14	5.917928E-16
5.133957E+03	7.543857E-14	5.887656E-16
5.136803E+03	7.527037E-14	5.857402E-16
5.139649E+03	7.510455E-14	5.827329E-16
5.142496E+03	7.498187E-14	5.800591E-16
5.145342E+03	7.489400E-14	5.776529E-16
5.148188E+03	7.481172E-14	5.752871E-16
5.151034E+03	7.476435E-14	5.731863E-16
5.153880E+03	7.474776E-14	5.713169E-16
5.156727E+03	7.473578E-14	5.694774E-16
5.159573E+03	7.475463E-14	5.678678E-16
5.162419E+03	7.480119E-14	5.664624E-16
5.165265E+03	7.486185E-14	5.651567E-16
5.168111E+03	7.493245E-14	5.639189E-16
5.170958E+03	7.501298E-14	5.627479E-16
5.173804E+03	7.508029E-14	5.614715E-16
5.176650E+03	7.514277E-14	5.601532E-16
5.179496E+03	7.516884E-14	5.585587E-16
5.182342E+03	7.516895E-14	5.567687E-16
5.185189E+03	7.511462E-14	5.545746E-16
5.188035E+03	7.501522E-14	5.520508E-16
5.190881E+03	7.487278E-14	5.492154E-16
5.193727E+03	7.464189E-14	5.457399E-16
5.196573E+03	7.434775E-14	5.418146E-16
5.199419E+03	7.397231E-14	5.373136E-16
5.202266E+03	7.350491E-14	5.321653E-16
5.205112E+03	7.295492E-14	5.264455E-16
5.207958E+03	7.230322E-14	5.200226E-16
5.210804E+03	7.157086E-14	5.130550E-16
5.213650E+03	7.073658E-14	5.053970E-16
5.216497E+03	6.982147E-14	4.972059E-16
5.219343E+03	6.885297E-14	4.886837E-16
5.222189E+03	6.783000E-14	4.798262E-16
5.225035E+03	6.676630E-14	4.707345E-16
5.227881E+03	6.566610E-14	4.614415E-16
5.230727E+03	6.453999E-14	4.520240E-16
5.233574E+03	6.341027E-14	4.426393E-16
5.236420E+03	6.227058E-14	4.332444E-16
5.239266E+03	6.112520E-14	4.238696E-16
5.242112E+03	6.000709E-14	4.147429E-16
5.244958E+03	5.889824E-14	4.057386E-16
5.247805E+03	5.782100E-14	3.970091E-16
5.250651E+03	5.677861E-14	3.885754E-16
5.253497E+03	5.576582E-14	3.803988E-16
5.256343E+03	5.482627E-14	3.727741E-16
5.259189E+03	5.393133E-14	3.655024E-16
5.262036E+03	5.311508E-14	3.588108E-16
5.264882E+03	5.236909E-14	3.526378E-16
5.267728E+03	5.168170E-14	3.469006E-16
5.270574E+03	5.110405E-14	3.419375E-16
5.273420E+03	5.059257E-14	3.374510E-16
5.276267E+03	5.020053E-14	3.337908E-16
5.279113E+03	4.990027E-14	3.307673E-16
5.281959E+03	4.969186E-14	3.283750E-16
5.284805E+03	4.956891E-14	3.265665E-16
5.287651E+03	4.953040E-14	3.253304E-16
5.290498E+03	4.958271E-14	3.247035E-16
5.293344E+03	4.971308E-14	3.245984E-16
5.296190E+03	4.991083E-14	3.249413E-16
5.299036E+03	5.017596E-14	3.257291E-16
5.301882E+03	5.047333E-14	3.267311E-16
5.304729E+03	5.081355E-14	3.280146E-16
5.307575E+03	5.121574E-14	3.297019E-16
5.310421E+03	5.163942E-14	3.315302E-16
5.313267E+03	5.207818E-14	3.334585E-16
5.316113E+03	5.252346E-14	3.354322E-16
5.318959E+03	5.296566E-14	3.373909E-16
5.321806E+03	5.341219E-14	3.393825E-16
5.324652E+03	5.383854E-14	3.412532E-16
5.327498E+03	5.425108E-14	3.430449E-16
5.330344E+03	5.464126E-14	3.447055E-16
5.333190E+03	5.500590E-14	3.462167E-16
5.336037E+03	5.534391E-14	3.475737E-16
5.338883E+03	5.566166E-14	3.488191E-16
5.341729E+03	5.597932E-14	3.500804E-16
5.344575E+03	5.626393E-14	3.511530E-16
5.347421E+03	5.652613E-14	3.521055E-16
5.350268E+03	5.677651E-14	3.530050E-16
5.353114E+03	5.700764E-14	3.538074E-16
5.355960E+03	5.723119E-14	3.545861E-16
5.358806E+03	5.744398E-14	3.553225E-16
5.361652E+03	5.765240E-14	3.560570E-16
5.364498E+03	5.784159E-14	3.566988E-16
5.367345E+03	5.798723E-14	3.570991E-16
5.370191E+03	5.811055E-14	3.573906E-16
5.373037E+03	5.818303E-14	3.573989E-16
5.375883E+03	5.822801E-14	3.572688E-16
5.378730E+03	5.822545E-14	3.568784E-16
5.381576E+03	5.815641E-14	3.561133E-16
5.384422E+03	5.803476E-14	3.550593E-16
5.387268E+03	5.784897E-14	3.536471E-16
5.390114E+03	5.761078E-14	3.519492E-16
5.392960E+03	5.729710E-14	3.498252E-16
5.395807E+03	5.692600E-14	3.473858E-16
5.398653E+03	5.650710E-14	3.446900E-16
5.401499E+03	5.603947E-14	3.417320E-16
5.404345E+03	5.554321E-14	3.386338E-16
5.407191E+03	5.501106E-14	3.353508E-16
5.410038E+03	5.447151E-14	3.320559E-16
5.412884E+03	5.390883E-14	3.286525E-16
5.415730E+03	5.336511E-14	3.253963E-16
5.418576E+03	5.284663E-14	3.223248E-16
5.421422E+03	5.234813E-14	3.194049E-16
5.424269E+03	5.188426E-14	3.167248E-16
5.427115E+03	5.144659E-14	3.142322E-16
5.429961E+03	5.105917E-14	3.120730E-16
5.432807E+03	5.073233E-14	3.103101E-16
5.435653E+03	5.045448E-14	3.088724E-16
5.438499E+03	5.023074E-14	3.077911E-16
5.441346E+03	5.007038E-14	3.071233E-16
5.444192E+03	4.995036E-14	3.067278E-16
5.447038E+03	4.990702E-14	3.068284E-16
5.449884E+03	4.992563E-14	3.073354E-16
5.452730E+03	5.000292E-14	3.082299E-16
5.455577E+03	5.013874E-14	3.095122E-16
5.458423E+03	5.035375E-14	3.113110E-16
5.461269E+03	5.063733E-14	3.135628E-16
5.464115E+03	5.095307E-14	3.160436E-16
5.466961E+03	5.133712E-14	3.189790E-16
5.469808E+03	5.178926E-14	3.223702E-16
5.472654E+03	5.227836E-14	3.260250E-16
5.475500E+03	5.282596E-14	3.300795E-16
5.478346E+03	5.341643E-14	3.344384E-16
5.481192E+03	5.404552E-14	3.390767E-16
5.484039E+03	5.469973E-14	3.439117E-16
5.486885E+03	5.536559E-14	3.488591E-16
5.489731E+03	5.605131E-14	3.539717E-16
5.492577E+03	5.675474E-14	3.592372E-16
5.495423E+03	5.743993E-14	3.644283E-16
5.498270E+03	5.812739E-14	3.696753E-16
5.501116E+03	5.881508E-14	3.749647E-16
5.503962E+03	5.948968E-14	3.802119E-16
5.506808E+03	6.015121E-14	3.854166E-16
5.509654E+03	6.080072E-14	3.905848E-16
5.512501E+03	6.142395E-14	3.956246E-16
5.515347E+03	6.203017E-14	4.005937E-16
5.518193E+03	6.261633E-14	4.054720E-16
5.521039E+03	6.315098E-14	4.100540E-16
5.523885E+03	6.365459E-14	4.144700E-16
5.526731E+03	6.411709E-14	4.186526E-16
5.529578E+03	6.453352E-14	4.225672E-16
5.532424E+03	6.491215E-14	4.262645E-16
5.535270E+03	6.525106E-14	4.297298E-16
5.538116E+03	6.555644E-14	4.330015E-16
5.540962E+03	6.583848E-14	4.361445E-16
5.543809E+03	6.608817E-14	4.390980E-16
5.546655E+03	6.632580E-14	4.419938E-16
5.549501E+03	6.654133E-14	4.447642E-16
5.552347E+03	6.674688E-14	4.474886E-16
5.555193E+03	6.693547E-14	4.501192E-16
5.558040E+03	6.711415E-14	4.527024E-16
5.560886E+03	6.726999E-14	4.551488E-16
5.563732E+03	6.742605E-14	4.576134E-16
5.566578E+03	6.754635E-14	4.598510E-16
5.569424E+03	6.765898E-14	4.620505E-16
5.572270E+03	6.775798E-14	4.641703E-16
5.575117E+03	6.781947E-14	4.660453E-16
5.577963E+03	6.784561E-14	4.676868E-16
5.580809E+03	6.784148E-14	4.691274E-16
5.583655E+03	6.781811E-14	4.704412E-16
5.586502E+03	6.777457E-14	4.716207E-16
5.589348E+03	6.769017E-14	4.725184E-16
5.592194E+03	6.757195E-14	4.731811E-16
5.595041E+03	6.744079E-14	4.737534E-16
5.597887E+03	6.729677E-14	4.742333E-16
5.600733E+03	6.712911E-14	4.745438E-16
5.603579E+03	6.694278E-14	4.747184E-16
5.606425E+03	6.673494E-14	4.747350E-16
5.609271E+03	6.650861E-14	4.746132E-16
5.612118E+03	6.626876E-14	4.743877E-16
5.614964E+03	6.601449E-14	4.740495E-16
5.617810E+03	6.574880E-14	4.736194E-16
5.620656E+03	6.547857E-14	4.731460E-16
5.623502E+03	6.518626E-14	4.725014E-16
5.626349E+03	6.488461E-14	4.717771E-16
5.629195E+03	6.458834E-14	4.710782E-16
5.632041E+03	6.428865E-14	4.703411E-16
5.634887E+03	6.399624E-14	4.696437E-16
5.637733E+03	6.371501E-14	4.690148E-16
5.640580E+03	6.342744E-14	4.683261E-16
5.643426E+03	6.314523E-14	4.676626E-16
5.646272E+03	6.288286E-14	4.671323E-16
5.649118E+03	6.263543E-14	4.666999E-16
5.651964E+03	6.239713E-14	4.663227E-16
5.654811E+03	6.216405E-14	4.659722E-16
5.657657E+03	6.194679E-14	4.657274E-16
5.660503E+03	6.172992E-14	4.654732E-16
5.663349E+03	6.150767E-14	4.651657E-16
5.666195E+03	6.130407E-14	4.649867E-16
5.669042E+03	6.109794E-14	4.647766E-16
5.671888E+03	6.089989E-14	4.646150E-16
5.674734E+03	6.071655E-14	4.645534E-16
5.677580E+03	6.053547E-14	4.644973E-16
5.680426E+03	6.034426E-14	4.643511E-16
5.683273E+03	6.014579E-14	4.641368E-16
5.686119E+03	5.994585E-14	4.638975E-16
5.688965E+03	5.973493E-14	4.635597E-16
5.691811E+03	5.952068E-14	4.631821E-16
5.694657E+03	5.929172E-14	4.626756E-16
5.697503E+03	5.905097E-14	4.620619E-16
5.700350E+03	5.878334E-14	4.612222E-16
5.703196E+03	5.850880E-14	4.603110E-16
5.706042E+03	5.823112E-14	4.593580E-16
5.708888E+03	5.795034E-14	4.583632E-16
5.711734E+03	5.765895E-14	4.572668E-16
5.714581E+03	5.737107E-14	4.561808E-16
5.717427E+03	5.707547E-14	4.550149E-16
5.720273E+03	5.677123E-14	4.537619E-16
5.723119E+03	5.647618E-14	4.525639E-16
5.725965E+03	5.617064E-14	4.512635E-16
5.728811E+03	5.587803E-14	4.500486E-16
5.731658E+03	5.558989E-14	4.488521E-16
5.734504E+03	5.530159E-14	4.476360E-16
5.737350E+03	5.504292E-14	4.466424E-16
5.740196E+03	5.479423E-14	4.457134E-16
5.743042E+03	5.455922E-14	4.448796E-16
5.745889E+03	5.436012E-14	4.443239E-16
5.748735E+03	5.418385E-14	4.439406E-16
5.751581E+03	5.401087E-14	4.435709E-16
5.754427E+03	5.385044E-14	4.432912E-16
5.757273E+03	5.371452E-14	4.432009E-16
5.760120E+03	5.360488E-14	4.433165E-16
5.762966E+03	5.352973E-14	4.437068E-16
5.765812E+03	5.344664E-14	4.440214E-16
5.768658E+03	5.338228E-14	4.444822E-16
5.771504E+03	5.332925E-14	4.450283E-16
5.774351E+03	5.328018E-14	4.455990E-16
5.777197E+03	5.325799E-14	4.463861E-16
5.780043E+03	5.325800E-14	4.473520E-16
5.782889E+03	5.325730E-14	4.483050E-16
5.785735E+03	5.327052E-14	4.493684E-16
5.788582E+03	5.328298E-14	4.504194E-16
5.791428E+03	5.332756E-14	4.517355E-16
5.794274E+03	5.336863E-14	4.530164E-16
5.797120E+03	5.342804E-14	4.544479E-16
5.799966E+03	5.348301E-14	4.558365E-16
5.802812E+03	5.356173E-14	4.574228E-16
5.805659E+03	5.362602E-14	4.588818E-16
5.808505E+03	5.368322E-14	4.602748E-16
5.811351E+03	5.373063E-14	4.615786E-16
5.814197E+03	5.375926E-14	4.627154E-16
5.817043E+03	5.378271E-14	4.638014E-16
5.819890E+03	5.378657E-14	4.647123E-16
5.822736E+03	5.376733E-14	4.654163E-16
5.825582E+03	5.374305E-14	4.660689E-16
5.828428E+03	5.370927E-14	4.666315E-16
5.831274E+03	5.367230E-14	4.671583E-16
5.834121E+03	5.361511E-14	4.675012E-16
5.836967E+03	5.352793E-14	4.675734E-16
5.839813E+03	5.341980E-14	4.674529E-16
5.842659E+03	5.330062E-14	4.672255E-16
5.845505E+03	5.316507E-14	4.668443E-16
5.848352E+03	5.301677E-14	4.663406E-16
5.851198E+03	5.286202E-14	4.657690E-16
5.854044E+03	5.270261E-14	4.651454E-16
5.856890E+03	5.253057E-14	4.643990E-16
5.859736E+03	5.235836E-14	4.636401E-16
5.862583E+03	5.219221E-14	4.629241E-16
5.865429E+03	5.201615E-14	4.621091E-16
5.868275E+03	5.184439E-14	4.613214E-16
5.871121E+03	5.167959E-14	4.605850E-16
5.873967E+03	5.151729E-14	4.598607E-16
5.876814E+03	5.136014E-14	4.591726E-16
5.879660E+03	5.120375E-14	4.584810E-16
5.882506E+03	5.105161E-14	4.578181E-16
5.885352E+03	5.090197E-14	4.571681E-16
5.888198E+03	5.074425E-14	4.564362E-16
5.891044E+03	5.059961E-14	4.558128E-16
5.893891E+03	5.045746E-14	4.552034E-16
5.896737E+03	5.030724E-14	4.545121E-16
5.899583E+03	5.015954E-14	4.538350E-16
5.902429E+03	5.003803E-14	4.533868E-16
5.905275E+03	4.991023E-14	4.528738E-16
5.908122E+03	4.978664E-14	4.523916E-16
5.910968E+03	4.968130E-14	4.520679E-16
5.913814E+03	4.956878E-14	4.516720E-16
5.916660E+03	4.943510E-14	4.510761E-16
5.919506E+03	4.931528E-14	4.505996E-16
5.922352E+03	4.920842E-14	4.502350E-16
5.925199E+03	4.910575E-14	4.499028E-16
5.928045E+03	4.901516E-14	4.496751E-16
5.930891E+03	4.891741E-14	4.493761E-16
5.933737E+03	4.881427E-14	4.490219E-16
5.936583E+03	4.873016E-14	4.488374E-16
5.939430E+03	4.863891E-14	4.485823E-16
5.942276E+03	4.855447E-14	4.483849E-16
5.945122E+03	4.846205E-14	4.481090E-16
5.947968E+03	4.836689E-14	4.478030E-16
5.950814E+03	4.826725E-14	4.474509E-16
5.953661E+03	4.816402E-14	4.470611E-16
5.956507E+03	4.807108E-14	4.467622E-16
5.959353E+03	4.797715E-14	4.464500E-16
5.962199E+03	4.787272E-14	4.460360E-16
5.965045E+03	4.775171E-14	4.454633E-16
5.967892E+03	4.762977E-14	4.448778E-16
5.970738E+03	4.751640E-14	4.443681E-16
5.973584E+03	4.739774E-14	4.438052E-16
5.976430E+03	4.727124E-14	4.431650E-16
5.979276E+03	4.715158E-14	4.425853E-16
5.982123E+03	4.702234E-14	4.419123E-16
5.984969E+03	4.690513E-14	4.413489E-16
5.987815E+03	4.678526E-14	4.407574E-16
5.990661E+03	4.665929E-14	4.401054E-16
5.993507E+03	4.652290E-14	4.393522E-16
5.996354E+03	4.638389E-14	4.385713E-16
5.999200E+03	4.622759E-14	4.376238E-16
6.002046E+03	4.607642E-14	4.367218E-16
6.004892E+03	4.588903E-14	4.354733E-16
6.007738E+03	4.568183E-14	4.340330E-16
6.010584E+03	4.544708E-14	4.323269E-16
6.013431E+03	4.519339E-14	4.304363E-16
6.016277E+03	4.492248E-14	4.283769E-16
6.019123E+03	4.462922E-14	4.260993E-16
6.021969E+03	4.432909E-14	4.237508E-16
6.024815E+03	4.401434E-14	4.212571E-16
6.027662E+03	4.368926E-14	4.186594E-16
6.030508E+03	4.334527E-14	4.158744E-16
6.033354E+03	4.295054E-14	4.125963E-16
6.036200E+03	4.252830E-14	4.090466E-16
6.039046E+03	4.207767E-14	4.052160E-16
6.041893E+03	4.159264E-14	4.010458E-16
6.044739E+03	4.107575E-14	3.965591E-16
6.047585E+03	4.053388E-14	3.918214E-16
6.050431E+03	3.996957E-14	3.868564E-16
6.053277E+03	3.936820E-14	3.815217E-16
6.056123E+03	3.872459E-14	3.757655E-16
6.058970E+03	3.805847E-14	3.697783E-16
6.061816E+03	3.736377E-14	3.634997E-16
6.064662E+03	3.662843E-14	3.568114E-16
6.067508E+03	3.586704E-14	3.498539E-16
6.070355E+03	3.507093E-14	3.425418E-16
6.073201E+03	3.425380E-14	3.350072E-16
6.076047E+03	3.341218E-14	3.272153E-16
6.078893E+03	3.255545E-14	3.192570E-16
6.081739E+03	3.167583E-14	3.110552E-16
6.084585E+03	3.078960E-14	3.027688E-16
6.087432E+03	2.990618E-14	2.944902E-16
6.090278E+03	2.904529E-14	2.864136E-16
6.093124E+03	2.819660E-14	2.784376E-16
6.095970E+03	2.735402E-14	2.705024E-16
6.098816E+03	2.655025E-14	2.629318E-16
6.101663E+03	2.579736E-14	2.558471E-16
6.104509E+03	2.505997E-14	2.488985E-16
6.107355E+03	2.438293E-14	2.425327E-16
6.110201E+03	2.376019E-14	2.366919E-16
6.113047E+03	2.318487E-14	2.313097E-16
6.115894E+03	2.268031E-14	2.266212E-16
6.118740E+03	2.226641E-14	2.228286E-16
6.121586E+03	2.191475E-14	2.196508E-16
6.124432E+03	2.163488E-14	2.171867E-16
6.127278E+03	2.144852E-14	2.156579E-16
6.130124E+03	2.132287E-14	2.147387E-16
6.132971E+03	2.126844E-14	2.145379E-16
6.135817E+03	2.130089E-14	2.152170E-16
6.138663E+03	2.141342E-14	2.167117E-16
6.141509E+03	2.158534E-14	2.188166E-16
6.144355E+03	2.183845E-14	2.217559E-16
6.147202E+03	2.216421E-14	2.254475E-16
6.150048E+03	2.255664E-14	2.298341E-16
6.152894E+03	2.299849E-14	2.347436E-16
6.155740E+03	2.351421E-14	2.404290E-16
6.158586E+03	2.406826E-14	2.465303E-16
6.161433E+03	2.467899E-14	2.532389E-16
6.164279E+03	2.534651E-14	2.605589E-16
6.167125E+03	2.606136E-14	2.683967E-16
6.169971E+03	2.680877E-14	2.766032E-16
6.172817E+03	2.756000E-14	2.848835E-16
6.175664E+03	2.834564E-14	2.935556E-16
6.178510E+03	2.917012E-14	3.026677E-16
6.181356E+03	3.000202E-14	3.118961E-16
6.184202E+03	3.084396E-14	3.212693E-16
6.187048E+03	3.167405E-14	3.305600E-16
6.189895E+03	3.251069E-14	3.399607E-16
6.192741E+03	3.331257E-14	3.490394E-16
6.195587E+03	3.406296E-14	3.576189E-16
6.198433E+03	3.480039E-14	3.661020E-16
6.201279E+03	3.550194E-14	3.742469E-16
6.204126E+03	3.617016E-14	3.820790E-16
6.206972E+03	3.679526E-14	3.894925E-16
6.209818E+03	3.738680E-14	3.965869E-16
6.212664E+03	3.793677E-14	4.032751E-16
6.215510E+03	3.844328E-14	4.095349E-16
6.218356E+03	3.892476E-14	4.155603E-16
6.221203E+03	3.937583E-14	4.212929E-16
6.224049E+03	3.979108E-14	4.266723E-16
6.226895E+03	4.017750E-14	4.317719E-16
6.229741E+03	4.052971E-14	4.365319E-16
6.232587E+03	4.084583E-14	4.409301E-16
6.235434E+03	4.112492E-14	4.449541E-16
6.238280E+03	4.138550E-14	4.488018E-16
6.241126E+03	4.162575E-14	4.524526E-16
6.243972E+03	4.184029E-14	4.558466E-16
6.246818E+03	4.205662E-14	4.592822E-16
6.249665E+03	4.224986E-14	4.624875E-16
6.252511E+03	4.240834E-14	4.653320E-16
6.255357E+03	4.256053E-14	4.681265E-16
6.258203E+03	4.271622E-14	4.709785E-16
6.261049E+03	4.285133E-14	4.736219E-16
6.263895E+03	4.295510E-14	4.759359E-16
6.266742E+03	4.304178E-14	4.780766E-16
6.269588E+03	4.311399E-14	4.800710E-16
6.272434E+03	4.317352E-14	4.819378E-16
6.275280E+03	4.322391E-14	4.837159E-16
6.278127E+03	4.326695E-14	4.854247E-16
6.280973E+03	4.328111E-14	4.868204E-16
6.283819E+03	4.329324E-14	4.882038E-16
6.286665E+03	4.330782E-14	4.896251E-16
6.289511E+03	4.330960E-14	4.909115E-16
6.292357E+03	4.329857E-14	4.920616E-16
6.295204E+03	4.327650E-14	4.930949E-16
6.298050E+03	4.326134E-14	4.942144E-16
6.300896E+03	4.323873E-14	4.952564E-16
6.303742E+03	4.319154E-14	4.960233E-16
6.306588E+03	4.314677E-14	4.968237E-16
6.309435E+03	4.309631E-14	4.975645E-16
6.312281E+03	4.304014E-14	4.982440E-16
6.315127E+03	4.298638E-14	4.989558E-16
6.317973E+03	4.292601E-14	4.995953E-16
6.320819E+03	4.286355E-14	5.002144E-16
6.323666E+03	4.281345E-14	5.009821E-16
6.326512E+03	4.276215E-14	5.017396E-16
6.329358E+03	4.267801E-14	5.021148E-16
6.332205E+03	4.259809E-14	5.025419E-16
6.335051E+03	4.252692E-14	5.030739E-16
6.337897E+03	4.245636E-14	5.036154E-16
6.340743E+03	4.236829E-14	5.039506E-16
6.343589E+03	4.227629E-14	5.042397E-16
6.346436E+03	4.218671E-14	5.045587E-16
6.349282E+03	4.209228E-14	5.048193E-16
6.352128E+03	4.198484E-14	5.049231E-16
6.354974E+03	4.187526E-14	5.050001E-16
6.357820E+03	4.175447E-14	5.049398E-16
6.360667E+03	4.165701E-14	5.051605E-16
6.363513E+03	4.156379E-14	5.054312E-16
6.366359E+03	4.145846E-14	5.055531E-16
6.369205E+03	4.133006E-14	5.053912E-16
6.372051E+03	4.119497E-14	5.051433E-16
6.374898E+03	4.108874E-14	5.052466E-16
6.377744E+03	4.098312E-14	5.053543E-16
6.380590E+03	4.088906E-14	5.056024E-16
6.383436E+03	4.079017E-14	5.057887E-16
6.386282E+03	4.068462E-14	5.058894E-16
6.389128E+03	4.058153E-14	5.060178E-16
6.391975E+03	4.045257E-14	5.058202E-16
6.394821E+03	4.031967E-14	5.055675E-16
6.397667E+03	4.021116E-14	5.056160E-16
6.400513E+03	4.009416E-14	5.055535E-16
6.403359E+03	3.999242E-14	5.056793E-16
6.406206E+03	3.987304E-14	5.055782E-16
6.409052E+03	3.974147E-14	5.053164E-16
6.411898E+03	3.959223E-14	5.048231E-16
6.414744E+03	3.944268E-14	5.043184E-16
6.417590E+03	3.931578E-14	5.040963E-16
6.420436E+03	3.917301E-14	5.036639E-16
6.423283E+03	3.902629E-14	5.031737E-16
6.426129E+03	3.888481E-14	5.027426E-16
6.428975E+03	3.874581E-14	5.023361E-16
6.431821E+03	3.860103E-14	5.018467E-16
6.434667E+03	3.844773E-14	5.012380E-16
6.437514E+03	3.830151E-14	5.007134E-16
6.440360E+03	3.815225E-14	5.001400E-16
6.443206E+03	3.801286E-14	4.996874E-16
6.446052E+03	3.787598E-14	4.992595E-16
6.448898E+03	3.771583E-14	4.985158E-16
6.451745E+03	3.756188E-14	4.978447E-16
6.454591E+03	3.742425E-14	4.973803E-16
6.457437E+03	3.728544E-14	4.968916E-16
6.460283E+03	3.713351E-14	4.962185E-16
6.463129E+03	3.696751E-14	4.953471E-16
6.465976E+03	3.681877E-14	4.946971E-16
6.468822E+03	3.666795E-14	4.940086E-16
6.471668E+03	3.651136E-14	4.932321E-16
6.474514E+03	3.635730E-14	4.924792E-16
6.477360E+03	3.619377E-14	4.915871E-16
6.480207E+03	3.602818E-14	4.906560E-16
6.483053E+03	3.587711E-14	4.899112E-16
6.485899E+03	3.572398E-14	4.891274E-16
6.488745E+03	3.556416E-14	4.882410E-16
6.491591E+03	3.539858E-14	4.872637E-16
6.494438E+03	3.523647E-14	4.863230E-16
6.497284E+03	3.508060E-14	4.854564E-16
6.500130E+03	3.491806E-14	4.844857E-16
6.502976E+03	3.474235E-14	4.833199E-16
6.505822E+03	3.457197E-14	4.822154E-16
6.508668E+03	3.440417E-14	4.811342E-16
6.511515E+03	3.423522E-14	4.800249E-16
6.514361E+03	3.406237E-14	4.788475E-16
6.517207E+03	3.390597E-14	4.778889E-16
6.520053E+03	3.374569E-14	4.768635E-16
6.522899E+03	3.358150E-14	4.757704E-16
6.525746E+03	3.341712E-14	4.746624E-16
6.528592E+03	3.325161E-14	4.735252E-16
6.531438E+03	3.309333E-14	4.724784E-16
6.534284E+03	3.293488E-14	4.714167E-16
6.537130E+03	3.277994E-14	4.703930E-16
6.539977E+03	3.262206E-14	4.693150E-16
6.542823E+03	3.247327E-14	4.683553E-16
6.545669E+03	3.234285E-14	4.676494E-16
6.548515E+03	3.218909E-14	4.665944E-16
6.551361E+03	3.203422E-14	4.655110E-16
6.554208E+03	3.188755E-14	4.645350E-16
6.557054E+03	3.175371E-14	4.637341E-16
6.559900E+03	3.162714E-14	4.630285E-16
6.562746E+03	3.149949E-14	4.622967E-16
6.565592E+03	3.136891E-14	4.615109E-16
6.568439E+03	3.124097E-14	4.607537E-16
6.571285E+03	3.111753E-14	4.600516E-16
6.574131E+03	3.100324E-14	4.594749E-16
6.576977E+03	3.090276E-14	4.590934E-16
6.579823E+03	3.080680E-14	4.587703E-16
6.582669E+03	3.069768E-14	4.582422E-16
6.585516E+03	3.058658E-14	4.576752E-16
6.588362E+03	3.048557E-14	4.572494E-16
6.591208E+03	3.037048E-14	4.566028E-16
6.594054E+03	3.027108E-14	4.561827E-16
6.596900E+03	3.017156E-14	4.557517E-16
6.599747E+03	3.007099E-14	4.552961E-16
6.602593E+03	2.996936E-14	4.548149E-16
6.605439E+03	2.985924E-14	4.541953E-16
6.608285E+03	2.974992E-14	4.535781E-16
6.611131E+03	2.963863E-14	4.529208E-16
6.613977E+03	2.955051E-14	4.526084E-16
6.616824E+03	2.945762E-14	4.522147E-16
6.619670E+03	2.935809E-14	4.517099E-16
6.622516E+03	2.926404E-14	4.512802E-16
6.625362E+03	2.917641E-14	4.509409E-16
6.628208E+03	2.908868E-14	4.505915E-16
6.631055E+03	2.899338E-14	4.501167E-16
6.633901E+03	2.889891E-14	4.496453E-16
6.636747E+03	2.880807E-14	4.492214E-16
6.639593E+03	2.873111E-14	4.490057E-16
6.642439E+03	2.865218E-14	4.487514E-16
6.645286E+03	2.855638E-14	4.482247E-16
6.648132E+03	2.846887E-14	4.478189E-16
6.650978E+03	2.838221E-14	4.474178E-16
6.653824E+03	2.830011E-14	4.470804E-16
6.656670E+03	2.821699E-14	4.467185E-16
6.659517E+03	2.812164E-14	4.461547E-16
6.662363E+03	2.802529E-14	4.455653E-16
6.665209E+03	2.793350E-14	4.450395E-16
6.668055E+03	2.783882E-14	4.444586E-16
6.670901E+03	2.774220E-14	4.438375E-16
6.673748E+03	2.765015E-14	4.432807E-16
6.676594E+03	2.755149E-14	4.426085E-16
6.679440E+03	2.744994E-14	4.418803E-16
6.682286E+03	2.735858E-14	4.413069E-16
6.685132E+03	2.726060E-14	4.406176E-16
6.687979E+03	2.715415E-14	4.397820E-16
6.690825E+03	2.704109E-14	4.388290E-16
6.693671E+03	2.693822E-14	4.380313E-16
6.696517E+03	2.682873E-14	4.371161E-16
6.699363E+03	2.672476E-14	4.362811E-16
6.702209E+03	2.660861E-14	4.352369E-16
6.705056E+03	2.649517E-14	4.342271E-16
6.707902E+03	2.637886E-14	4.331594E-16
6.710748E+03	2.626902E-14	4.321877E-16
6.713594E+03	2.614884E-14	4.310356E-16
6.716440E+03	2.604258E-14	4.301027E-16
6.719287E+03	2.593253E-14	4.290975E-16
6.722133E+03	2.583640E-14	4.283128E-16
6.724979E+03	2.573742E-14	4.274716E-16
6.727825E+03	2.563370E-14	4.265422E-16
6.730671E+03	2.552712E-14	4.255556E-16
6.733518E+03	2.541863E-14	4.245275E-16
6.736364E+03	2.532312E-14	4.237065E-16
6.739210E+03	2.523596E-14	4.230164E-16
6.742056E+03	2.515433E-14	4.224108E-16
6.744902E+03	2.507265E-14	4.217960E-16
6.747748E+03	2.498158E-14	4.210148E-16
6.750595E+03	2.489419E-14	4.202874E-16
6.753441E+03	2.481701E-14	4.197238E-16
6.756287E+03	2.473698E-14	4.191039E-16
6.759133E+03	2.465688E-14	4.184751E-16
6.761980E+03	2.457582E-14	4.178219E-16
6.764826E+03	2.450122E-14	4.172706E-16
6.767672E+03	2.443124E-14	4.167904E-16
6.770518E+03	2.435841E-14	4.162540E-16
6.773364E+03	2.430138E-14	4.159806E-16
6.776210E+03	2.427508E-14	4.162274E-16
6.779057E+03	2.424313E-14	4.163726E-16
6.781903E+03	2.420647E-14	4.164312E-16
6.784749E+03	2.414646E-14	4.160820E-16
6.787595E+03	2.406961E-14	4.154353E-16
6.790441E+03	2.398899E-14	4.147158E-16
6.793288E+03	2.392510E-14	4.142784E-16
6.796134E+03	2.384254E-14	4.135098E-16
6.798980E+03	2.375806E-14	4.127000E-16
6.801826E+03	2.367728E-14	4.119464E-16
6.804672E+03	2.360019E-14	4.112492E-16
6.807519E+03	2.351001E-14	4.103162E-16
6.810365E+03	2.341047E-14	4.092110E-16
6.813211E+03	2.332581E-14	4.083575E-16
6.816057E+03	2.322714E-14	4.072503E-16
6.818903E+03	2.312565E-14	4.060849E-16
6.821749E+03	2.302320E-14	4.048937E-16
6.824596E+03	2.292071E-14	4.036933E-16
6.827442E+03	2.281447E-14	4.024177E-16
6.830288E+03	2.271564E-14	4.012641E-16
6.833134E+03	2.261959E-14	4.001510E-16
6.835980E+03	2.252538E-14	3.990622E-16
6.838827E+03	2.243486E-14	3.980307E-16
6.841673E+03	2.234153E-14	3.969409E-16
6.844519E+03	2.224537E-14	3.957929E-16
6.847365E+03	2.216688E-14	3.949512E-16
6.850211E+03	2.208463E-14	3.940353E-16
6.853058E+03	2.200796E-14	3.932116E-16
6.855904E+03	2.193124E-14	3.923797E-16
6.858750E+03	2.184613E-14	3.913903E-16
6.861596E+03	2.177961E-14	3.907267E-16
6.864442E+03	2.171493E-14	3.900894E-16
6.867289E+03	2.165394E-14	3.895123E-16
6.870135E+03	2.159571E-14	3.889785E-16
6.872981E+03	2.153467E-14	3.883876E-16
6.875827E+03	2.148104E-14	3.879243E-16
6.878673E+03	2.143018E-14	3.875052E-16
6.881520E+03	2.139230E-14	3.873154E-16
6.884366E+03	2.134232E-14	3.869009E-16
6.887212E+03	2.128302E-14	3.863115E-16
6.890058E+03	2.123763E-14	3.859687E-16
6.892904E+03	2.119315E-14	3.856370E-16
6.895751E+03	2.114215E-14	3.851812E-16
6.898597E+03	2.110877E-14	3.850409E-16
6.901443E+03	2.105957E-14	3.846070E-16
6.904289E+03	2.100757E-14	3.841160E-16
6.907135E+03	2.095833E-14	3.836700E-16
6.909981E+03	2.091929E-14	3.834052E-16
6.912828E+03	2.087465E-14	3.830328E-16
6.915674E+03	2.083371E-14	3.827228E-16
6.918520E+03	2.079923E-14	3.825266E-16
6.921366E+03	2.075732E-14	3.821885E-16
6.924212E+03	2.070147E-14	3.815883E-16
6.927059E+03	2.065303E-14	3.811193E-16
6.929905E+03	2.060178E-14	3.805927E-16
6.932751E+03	2.055238E-14	3.800948E-16
6.935597E+03	2.051686E-14	3.798486E-16
6.938443E+03	2.046836E-14	3.793568E-16
6.941290E+03	2.041612E-14	3.787905E-16
6.944136E+03	2.035647E-14	3.780807E-16
6.946982E+03	2.029494E-14	3.773304E-16
6.949828E+03	2.023619E-14	3.766261E-16
6.952674E+03	2.016538E-14	3.756914E-16
6.955520E+03	2.008901E-14	3.746467E-16
6.958367E+03	2.001078E-14	3.735614E-16
6.961213E+03	1.993071E-14	3.724352E-16
6.964059E+03	1.986729E-14	3.716140E-16
6.966905E+03	1.981313E-14	3.709605E-16
6.969752E+03	1.977284E-14	3.705617E-16
6.972598E+03	1.973993E-14	3.702965E-16
6.975444E+03	1.971719E-14	3.702177E-16
6.978290E+03	1.967593E-14	3.697865E-16
6.981136E+03	1.962264E-14	3.691243E-16
6.983982E+03	1.955732E-14	3.682305E-16
6.986829E+03	1.949293E-14	3.673485E-16
6.989675E+03	1.944978E-14	3.668617E-16
6.992521E+03	1.939739E-14	3.661956E-16
6.995367E+03	1.935147E-14	3.656466E-16
6.998213E+03	1.931755E-14	3.653198E-16
7.001060E+03	1.928084E-14	3.649358E-16
7.003906E+03	1.925059E-14	3.646695E-16
7.006752E+03	1.921295E-14	3.642588E-16
7.009598E+03	1.917806E-14	3.638958E-16
7.012444E+03	1.913856E-14	3.634407E-16
7.015291E+03	1.909627E-14	3.629285E-16
7.018137E+03	1.905398E-14	3.624113E-16
7.020983E+03	1.901722E-14	3.619950E-16
7.023829E+03	1.898137E-14	3.615915E-16
7.026675E+03	1.894460E-14	3.611661E-16
7.029521E+03	1.891243E-14	3.608240E-16
7.032368E+03	1.887933E-14	3.604603E-16
7.035214E+03	1.884438E-14	3.600568E-16
7.038060E+03	1.881035E-14	3.596665E-16
7.040906E+03	1.877815E-14	3.593071E-16
7.043752E+03	1.875055E-14	3.590318E-16
7.046599E+03	1.873031E-14	3.588933E-16
7.049445E+03	1.869810E-14	3.585216E-16
7.052292E+03	1.868060E-14	3.584281E-16
7.055138E+03	1.865942E-14	3.582599E-16
7.057984E+03	1.862533E-14	3.578402E-16
7.060830E+03	1.860781E-14	3.577348E-16
7.063676E+03	1.858752E-14	3.575724E-16
7.066523E+03	1.854975E-14	3.570699E-16
7.069369E+03	1.852026E-14	3.567225E-16
7.072215E+03	1.849995E-14	3.565482E-16
7.075061E+03	1.847595E-14	3.562990E-16
7.077907E+03	1.845930E-14	3.561879E-16
7.080753E+03	1.845459E-14	3.563037E-16
7.083600E+03	1.844160E-14	3.562563E-16
7.086446E+03	1.842767E-14	3.561872E-16
7.089292E+03	1.841925E-14	3.562210E-16
7.092138E+03	1.840164E-14	3.560736E-16
7.094984E+03	1.838402E-14	3.559225E-16
7.097831E+03	1.837098E-14	3.558565E-16
7.100677E+03	1.834784E-14	3.555914E-16
7.103523E+03	1.831278E-14	3.550914E-16
7.106369E+03	1.828506E-14	3.547297E-16
7.109215E+03	1.826375E-14	3.544890E-16
7.112061E+03	1.823785E-14	3.541556E-16
7.114908E+03	1.820829E-14	3.537473E-16
7.117754E+03	1.816407E-14	3.530502E-16
7.120600E+03	1.811711E-14	3.522961E-16
7.123446E+03	1.807199E-14	3.515738E-16
7.126292E+03	1.803603E-14	3.510256E-16
7.129139E+03	1.800282E-14	3.505276E-16
7.131985E+03	1.796779E-14	3.499902E-16
7.134831E+03	1.793185E-14	3.494316E-16
7.137677E+03	1.789317E-14	3.488156E-16
7.140523E+03	1.786729E-14	3.484458E-16
7.143370E+03	1.784234E-14	3.480905E-16
7.146216E+03	1.780824E-14	3.475533E-16
7.149062E+03	1.778145E-14	3.471552E-16
7.151908E+03	1.775103E-14	3.466826E-16
7.154754E+03	1.771695E-14	3.461351E-16
7.157601E+03	1.768561E-14	3.456377E-16
7.160447E+03	1.765793E-14	3.452084E-16
7.163293E+03	1.763299E-14	3.448293E-16
7.166139E+03	1.760715E-14	3.444291E-16
7.168985E+03	1.758039E-14	3.440077E-16
7.171832E+03	1.755183E-14	3.435476E-16
7.174678E+03	1.753420E-14	3.432983E-16
7.177524E+03	1.751293E-14	3.429744E-16
7.180370E+03	1.749075E-14	3.426295E-16
7.183216E+03	1.747130E-14	3.423350E-16
7.186062E+03	1.745186E-14	3.420374E-16
7.188909E+03	1.743698E-14	3.418260E-16
7.191755E+03	1.741117E-14	3.413972E-16
7.194601E+03	1.739630E-14	3.411796E-16
7.197447E+03	1.738415E-14	3.410124E-16
7.200293E+03	1.737109E-14	3.408244E-16
7.203140E+03	1.735349E-14	3.405441E-16
7.205986E+03	1.732224E-14	3.399929E-16
7.208832E+03	1.729918E-14	3.395992E-16
7.211678E+03	1.727795E-14	3.392385E-16
7.214524E+03	1.726309E-14	3.389997E-16
7.217371E+03	1.724369E-14	3.386688E-16
7.220217E+03	1.722338E-14	3.383170E-16
7.223063E+03	1.720399E-14	3.379802E-16
7.225909E+03	1.718097E-14	3.375693E-16
7.228755E+03	1.715614E-14	3.371197E-16
7.231602E+03	1.713677E-14	3.367744E-16
7.234448E+03	1.711104E-14	3.363012E-16
7.237294E+03	1.707898E-14	3.357005E-16
7.240140E+03	1.705146E-14	3.351861E-16
7.242986E+03	1.702214E-14	3.346335E-16
7.245833E+03	1.698195E-14	3.338643E-16
7.248679E+03	1.693361E-14	3.329320E-16
7.251525E+03	1.689344E-14	3.321574E-16
7.254371E+03	1.683700E-14	3.310598E-16
7.257217E+03	1.678238E-14	3.299954E-16
7.260064E+03	1.672868E-14	3.289463E-16
7.262910E+03	1.665782E-14	3.275567E-16
7.265756E+03	1.657883E-14	3.260047E-16
7.268602E+03	1.651346E-14	3.247177E-16
7.271448E+03	1.644992E-14	3.234641E-16
7.274294E+03	1.638008E-14	3.220840E-16
7.277141E+03	1.632114E-14	3.209154E-16
7.279987E+03	1.626221E-14	3.197447E-16
7.282833E+03	1.619246E-14	3.183586E-16
7.285679E+03	1.612637E-14	3.170418E-16
7.288525E+03	1.606210E-14	3.157587E-16
7.291372E+03	1.599155E-14	3.143494E-16
7.294218E+03	1.591199E-14	3.127608E-16
7.297064E+03	1.584241E-14	3.113661E-16
7.299910E+03	1.577648E-14	3.100406E-16
7.302756E+03	1.569703E-14	3.084475E-16
7.305602E+03	1.562304E-14	3.069593E-16
7.308449E+03	1.555359E-14	3.055581E-16
7.311295E+03	1.547426E-14	3.039607E-16
7.314141E+03	1.538865E-14	3.022381E-16
7.316987E+03	1.530488E-14	3.005496E-16
7.319833E+03	1.522747E-14	2.989839E-16
7.322680E+03	1.515280E-14	2.974703E-16
7.325526E+03	1.508447E-14	2.960791E-16
7.328372E+03	1.501799E-14	2.947222E-16
7.331218E+03	1.495333E-14	2.933993E-16
7.334064E+03	1.489681E-14	2.922343E-16
7.336911E+03	1.485204E-14	2.912975E-16
7.339757E+03	1.480187E-14	2.902533E-16
7.342603E+03	1.474633E-14	2.891018E-16
7.345449E+03	1.469893E-14	2.881081E-16
7.348295E+03	1.466594E-14	2.873948E-16
7.351142E+03	1.462487E-14	2.865214E-16
7.353988E+03	1.458473E-14	2.856642E-16
7.356834E+03	1.455810E-14	2.850698E-16
7.359680E+03	1.453058E-14	2.844561E-16
7.362526E+03	1.449948E-14	2.837704E-16
7.365373E+03	1.447739E-14	2.832591E-16
7.368219E+03	1.446429E-14	2.829217E-16
7.371065E+03	1.444493E-14	2.824598E-16
7.373911E+03	1.442647E-14	2.820136E-16
7.376757E+03	1.441340E-14	2.816708E-16
7.379604E+03	1.440574E-14	2.814318E-16
7.382450E+03	1.440346E-14	2.812957E-16
7.385296E+03	1.439492E-14	2.810353E-16
7.388142E+03	1.437922E-14	2.806332E-16
7.390988E+03	1.436173E-14	2.801942E-16
7.393834E+03	1.434695E-14	2.798062E-16
7.396681E+03	1.432590E-14	2.792942E-16
7.399527E+03	1.430130E-14	2.787110E-16
7.402373E+03	1.425968E-14	2.777948E-16
7.405219E+03	1.422347E-14	2.769823E-16
7.408065E+03	1.418280E-14	2.760814E-16
7.410912E+03	1.413053E-14	2.749535E-16
7.413758E+03	1.406485E-14	2.735636E-16
7.416604E+03	1.399028E-14	2.719997E-16
7.419450E+03	1.391484E-14	2.704183E-16
7.422296E+03	1.383050E-14	2.686632E-16
7.425143E+03	1.374709E-14	2.669256E-16
7.427989E+03	1.365838E-14	2.650846E-16
7.430835E+03	1.357327E-14	2.633133E-16
7.433681E+03	1.348106E-14	2.614038E-16
7.436527E+03	1.338534E-14	2.594258E-16
7.439373E+03	1.329858E-14	2.576215E-16
7.442220E+03	1.320652E-14	2.557143E-16
7.445066E+03	1.311271E-14	2.537731E-16
7.447912E+03	1.302162E-14	2.518846E-16
7.450758E+03	1.293773E-14	2.501351E-16
7.453605E+03	1.286190E-14	2.485413E-16
7.456451E+03	1.279057E-14	2.470341E-16
7.459297E+03	1.271125E-14	2.453723E-16
7.462143E+03	1.264000E-14	2.438658E-16
7.464989E+03	1.258215E-14	2.426176E-16
7.467835E+03	1.252880E-14	2.414553E-16
7.470682E+03	1.248616E-14	2.404988E-16
7.473528E+03	1.244445E-14	2.395593E-16
7.476374E+03	1.241612E-14	2.388761E-16
7.479220E+03	1.239582E-14	2.383464E-16
7.482066E+03	1.237732E-14	2.378497E-16
7.484913E+03	1.236507E-14	2.374716E-16
7.487759E+03	1.236172E-14	2.372630E-16
7.490605E+03	1.236105E-14	2.371039E-16
7.493451E+03	1.237019E-14	2.371309E-16
7.496297E+03	1.239267E-14	2.374115E-16
7.499144E+03	1.241782E-14	2.377407E-16
7.501990E+03	1.243406E-14	2.378970E-16
7.504836E+03	1.245921E-14	2.382213E-16
7.507682E+03	1.248880E-14	2.386278E-16
7.510528E+03	1.251837E-14	2.390314E-16
7.513374E+03	1.255416E-14	2.395509E-16
7.516221E+03	1.259174E-14	2.401014E-16
7.519067E+03	1.262573E-14	2.405809E-16
7.521913E+03	1.265796E-14	2.410237E-16
7.524759E+03	1.269195E-14	2.414972E-16
7.527605E+03	1.272416E-14	2.419341E-16
7.530452E+03	1.275815E-14	2.424016E-16
7.533298E+03	1.278324E-14	2.426973E-16
7.536144E+03	1.281367E-14	2.430915E-16
7.538990E+03	1.283256E-14	2.432641E-16
7.541836E+03	1.286031E-14	2.436018E-16
7.544683E+03	1.288097E-14	2.438024E-16
7.547529E+03	1.289543E-14	2.438830E-16
7.550375E+03	1.290278E-14	2.438269E-16
7.553221E+03	1.289863E-14	2.435511E-16
7.556067E+03	1.289626E-14	2.433070E-16
7.558914E+03	1.288858E-14	2.429607E-16
7.561760E+03	1.287559E-14	2.425125E-16
7.564606E+03	1.287237E-14	2.422463E-16
7.567452E+03	1.285232E-14	2.416617E-16
7.570298E+03	1.282786E-14	2.409929E-16
7.573145E+03	1.281935E-14	2.406219E-16
7.575991E+03	1.281528E-14	2.403324E-16
7.578837E+03	1.281741E-14	2.401570E-16
7.581683E+03	1.281246E-14	2.398470E-16
7.584529E+03	1.280665E-14	2.395186E-16
7.587376E+03	1.280969E-14	2.393537E-16
7.590222E+03	1.282069E-14	2.393351E-16
7.593068E+03	1.283523E-14	2.393800E-16
7.595914E+03	1.285242E-14	2.394715E-16
7.598760E+03	1.287757E-14	2.397083E-16
7.601606E+03	1.289831E-14	2.398600E-16
7.604453E+03	1.291992E-14	2.400247E-16
7.607299E+03	1.293359E-14	2.400392E-16
7.610145E+03	1.294725E-14	2.400507E-16
7.612991E+03	1.296181E-14	2.400761E-16
7.615837E+03	1.297814E-14	2.401312E-16
7.618684E+03	1.299358E-14	2.401671E-16
7.621530E+03	1.300549E-14	2.401349E-16
7.624376E+03	1.301741E-14	2.401002E-16
7.627222E+03	1.303286E-14	2.401277E-16
7.630068E+03	1.304303E-14	2.400550E-16
7.632915E+03	1.304525E-14	2.398335E-16
7.635761E+03	1.304926E-14	2.396424E-16
7.638607E+03	1.305150E-14	2.394164E-16
7.641453E+03	1.304759E-14	2.390751E-16
7.644299E+03	1.304808E-14	2.388123E-16
7.647145E+03	1.304418E-14	2.384668E-16
7.649992E+03	1.304205E-14	2.381514E-16
7.652838E+03	1.304698E-14	2.379625E-16
7.655684E+03	1.303518E-14	2.374662E-16
7.658530E+03	1.302251E-14	2.369523E-16
7.661377E+03	1.301954E-14	2.366126E-16
7.664223E+03	1.300689E-14	2.360953E-16
7.667069E+03	1.298986E-14	2.354966E-16
7.669915E+03	1.298076E-14	2.350397E-16
7.672761E+03	1.297079E-14	2.345653E-16
7.675607E+03	1.295732E-14	2.340257E-16
7.678454E+03	1.294386E-14	2.334843E-16
7.681300E+03	1.293304E-14	2.329889E-16
7.684146E+03	1.292400E-14	2.325236E-16
7.686992E+03	1.292728E-14	2.322776E-16
7.689838E+03	1.291826E-14	2.318085E-16
7.692685E+03	1.291453E-14	2.314319E-16
7.695531E+03	1.291607E-14	2.311476E-16
7.698377E+03	1.292291E-14	2.309554E-16
7.701223E+03	1.292447E-14	2.306664E-16
7.704069E+03	1.292780E-14	2.304063E-16
7.706916E+03	1.293465E-14	2.302062E-16
7.709762E+03	1.294151E-14	2.300035E-16
7.712608E+03	1.295013E-14	2.298294E-16
7.715454E+03	1.296226E-14	2.297146E-16
7.718300E+03	1.297529E-14	2.296125E-16
7.721146E+03	1.299006E-14	2.295382E-16
7.723993E+03	1.301100E-14	2.295692E-16
7.726839E+03	1.303193E-14	2.295968E-16
7.729685E+03	1.304935E-14	2.295590E-16
7.732531E+03	1.306854E-14	2.295488E-16
7.735377E+03	1.309738E-14	2.297044E-16
7.738224E+03	1.312096E-14	2.297637E-16
7.741070E+03	1.315418E-14	2.299880E-16
7.743916E+03	1.318127E-14	2.301008E-16
7.746762E+03	1.320573E-14	2.301638E-16
7.749608E+03	1.322493E-14	2.301314E-16
7.752455E+03	1.323888E-14	2.300042E-16
7.755301E+03	1.326073E-14	2.300107E-16
7.758147E+03	1.328082E-14	2.299830E-16
7.760993E+03	1.329216E-14	2.298003E-16
7.763839E+03	1.329475E-14	2.294633E-16
7.766686E+03	1.328246E-14	2.288673E-16
7.769532E+03	1.327895E-14	2.284203E-16
7.772378E+03	1.327631E-14	2.279862E-16
7.775224E+03	1.325706E-14	2.272649E-16
7.778070E+03	1.324045E-14	2.265873E-16
7.780917E+03	1.321335E-14	2.257288E-16
7.783763E+03	1.318015E-14	2.247655E-16
7.786609E+03	1.315308E-14	2.239061E-16
7.789456E+03	1.312517E-14	2.230313E-16
7.792302E+03	1.308940E-14	2.220225E-16
7.795148E+03	1.305189E-14	2.209841E-16
7.797994E+03	1.300741E-14	2.198275E-16
7.800840E+03	1.295771E-14	2.185833E-16
7.803686E+03	1.290453E-14	2.172811E-16
7.806533E+03	1.284525E-14	2.158772E-16
7.809379E+03	1.279037E-14	2.145485E-16
7.812225E+03	1.272853E-14	2.131042E-16
7.815071E+03	1.266409E-14	2.116181E-16
7.817917E+03	1.258832E-14	2.099447E-16
7.820764E+03	1.251083E-14	2.082451E-16
7.823610E+03	1.243162E-14	2.065197E-16
7.826456E+03	1.235069E-14	2.047687E-16
7.829302E+03	1.226106E-14	2.028767E-16
7.832148E+03	1.217233E-14	2.010032E-16
7.834995E+03	1.208626E-14	1.991770E-16
7.837841E+03	1.199933E-14	1.973404E-16
7.840687E+03	1.191070E-14	1.954794E-16
7.843533E+03	1.181686E-14	1.935368E-16
7.846379E+03	1.171782E-14	1.915135E-16
7.849226E+03	1.162143E-14	1.895378E-16
7.852072E+03	1.152942E-14	1.876381E-16
7.854918E+03	1.143221E-14	1.856582E-16
7.857764E+03	1.134289E-14	1.838106E-16
7.860610E+03	1.125621E-14	1.820100E-16
7.863457E+03	1.116084E-14	1.800731E-16
7.866303E+03	1.107771E-14	1.783380E-16
7.869149E+03	1.100420E-14	1.767613E-16
7.871995E+03	1.091937E-14	1.750066E-16
7.874841E+03	1.082673E-14	1.731309E-16
7.877688E+03	1.074720E-14	1.714690E-16
7.880534E+03	1.066595E-14	1.697836E-16
7.883380E+03	1.058821E-14	1.681580E-16
7.886226E+03	1.051572E-14	1.666195E-16
7.889072E+03	1.044413E-14	1.650985E-16
7.891918E+03	1.038302E-14	1.637463E-16
7.894765E+03	1.032454E-14	1.624381E-16
7.897611E+03	1.026696E-14	1.611465E-16
7.900457E+03	1.020678E-14	1.598169E-16
7.903303E+03	1.015360E-14	1.585991E-16
7.906149E+03	1.010478E-14	1.574518E-16
7.908996E+03	1.005773E-14	1.563337E-16
7.911842E+03	1.001070E-14	1.552178E-16
7.914688E+03	9.969779E-15	1.541983E-16
7.917534E+03	9.934101E-15	1.532611E-16
7.920380E+03	9.895826E-15	1.522851E-16
7.923227E+03	9.868014E-15	1.514707E-16
7.926073E+03	9.831513E-15	1.505240E-16
7.928919E+03	9.794158E-15	1.495655E-16
7.931765E+03	9.765522E-15	1.487410E-16
7.934611E+03	9.737771E-15	1.479306E-16
7.937458E+03	9.713517E-15	1.471736E-16
7.940304E+03	9.703196E-15	1.466277E-16
7.943150E+03	9.689407E-15	1.460287E-16
7.945996E+03	9.667803E-15	1.453118E-16
7.948842E+03	9.648820E-15	1.446343E-16
7.951689E+03	9.631593E-15	1.439829E-16
7.954535E+03	9.616987E-15	1.433706E-16
7.957381E+03	9.600655E-15	1.427323E-16
7.960227E+03	9.578249E-15	1.420038E-16
7.963073E+03	9.555857E-15	1.412758E-16
7.965919E+03	9.535217E-15	1.405741E-16
7.968766E+03	9.510247E-15	1.398088E-16
7.971612E+03	9.485289E-15	1.390444E-16
7.974458E+03	9.457737E-15	1.382428E-16
7.977304E+03	9.434546E-15	1.375056E-16
7.980150E+03	9.412239E-15	1.367819E-16
7.982997E+03	9.382125E-15	1.359453E-16
7.985843E+03	9.365929E-15	1.353113E-16
7.988689E+03	9.335842E-15	1.344771E-16
7.991535E+03	9.305771E-15	1.336444E-16
7.994381E+03	9.280059E-15	1.328754E-16
7.997227E+03	9.252622E-15	1.320828E-16
8.000074E+03	9.234759E-15	1.314273E-16
8.002920E+03	9.212564E-15	1.307108E-16
8.005766E+03	9.193857E-15	1.300444E-16
8.008612E+03	9.182983E-15	1.294889E-16
8.011458E+03	9.168645E-15	1.288844E-16
8.014305E+03	9.163010E-15	1.284018E-16
8.017151E+03	9.157385E-15	1.279188E-16
8.019997E+03	9.152641E-15	1.274475E-16
8.022843E+03	9.160068E-15	1.271444E-16
8.025689E+03	9.163164E-15	1.267796E-16
8.028536E+03	9.165405E-15	1.264016E-16
8.031382E+03	9.177209E-15	1.261539E-16
8.034228E+03	9.195971E-15	1.259995E-16
8.037074E+03	9.216480E-15	1.258662E-16
8.039920E+03	9.237001E-15	1.257302E-16
8.042767E+03	9.264480E-15	1.256857E-16
8.045613E+03	9.299784E-15	1.257436E-16
8.048459E+03	9.330757E-15	1.257391E-16
8.051305E+03	9.379104E-15	1.259642E-16
8.054151E+03	9.430066E-15	1.262190E-16
8.056998E+03	9.484513E-15	1.265146E-16
8.059844E+03	9.541574E-15	1.268393E-16
8.062690E+03	9.598645E-15	1.271581E-16
8.065536E+03	9.658330E-15	1.275054E-16
8.068382E+03	9.714556E-15	1.278009E-16
8.071229E+03	9.765586E-15	1.280222E-16
8.074075E+03	9.818364E-15	1.282610E-16
8.076921E+03	9.869417E-15	1.284719E-16
8.079767E+03	9.920483E-15	1.286775E-16
8.082613E+03	9.973299E-15	1.289003E-16
8.085459E+03	1.003307E-14	1.292073E-16
8.088306E+03	1.009286E-14	1.295082E-16
8.091152E+03	1.015179E-14	1.297921E-16
8.093998E+03	1.020987E-14	1.300593E-16
8.096844E+03	1.027057E-14	1.303538E-16
8.099690E+03	1.032694E-14	1.305874E-16
8.102537E+03	1.037205E-14	1.306734E-16
8.105383E+03	1.041890E-14	1.307769E-16
8.108229E+03	1.046751E-14	1.308976E-16
8.111075E+03	1.050486E-14	1.308731E-16
8.113921E+03	1.054395E-14	1.308666E-16
8.116768E+03	1.058393E-14	1.308671E-16
8.119614E+03	1.061437E-14	1.307464E-16
8.122460E+03	1.064483E-14	1.306230E-16
8.125306E+03	1.066490E-14	1.303696E-16
8.128152E+03	1.068758E-14	1.301462E-16
8.130998E+03	1.070941E-14	1.299104E-16
8.133845E+03	1.074080E-14	1.297881E-16
8.136691E+03	1.078089E-14	1.297678E-16
8.139537E+03	1.081318E-14	1.296506E-16
8.142383E+03	1.083768E-14	1.294375E-16
8.145230E+03	1.085178E-14	1.290985E-16
8.148076E+03	1.086589E-14	1.287590E-16
8.150922E+03	1.089217E-14	1.285622E-16
8.153768E+03	1.091672E-14	1.283433E-16
8.156614E+03	1.093001E-14	1.279907E-16
8.159460E+03	1.093290E-14	1.275162E-16
8.162307E+03	1.093580E-14	1.270422E-16
8.165153E+03	1.092829E-14	1.264484E-16
8.167999E+03	1.091211E-14	1.257563E-16
8.170845E+03	1.089248E-14	1.250270E-16
8.173691E+03	1.086417E-14	1.242012E-16
8.176538E+03	1.082545E-14	1.232605E-16
8.179384E+03	1.077980E-14	1.222460E-16
8.182230E+03	1.073242E-14	1.212174E-16
8.185076E+03	1.067723E-14	1.201066E-16
8.187922E+03	1.060555E-14	1.188174E-16
8.190769E+03	1.053127E-14	1.175070E-16
8.193615E+03	1.045005E-14	1.161278E-16
8.196461E+03	1.036449E-14	1.147095E-16
8.199308E+03	1.027112E-14	1.132143E-16
8.202153E+03	1.016559E-14	1.115960E-16
8.205000E+03	1.006266E-14	1.100170E-16
8.207846E+03	9.958874E-15	1.084399E-16
8.210692E+03	9.855953E-15	1.068832E-16
8.213538E+03	9.759983E-15	1.054126E-16
8.216385E+03	9.660538E-15	1.039150E-16
8.219230E+03	9.564568E-15	1.024657E-16
8.222077E+03	9.475549E-15	1.011008E-16
8.224923E+03	9.381317E-15	9.969052E-17
8.227770E+03	9.300988E-15	9.843768E-17
8.230615E+03	9.237171E-15	9.736840E-17
8.233462E+03	9.176832E-15	9.634323E-17
8.236308E+03	9.123448E-15	9.539854E-17
8.239154E+03	9.085710E-15	9.462386E-17
8.242000E+03	9.065362E-15	9.403539E-17
8.244847E+03	9.051974E-15	9.352314E-17
8.247692E+03	9.050762E-15	9.314040E-17
8.250539E+03	9.079117E-15	9.306353E-17
8.253385E+03	9.110092E-15	9.301429E-17
8.256231E+03	9.153248E-15	9.308964E-17
8.259077E+03	9.214680E-15	9.334998E-17
8.261924E+03	9.287432E-15	9.372300E-17
8.264770E+03	9.373244E-15	9.422532E-17
8.267616E+03	9.470379E-15	9.483810E-17
8.270462E+03	9.572753E-15	9.549956E-17
8.273309E+03	9.673407E-15	9.614007E-17
8.276154E+03	9.782779E-15	9.686379E-17
8.279001E+03	9.910443E-15	9.776396E-17
8.281847E+03	1.004161E-14	9.869387E-17
8.284693E+03	1.017715E-14	9.966187E-17
8.287539E+03	1.030402E-14	1.005405E-16
8.290386E+03	1.042307E-14	1.013392E-16
8.293231E+03	1.054563E-14	1.021692E-16
8.296078E+03	1.065777E-14	1.028955E-16
8.298924E+03	1.075949E-14	1.035198E-16
8.301771E+03	1.084556E-14	1.039932E-16
8.304616E+03	1.093252E-14	1.044757E-16
8.307463E+03	1.099512E-14	1.047268E-16
8.310309E+03	1.103510E-14	1.047658E-16
8.313155E+03	1.106987E-14	1.047596E-16
8.316001E+03	1.108985E-14	1.046186E-16
8.318848E+03	1.109503E-14	1.043442E-16
8.321693E+03	1.109412E-14	1.040198E-16
8.324540E+03	1.108712E-14	1.036455E-16
8.327386E+03	1.106531E-14	1.031413E-16
8.330232E+03	1.103828E-14	1.025972E-16
8.333078E+03	1.101909E-14	1.021350E-16
8.335925E+03	1.098074E-14	1.015044E-16
8.338771E+03	1.093890E-14	1.008516E-16
8.341617E+03	1.091273E-14	1.003533E-16
8.344463E+03	1.088047E-14	9.980846E-17
8.347310E+03	1.084734E-14	9.926544E-17
8.350155E+03	1.081943E-14	9.878030E-17
8.353002E+03	1.078630E-14	9.825722E-17
8.355848E+03	1.075926E-14	9.779980E-17
8.358694E+03	1.074094E-14	9.743145E-17
8.361540E+03	1.073918E-14	9.722281E-17
8.364387E+03	1.074353E-14	9.707859E-17
8.367232E+03	1.075050E-14	9.696734E-17
8.370079E+03	1.076881E-14	9.696744E-17
8.372925E+03	1.078799E-14	9.698464E-17
8.375772E+03	1.081590E-14	9.708947E-17
8.378617E+03	1.086214E-14	9.736797E-17
8.381464E+03	1.092234E-14	9.778051E-17
8.384310E+03	1.098256E-14	9.820230E-17
8.387156E+03	1.105150E-14	9.871151E-17
8.390002E+03	1.112221E-14	9.924597E-17
8.392849E+03	1.119468E-14	9.980594E-17
8.395694E+03	1.127239E-14	1.004229E-16
8.398541E+03	1.135710E-14	1.011126E-16
8.401387E+03	1.145229E-14	1.019065E-16
8.404233E+03	1.155100E-14	1.027426E-16
8.407079E+03	1.165147E-14	1.036060E-16
8.409926E+03	1.174671E-14	1.044349E-16
8.412772E+03	1.184372E-14	1.052918E-16
8.415618E+03	1.193725E-14	1.061306E-16
8.418464E+03	1.202730E-14	1.069517E-16
8.421311E+03	1.210777E-14	1.077011E-16
8.424156E+03	1.218475E-14	1.084334E-16
8.427003E+03	1.226349E-14	1.091958E-16
8.429849E+03	1.233002E-14	1.098639E-16
8.432695E+03	1.238694E-14	1.104613E-16
8.435541E+03	1.243338E-14	1.109800E-16
8.438388E+03	1.247984E-14	1.115140E-16
8.441233E+03	1.252107E-14	1.120164E-16
8.444080E+03	1.255618E-14	1.124795E-16
8.446926E+03	1.258779E-14	1.129263E-16
8.449772E+03	1.260631E-14	1.132705E-16
8.452618E+03	1.261609E-14	1.135510E-16
8.455465E+03	1.263373E-14	1.139169E-16
8.458311E+03	1.265314E-14	1.143134E-16
8.461157E+03	1.266641E-14	1.146692E-16
8.464003E+03	1.267795E-14	1.150237E-16
8.466850E+03	1.268773E-14	1.153768E-16
8.469695E+03	1.268177E-14	1.156003E-16
8.472542E+03	1.267582E-14	1.158376E-16
8.475388E+03	1.267774E-14	1.161602E-16
8.478234E+03	1.268227E-14	1.165204E-16
8.481080E+03	1.268594E-14	1.168863E-16
8.483927E+03	1.268873E-14	1.172575E-16
8.486772E+03	1.268365E-14	1.175688E-16
8.489619E+03	1.267856E-14	1.178930E-16
8.492465E+03	1.267872E-14	1.182787E-16
8.495311E+03	1.267363E-14	1.186279E-16
8.498157E+03	1.266767E-14	1.189812E-16
8.501004E+03	1.265908E-14	1.193218E-16
8.503850E+03	1.265924E-14	1.197568E-16
8.506696E+03	1.264715E-14	1.200877E-16
8.509542E+03	1.263329E-14	1.204128E-16
8.512389E+03	1.262119E-14	1.207658E-16
8.515234E+03	1.260559E-14	1.210955E-16
8.518081E+03	1.259699E-14	1.215034E-16
8.520927E+03	1.258664E-14	1.219049E-16
8.523773E+03	1.257541E-14	1.223081E-16
8.526619E+03	1.255716E-14	1.226529E-16
8.529466E+03	1.253979E-14	1.230158E-16
8.532311E+03	1.252768E-14	1.234394E-16
8.535158E+03	1.250504E-14	1.237687E-16
8.538004E+03	1.248942E-14	1.241758E-16
8.540851E+03	1.247730E-14	1.246269E-16
8.543696E+03	1.245202E-14	1.249546E-16
8.546543E+03	1.242587E-14	1.252812E-16
8.549389E+03	1.240673E-14	1.256859E-16
8.552235E+03	1.239722E-14	1.261963E-16
8.555081E+03	1.238859E-14	1.267241E-16
8.557928E+03	1.237382E-14	1.271974E-16
8.560773E+03	1.236255E-14	1.277140E-16
8.563620E+03	1.234690E-14	1.281933E-16
8.566466E+03	1.233037E-14	1.286703E-16
8.569312E+03	1.231910E-14	1.292092E-16
8.572158E+03	1.230782E-14	1.297554E-16
8.575005E+03	1.229041E-14	1.302438E-16
8.577851E+03	1.227562E-14	1.307661E-16
8.580697E+03	1.225907E-14	1.312760E-16
8.583543E+03	1.223638E-14	1.317257E-16
8.586390E+03	1.221896E-14	1.322377E-16
8.589235E+03	1.220328E-14	1.327738E-16
8.592082E+03	1.218935E-14	1.333351E-16
8.594928E+03	1.218245E-14	1.339790E-16
8.597774E+03	1.217291E-14	1.346000E-16
8.600620E+03	1.215546E-14	1.351391E-16
8.603467E+03	1.213626E-14	1.356634E-16
8.606312E+03	1.212145E-14	1.362409E-16
8.609159E+03	1.210399E-14	1.367939E-16
8.612005E+03	1.209796E-14	1.374807E-16
8.614852E+03	1.208577E-14	1.381029E-16
8.617697E+03	1.206479E-14	1.386284E-16
8.620544E+03	1.204470E-14	1.391679E-16
8.623390E+03	1.203250E-14	1.398023E-16
8.626236E+03	1.202294E-14	1.404718E-16
8.629082E+03	1.200546E-14	1.410527E-16
8.631929E+03	1.198799E-14	1.416372E-16
8.634774E+03	1.197051E-14	1.422243E-16
8.637621E+03	1.195918E-14	1.428885E-16
8.640467E+03	1.194521E-14	1.435244E-16
8.643314E+03	1.193563E-14	1.442169E-16
8.646159E+03	1.191902E-14	1.448271E-16
8.649006E+03	1.190065E-14	1.454190E-16
8.651852E+03	1.189019E-14	1.461102E-16
8.654698E+03	1.188851E-14	1.469132E-16
8.657544E+03	1.189036E-14	1.477643E-16
8.660391E+03	1.188693E-14	1.485547E-16
8.663236E+03	1.187997E-14	1.493041E-16
8.666083E+03	1.186423E-14	1.499464E-16
8.668929E+03	1.184232E-14	1.505120E-16
8.671775E+03	1.182920E-14	1.511912E-16
8.674621E+03	1.182400E-14	1.519742E-16
8.677468E+03	1.183024E-14	1.529086E-16
8.680314E+03	1.183120E-14	1.537789E-16
8.683160E+03	1.181543E-14	1.544346E-16
8.686006E+03	1.180319E-14	1.551381E-16
8.688853E+03	1.179358E-14	1.558785E-16
8.691698E+03	1.177957E-14	1.565620E-16
8.694545E+03	1.177524E-14	1.573770E-16
8.697391E+03	1.177267E-14	1.582180E-16
8.700237E+03	1.177626E-14	1.591453E-16
8.703083E+03	1.178250E-14	1.601124E-16
8.705930E+03	1.177376E-14	1.608794E-16
8.708775E+03	1.175446E-14	1.615024E-16
8.711622E+03	1.174660E-14	1.622843E-16
8.714468E+03	1.174050E-14	1.630921E-16
8.717314E+03	1.174056E-14	1.639880E-16
8.720160E+03	1.174855E-14	1.649982E-16
8.723007E+03	1.176007E-14	1.660625E-16
8.725853E+03	1.176190E-14	1.669935E-16
8.728699E+03	1.175844E-14	1.678520E-16
8.731545E+03	1.175233E-14	1.686746E-16
8.734392E+03	1.174975E-14	1.695501E-16
8.737237E+03	1.175422E-14	1.705293E-16
8.740084E+03	1.177103E-14	1.716922E-16
8.742930E+03	1.178431E-14	1.728083E-16
8.745776E+03	1.179231E-14	1.738508E-16
8.748622E+03	1.180207E-14	1.749231E-16
8.751469E+03	1.180654E-14	1.759207E-16
8.754314E+03	1.180219E-14	1.767885E-16
8.757161E+03	1.179520E-14	1.776186E-16
8.760007E+03	1.179262E-14	1.785161E-16
8.762853E+03	1.178915E-14	1.794018E-16
8.765699E+03	1.178833E-14	1.803294E-16
8.768546E+03	1.178663E-14	1.812457E-16
8.771392E+03	1.177786E-14	1.820541E-16
8.774238E+03	1.175410E-14	1.826300E-16
8.777084E+03	1.172857E-14	1.831763E-16
8.779931E+03	1.170568E-14	1.837620E-16
8.782776E+03	1.168014E-14	1.843034E-16
8.785623E+03	1.165636E-14	1.848708E-16
8.788469E+03	1.162817E-14	1.853653E-16
8.791315E+03	1.159732E-14	1.858144E-16
8.794161E+03	1.156911E-14	1.863025E-16
8.797008E+03	1.153207E-14	1.866450E-16
8.799853E+03	1.148973E-14	1.868960E-16
8.802700E+03	1.145886E-14	1.873297E-16
8.805546E+03	1.141562E-14	1.875562E-16
8.808393E+03	1.136796E-14	1.877043E-16
8.811238E+03	1.132294E-14	1.878891E-16
8.814085E+03	1.126908E-14	1.879210E-16
8.816931E+03	1.121079E-14	1.878708E-16
8.819777E+03	1.116045E-14	1.879459E-16
8.822623E+03	1.111186E-14	1.880437E-16
8.825470E+03	1.105620E-14	1.880145E-16
8.828315E+03	1.100406E-14	1.880369E-16
8.831162E+03	1.095103E-14	1.880370E-16
8.834008E+03	1.089887E-14	1.880441E-16
8.836854E+03	1.084317E-14	1.879821E-16
8.839700E+03	1.078835E-14	1.879270E-16
8.842547E+03	1.073616E-14	1.879104E-16
8.845393E+03	1.067425E-14	1.877144E-16
8.848239E+03	1.060879E-14	1.874464E-16
8.851085E+03	1.055481E-14	1.873722E-16
8.853932E+03	1.050612E-14	1.873845E-16
8.856777E+03	1.046097E-14	1.874521E-16
8.859624E+03	1.040519E-14	1.873223E-16
8.862470E+03	1.035294E-14	1.872474E-16
8.865316E+03	1.030423E-14	1.872286E-16
8.868162E+03	1.025904E-14	1.872667E-16
8.871009E+03	1.021561E-14	1.873305E-16
8.873855E+03	1.017748E-14	1.874850E-16
8.876701E+03	1.014554E-14	1.877482E-16
8.879548E+03	1.010033E-14	1.877600E-16
8.882394E+03	1.005775E-14	1.878139E-16
8.885240E+03	1.002402E-14	1.880271E-16
8.888086E+03	9.976131E-15	1.879682E-16
8.890933E+03	9.934423E-15	1.880191E-16
8.893778E+03	9.902444E-15	1.882478E-16
8.896625E+03	9.864263E-15	1.883537E-16
8.899471E+03	9.825191E-15	1.884363E-16
8.902317E+03	9.778144E-15	1.883590E-16
8.905163E+03	9.717808E-15	1.880171E-16
8.908010E+03	9.654806E-15	1.876138E-16
8.910855E+03	9.591794E-15	1.871995E-16
8.913702E+03	9.531428E-15	1.868273E-16
8.916548E+03	9.471937E-15	1.864621E-16
8.919395E+03	9.412437E-15	1.860873E-16
8.922240E+03	9.341412E-15	1.854733E-16
8.925087E+03	9.260630E-15	1.846536E-16
8.927933E+03	9.178949E-15	1.838022E-16
8.930779E+03	9.103458E-15	1.830616E-16
8.933625E+03	9.033270E-15	1.824156E-16
8.936472E+03	8.955096E-15	1.815962E-16
8.939317E+03	8.873364E-15	1.806907E-16
8.942164E+03	8.784263E-15	1.796214E-16
8.945010E+03	8.683626E-15	1.783001E-16
8.947856E+03	8.583416E-15	1.769706E-16
8.950702E+03	8.488774E-15	1.757395E-16
8.953549E+03	8.396511E-15	1.745422E-16
8.956395E+03	8.303790E-15	1.733195E-16
8.959241E+03	8.216817E-15	1.722017E-16
8.962087E+03	8.134619E-15	1.711696E-16
8.964934E+03	8.060035E-15	1.702848E-16
8.967779E+03	7.993509E-15	1.695578E-16
8.970626E+03	7.930697E-15	1.688991E-16
8.973472E+03	7.871599E-15	1.683090E-16
8.976318E+03	7.820476E-15	1.678801E-16
8.979164E+03	7.778749E-15	1.676450E-16
8.982011E+03	7.738522E-15	1.674356E-16
8.984856E+03	7.703435E-15	1.673305E-16
8.987703E+03	7.673576E-15	1.673339E-16
8.990549E+03	7.647795E-15	1.674213E-16
8.993396E+03	7.621388E-15	1.674908E-16
8.996241E+03	7.586811E-15	1.673750E-16
8.999088E+03	7.550098E-15	1.672065E-16
9.001934E+03	7.516220E-15	1.670945E-16
9.004780E+03	7.472215E-15	1.667508E-16
9.007626E+03	7.434595E-15	1.665425E-16
9.010473E+03	7.396613E-15	1.663199E-16
9.013318E+03	7.351611E-15	1.659318E-16
9.016165E+03	7.306514E-15	1.655343E-16
9.019011E+03	7.262828E-15	1.651610E-16
9.021857E+03	7.216027E-15	1.647091E-16
9.024703E+03	7.168154E-15	1.642246E-16
9.027550E+03	7.125691E-15	1.638564E-16
9.030396E+03	7.074869E-15	1.632878E-16
9.033242E+03	7.022975E-15	1.626857E-16
9.036088E+03	6.966719E-15	1.619732E-16
9.038935E+03	6.908410E-15	1.612034E-16
9.041780E+03	6.843960E-15	1.602793E-16
9.044627E+03	6.775147E-15	1.592420E-16
9.047473E+03	6.711120E-15	1.583057E-16
9.050319E+03	6.656062E-15	1.575706E-16
9.053165E+03	6.599305E-15	1.567858E-16
9.056012E+03	6.541472E-15	1.559657E-16
9.058857E+03	6.481764E-15	1.550904E-16
9.061704E+03	6.427470E-15	1.543353E-16
9.064550E+03	6.372100E-15	1.535447E-16
9.067397E+03	6.314054E-15	1.526801E-16
9.070242E+03	6.264001E-15	1.519990E-16
9.073089E+03	6.218298E-15	1.514157E-16
9.075935E+03	6.180681E-15	1.510218E-16
9.078781E+03	6.142436E-15	1.506060E-16
9.081627E+03	6.109076E-15	1.503038E-16
9.084474E+03	6.078558E-15	1.500660E-16
9.087319E+03	6.055151E-15	1.499988E-16
9.090166E+03	6.048109E-15	1.503345E-16
9.093012E+03	6.044892E-15	1.507641E-16
9.095858E+03	6.045500E-15	1.512887E-16
9.098704E+03	6.054561E-15	1.520255E-16
9.120000E+03	8.760028E-15	2.254694E-16
9.160000E+03	8.689222E-15	2.338647E-16
9.200000E+03	8.607722E-15	2.417168E-16
9.240000E+03	8.460988E-15	2.473855E-16
9.280000E+03	8.234203E-15	2.501901E-16
9.320000E+03	7.940445E-15	2.502685E-16
9.360000E+03	7.604947E-15	2.482214E-16
9.400000E+03	7.258010E-15	2.449395E-16
9.440000E+03	6.927943E-15	2.413812E-16
9.480000E+03	6.636197E-15	2.383834E-16
9.520000E+03	6.398947E-15	2.366786E-16
9.560000E+03	6.220428E-15	2.366107E-16
9.600000E+03	6.083168E-15	2.376884E-16
9.640000E+03	5.963977E-15	2.391154E-16
9.680000E+03	5.848320E-15	2.403541E-16
9.720000E+03	5.730539E-15	2.411817E-16
9.760000E+03	5.612031E-15	2.416571E-16
9.800000E+03	5.496678E-15	2.419543E-16
9.840000E+03	5.390637E-15	2.423645E-16
9.880000E+03	5.299854E-15	2.431919E-16
9.920000E+03	5.229005E-15	2.447020E-16
9.960000E+03	5.179264E-15	2.470088E-16
1.000000E+04	5.148069E-15	2.500472E-16
1.004000E+04	5.130599E-15	2.536295E-16
1.008000E+04	5.119994E-15	2.574476E-16
1.012000E+04	5.111129E-15	2.612580E-16
1.016000E+04	5.100778E-15	2.648984E-16
1.020000E+04	5.087770E-15	2.683046E-16
1.024000E+04	5.071411E-15	2.714342E-16
1.028000E+04	5.051499E-15	2.742696E-16
1.032000E+04	5.028588E-15	2.768349E-16
