#wls	flux	fluxerr
1.593625E+03	2.357508E-03	1.168976E-04
1.633466E+03	2.137079E-03	1.055288E-04
1.673307E+03	1.930936E-03	9.494808E-05
1.713147E+03	1.740302E-03	8.520797E-05
1.752988E+03	1.566204E-03	7.635028E-05
1.792829E+03	1.408512E-03	6.835964E-05
1.832669E+03	1.267524E-03	6.124098E-05
1.872510E+03	1.142797E-03	5.496325E-05
1.912351E+03	1.033885E-03	4.949525E-05
1.952191E+03	9.401658E-04	4.479756E-05
1.992032E+03	8.610394E-04	4.083225E-05
2.031873E+03	7.957311E-04	3.755336E-05
2.071713E+03	7.436796E-04	3.492552E-05
2.111554E+03	7.046539E-04	3.292914E-05
2.151394E+03	6.789173E-04	3.156765E-05
2.191235E+03	6.670345E-04	3.085806E-05
2.231076E+03	6.697092E-04	3.082309E-05
2.270916E+03	6.878889E-04	3.149582E-05
2.310757E+03	7.226301E-04	3.291316E-05
2.350598E+03	7.753155E-04	3.512555E-05
2.390438E+03	8.472837E-04	3.817983E-05
2.430279E+03	9.396786E-04	4.211254E-05
2.470120E+03	1.053172E-03	4.693770E-05
2.509960E+03	1.187357E-03	5.262044E-05
2.549801E+03	1.339784E-03	5.903590E-05
2.589641E+03	1.506459E-03	6.599345E-05
2.629482E+03	1.681410E-03	7.322020E-05
2.669323E+03	1.858228E-03	8.042999E-05
2.709163E+03	2.031575E-03	8.738942E-05
2.749004E+03	2.196070E-03	9.386880E-05
2.788845E+03	2.348247E-03	9.972561E-05
2.828685E+03	2.485203E-03	1.048452E-04
2.868526E+03	2.605472E-03	1.091767E-04
2.908367E+03	2.709261E-03	1.127408E-04
2.948207E+03	2.798382E-03	1.156246E-04
2.988048E+03	2.876017E-03	1.179702E-04
2.998008E+03	2.894077E-03	1.184917E-04
3.007968E+03	2.911759E-03	1.189940E-04
3.017928E+03	2.929315E-03	1.194876E-04
3.027888E+03	2.946631E-03	1.199677E-04
3.037849E+03	2.963771E-03	1.204371E-04
3.047809E+03	2.980813E-03	1.208988E-04
3.057769E+03	2.998008E-03	1.213630E-04
3.067729E+03	3.015424E-03	1.218325E-04
3.077689E+03	3.032957E-03	1.223029E-04
3.087649E+03	3.050855E-03	1.227842E-04
3.097610E+03	3.069194E-03	1.232793E-04
3.107570E+03	3.088043E-03	1.237909E-04
3.117530E+03	3.107476E-03	1.243217E-04
3.127490E+03	3.127736E-03	1.248813E-04
3.137450E+03	3.148717E-03	1.254653E-04
3.147410E+03	3.170490E-03	1.260762E-04
3.157371E+03	3.193294E-03	1.267234E-04
3.167331E+03	3.217198E-03	1.274092E-04
3.177291E+03	3.242434E-03	1.281427E-04
3.187251E+03	3.268722E-03	1.289122E-04
3.197211E+03	3.296466E-03	1.297335E-04
3.207171E+03	3.325556E-03	1.306018E-04
3.217131E+03	3.356221E-03	1.315258E-04
3.227092E+03	3.388510E-03	1.325069E-04
3.237052E+03	3.422480E-03	1.335469E-04
3.247012E+03	3.458350E-03	1.346538E-04
3.256972E+03	3.495998E-03	1.358224E-04
3.266932E+03	3.535642E-03	1.370607E-04
3.276892E+03	3.577321E-03	1.383695E-04
3.286853E+03	3.621244E-03	1.397564E-04
3.296813E+03	3.667285E-03	1.412158E-04
3.306773E+03	3.715640E-03	1.427548E-04
3.316733E+03	3.766345E-03	1.443740E-04
3.326693E+03	3.819595E-03	1.460803E-04
3.336653E+03	3.875246E-03	1.478673E-04
3.346614E+03	3.933655E-03	1.497479E-04
3.356574E+03	3.994675E-03	1.517159E-04
3.366534E+03	4.058482E-03	1.537771E-04
3.376494E+03	4.125091E-03	1.559311E-04
3.386454E+03	4.194674E-03	1.581838E-04
3.396414E+03	4.267232E-03	1.605342E-04
3.406375E+03	4.342754E-03	1.629810E-04
3.416335E+03	4.421406E-03	1.655295E-04
3.426295E+03	4.503334E-03	1.681844E-04
3.436255E+03	4.588349E-03	1.709374E-04
3.446215E+03	4.676758E-03	1.737991E-04
3.456175E+03	4.768352E-03	1.767607E-04
3.466135E+03	4.863427E-03	1.798322E-04
3.476096E+03	4.962102E-03	1.830168E-04
3.486056E+03	5.063967E-03	1.862983E-04
3.496016E+03	5.169471E-03	1.896922E-04
3.505976E+03	5.278372E-03	1.931886E-04
3.515936E+03	5.390770E-03	1.967899E-04
3.525896E+03	5.506416E-03	2.004860E-04
3.535857E+03	5.625598E-03	2.042862E-04
3.545817E+03	5.747721E-03	2.081680E-04
3.555777E+03	5.872729E-03	2.121282E-04
3.565737E+03	6.000766E-03	2.161711E-04
3.575697E+03	6.131268E-03	2.202754E-04
3.585657E+03	6.264416E-03	2.244468E-04
3.595618E+03	6.399869E-03	2.286721E-04
3.605578E+03	6.537864E-03	2.329589E-04
3.615538E+03	6.678116E-03	2.372962E-04
3.625498E+03	6.820553E-03	2.416807E-04
3.635458E+03	6.965327E-03	2.461169E-04
3.645418E+03	7.112620E-03	2.506104E-04
3.655378E+03	7.262283E-03	2.551551E-04
3.665339E+03	7.414561E-03	2.597586E-04
3.675299E+03	7.569551E-03	2.644234E-04
3.685259E+03	7.727552E-03	2.691590E-04
3.695219E+03	7.888698E-03	2.739689E-04
3.705179E+03	8.053319E-03	2.788634E-04
3.715139E+03	8.221742E-03	2.838526E-04
3.725100E+03	8.393906E-03	2.889332E-04
3.735060E+03	8.570096E-03	2.941134E-04
3.745020E+03	8.750571E-03	2.994009E-04
3.754980E+03	8.935725E-03	3.048075E-04
3.764940E+03	9.125111E-03	3.103164E-04
3.774900E+03	9.318976E-03	3.159346E-04
3.784861E+03	9.517091E-03	3.216527E-04
3.794821E+03	9.719506E-03	3.274708E-04
3.804781E+03	9.925571E-03	3.333656E-04
3.814741E+03	1.013511E-02	3.393298E-04
3.824701E+03	1.034741E-02	3.453387E-04
3.834661E+03	1.056165E-02	3.513636E-04
3.844622E+03	1.077728E-02	3.573857E-04
3.854582E+03	1.099325E-02	3.633693E-04
3.864542E+03	1.120839E-02	3.692759E-04
3.874502E+03	1.142186E-02	3.750783E-04
3.884462E+03	1.163239E-02	3.807345E-04
3.894422E+03	1.183861E-02	3.862016E-04
3.904382E+03	1.203962E-02	3.914511E-04
3.914343E+03	1.223411E-02	3.964420E-04
3.924303E+03	1.242081E-02	4.011356E-04
3.934263E+03	1.259897E-02	4.055104E-04
3.944223E+03	1.276754E-02	4.095349E-04
3.954183E+03	1.292580E-02	4.131897E-04
3.964143E+03	1.307299E-02	4.164536E-04
3.974104E+03	1.320872E-02	4.193183E-04
3.984064E+03	1.333281E-02	4.217812E-04
3.994024E+03	1.344522E-02	4.238457E-04
4.003984E+03	1.354571E-02	4.255074E-04
4.013944E+03	1.363501E-02	4.267938E-04
4.023904E+03	1.371321E-02	4.277107E-04
4.033865E+03	1.378090E-02	4.282812E-04
4.043825E+03	1.383884E-02	4.285314E-04
4.053785E+03	1.388782E-02	4.284900E-04
4.063745E+03	1.392853E-02	4.281805E-04
4.073705E+03	1.396186E-02	4.276338E-04
4.083665E+03	1.398875E-02	4.268804E-04
4.093625E+03	1.400969E-02	4.259379E-04
4.103586E+03	1.402595E-02	4.248466E-04
4.113546E+03	1.403813E-02	4.236268E-04
4.123506E+03	1.404678E-02	4.222962E-04
4.133466E+03	1.405256E-02	4.208760E-04
4.143426E+03	1.405586E-02	4.193787E-04
4.153386E+03	1.405735E-02	4.178255E-04
4.163347E+03	1.405743E-02	4.162288E-04
4.173307E+03	1.405603E-02	4.145874E-04
4.183267E+03	1.405358E-02	4.129145E-04
4.193227E+03	1.405008E-02	4.112103E-04
4.203187E+03	1.404582E-02	4.094842E-04
4.213147E+03	1.404053E-02	4.077283E-04
4.223108E+03	1.403462E-02	4.059554E-04
4.233068E+03	1.402778E-02	4.041568E-04
4.243028E+03	1.402044E-02	4.023451E-04
4.252988E+03	1.401230E-02	4.005123E-04
4.262948E+03	1.400367E-02	3.986677E-04
4.272908E+03	1.399489E-02	3.968211E-04
4.282869E+03	1.398601E-02	3.949743E-04
4.292829E+03	1.397769E-02	3.931459E-04
4.302789E+03	1.396998E-02	3.913374E-04
4.312749E+03	1.396406E-02	3.895817E-04
4.322709E+03	1.396021E-02	3.878859E-04
4.332669E+03	1.395950E-02	3.862794E-04
4.342629E+03	1.396318E-02	3.847957E-04
4.352590E+03	1.397253E-02	3.834686E-04
4.362550E+03	1.398907E-02	3.823381E-04
4.372510E+03	1.401466E-02	3.814522E-04
4.382470E+03	1.405133E-02	3.808631E-04
4.392430E+03	1.410059E-02	3.806084E-04
4.402390E+03	1.416418E-02	3.807304E-04
4.412351E+03	1.424331E-02	3.812570E-04
4.422311E+03	1.433896E-02	3.822096E-04
4.432271E+03	1.445186E-02	3.836016E-04
4.442231E+03	1.458240E-02	3.854381E-04
4.452191E+03	1.473066E-02	3.877153E-04
4.462151E+03	1.489618E-02	3.904154E-04
4.472112E+03	1.507830E-02	3.935156E-04
4.482072E+03	1.527581E-02	3.969788E-04
4.492032E+03	1.548743E-02	4.007677E-04
4.501992E+03	1.571120E-02	4.048268E-04
4.511952E+03	1.594461E-02	4.090881E-04
4.521912E+03	1.618536E-02	4.134899E-04
4.531873E+03	1.643053E-02	4.179560E-04
4.541833E+03	1.667699E-02	4.224058E-04
4.551793E+03	1.692149E-02	4.267571E-04
4.561753E+03	1.716089E-02	4.309321E-04
4.571713E+03	1.739173E-02	4.348464E-04
4.581673E+03	1.761126E-02	4.384348E-04
4.591633E+03	1.781621E-02	4.416198E-04
4.601594E+03	1.800438E-02	4.443523E-04
4.611554E+03	1.817339E-02	4.465800E-04
4.621514E+03	1.832154E-02	4.482669E-04
4.631474E+03	1.844758E-02	4.493903E-04
4.641434E+03	1.855101E-02	4.499453E-04
4.651394E+03	1.863165E-02	4.499347E-04
4.661355E+03	1.868980E-02	4.493732E-04
4.671315E+03	1.872599E-02	4.482812E-04
4.681275E+03	1.874197E-02	4.467073E-04
4.691235E+03	1.873897E-02	4.446874E-04
4.701195E+03	1.871908E-02	4.422769E-04
4.711155E+03	1.868412E-02	4.395240E-04
4.721116E+03	1.863640E-02	4.364875E-04
4.731076E+03	1.857837E-02	4.332292E-04
4.741036E+03	1.851206E-02	4.297989E-04
4.750996E+03	1.843970E-02	4.262512E-04
4.760956E+03	1.836336E-02	4.226356E-04
4.770916E+03	1.828452E-02	4.189871E-04
4.780876E+03	1.820478E-02	4.153437E-04
4.790837E+03	1.812494E-02	4.117233E-04
4.800797E+03	1.804575E-02	4.081435E-04
4.810757E+03	1.796703E-02	4.046001E-04
4.820717E+03	1.788935E-02	4.011058E-04
4.830677E+03	1.781237E-02	3.976529E-04
4.840637E+03	1.773582E-02	3.942352E-04
4.850598E+03	1.765955E-02	3.908494E-04
4.860558E+03	1.758297E-02	3.874827E-04
4.870518E+03	1.750590E-02	3.841310E-04
4.880478E+03	1.742803E-02	3.807875E-04
4.890438E+03	1.734914E-02	3.774474E-04
4.900398E+03	1.726896E-02	3.741052E-04
4.910359E+03	1.718776E-02	3.707665E-04
4.920319E+03	1.710579E-02	3.674375E-04
4.930279E+03	1.702354E-02	3.641282E-04
4.940239E+03	1.694169E-02	3.608534E-04
4.950199E+03	1.686099E-02	3.576284E-04
4.960159E+03	1.678288E-02	3.544837E-04
4.970120E+03	1.670851E-02	3.514424E-04
4.980080E+03	1.663919E-02	3.485308E-04
4.990040E+03	1.657688E-02	3.457885E-04
5.000000E+03	1.652314E-02	3.432462E-04
5.009960E+03	1.647963E-02	3.409356E-04
5.019920E+03	1.644851E-02	3.388990E-04
5.029880E+03	1.643148E-02	3.371680E-04
5.039841E+03	1.643051E-02	3.357796E-04
5.049801E+03	1.644702E-02	3.347586E-04
5.059761E+03	1.648284E-02	3.341377E-04
5.069721E+03	1.653963E-02	3.339464E-04
5.079681E+03	1.661860E-02	3.342037E-04
5.089641E+03	1.672091E-02	3.349282E-04
5.099602E+03	1.684770E-02	3.361372E-04
5.109562E+03	1.699934E-02	3.378330E-04
5.119522E+03	1.717665E-02	3.400263E-04
5.129482E+03	1.737965E-02	3.427121E-04
5.139442E+03	1.760822E-02	3.458830E-04
5.149402E+03	1.786192E-02	3.495254E-04
5.159363E+03	1.814001E-02	3.536197E-04
5.169323E+03	1.844137E-02	3.581399E-04
5.179283E+03	1.876471E-02	3.630572E-04
5.189243E+03	1.910788E-02	3.683259E-04
5.199203E+03	1.946887E-02	3.739048E-04
5.209163E+03	1.984520E-02	3.797437E-04
5.219124E+03	2.023406E-02	3.857874E-04
5.229084E+03	2.063217E-02	3.919719E-04
5.239044E+03	2.103639E-02	3.982378E-04
5.249004E+03	2.144321E-02	4.045191E-04
5.258964E+03	2.184875E-02	4.107438E-04
5.268924E+03	2.224924E-02	4.168434E-04
5.278884E+03	2.264116E-02	4.227544E-04
5.288845E+03	2.302028E-02	4.284018E-04
5.298805E+03	2.338343E-02	4.337306E-04
5.308765E+03	2.372662E-02	4.386716E-04
5.318725E+03	2.404676E-02	4.431733E-04
5.328685E+03	2.434074E-02	4.471842E-04
5.338645E+03	2.460549E-02	4.506539E-04
5.348606E+03	2.483843E-02	4.535421E-04
5.358566E+03	2.503729E-02	4.558138E-04
5.368526E+03	2.520038E-02	4.574455E-04
5.378486E+03	2.532558E-02	4.584054E-04
5.388446E+03	2.541190E-02	4.586830E-04
5.398406E+03	2.545829E-02	4.582661E-04
5.408367E+03	2.546475E-02	4.571611E-04
5.418327E+03	2.543155E-02	4.553796E-04
5.428287E+03	2.536050E-02	4.529598E-04
5.438247E+03	2.525420E-02	4.499531E-04
5.448207E+03	2.511567E-02	4.464181E-04
5.458167E+03	2.494825E-02	4.424177E-04
5.468127E+03	2.475524E-02	4.380134E-04
5.478088E+03	2.454045E-02	4.332751E-04
5.488048E+03	2.430575E-02	4.282378E-04
5.498008E+03	2.405351E-02	4.229439E-04
5.507968E+03	2.378670E-02	4.174463E-04
5.517928E+03	2.350778E-02	4.117873E-04
5.527888E+03	2.321936E-02	4.060119E-04
5.537849E+03	2.292490E-02	4.001798E-04
5.547809E+03	2.262753E-02	3.943440E-04
5.557769E+03	2.233000E-02	3.885509E-04
5.567729E+03	2.203623E-02	3.828669E-04
5.577689E+03	2.174901E-02	3.773383E-04
5.587649E+03	2.147175E-02	3.720221E-04
5.597610E+03	2.120752E-02	3.669690E-04
5.607570E+03	2.095923E-02	3.622272E-04
5.617530E+03	2.072963E-02	3.578414E-04
5.627490E+03	2.052141E-02	3.538558E-04
5.637450E+03	2.033682E-02	3.503066E-04
5.647410E+03	2.017760E-02	3.472216E-04
5.657371E+03	2.004561E-02	3.446301E-04
5.667331E+03	1.994236E-02	3.425562E-04
5.677291E+03	1.986842E-02	3.410073E-04
5.687251E+03	1.982461E-02	3.399955E-04
5.697211E+03	1.981135E-02	3.395267E-04
5.707171E+03	1.982828E-02	3.395929E-04
5.717131E+03	1.987506E-02	3.401867E-04
5.727092E+03	1.995071E-02	3.412902E-04
5.737052E+03	2.005364E-02	3.428752E-04
5.747012E+03	2.018224E-02	3.449133E-04
5.756972E+03	2.033427E-02	3.473657E-04
5.766932E+03	2.050708E-02	3.501864E-04
5.776892E+03	2.069763E-02	3.533234E-04
5.786853E+03	2.090250E-02	3.567180E-04
5.796813E+03	2.111799E-02	3.603068E-04
5.806773E+03	2.134008E-02	3.640215E-04
5.816733E+03	2.156482E-02	3.677948E-04
5.826693E+03	2.178772E-02	3.715501E-04
5.836653E+03	2.200448E-02	3.752144E-04
5.846614E+03	2.221112E-02	3.787202E-04
5.856574E+03	2.240345E-02	3.819959E-04
5.866534E+03	2.257804E-02	3.849834E-04
5.876494E+03	2.273139E-02	3.876232E-04
5.886454E+03	2.286079E-02	3.898690E-04
5.896414E+03	2.296434E-02	3.916883E-04
5.906375E+03	2.304033E-02	3.930517E-04
5.916335E+03	2.308794E-02	3.939452E-04
5.926295E+03	2.310734E-02	3.943713E-04
5.936255E+03	2.309887E-02	3.943356E-04
5.946215E+03	2.306380E-02	3.938589E-04
5.956175E+03	2.300423E-02	3.929768E-04
5.966135E+03	2.292207E-02	3.917215E-04
5.976096E+03	2.282045E-02	3.901456E-04
5.986056E+03	2.270262E-02	3.883043E-04
5.996016E+03	2.257212E-02	3.862576E-04
6.005976E+03	2.243245E-02	3.840649E-04
6.015936E+03	2.228747E-02	3.817919E-04
6.025896E+03	2.214130E-02	3.795090E-04
6.035857E+03	2.199731E-02	3.772736E-04
6.045817E+03	2.185966E-02	3.751573E-04
6.055777E+03	2.173141E-02	3.732124E-04
6.065737E+03	2.161580E-02	3.714950E-04
6.075697E+03	2.151601E-02	3.700601E-04
6.085657E+03	2.143435E-02	3.689482E-04
6.095618E+03	2.137319E-02	3.682009E-04
6.105578E+03	2.133398E-02	3.678439E-04
6.115538E+03	2.131785E-02	3.678982E-04
6.125498E+03	2.132589E-02	3.683834E-04
6.135458E+03	2.135811E-02	3.693015E-04
6.145418E+03	2.141416E-02	3.706479E-04
6.155378E+03	2.149284E-02	3.724032E-04
6.165339E+03	2.159232E-02	3.745373E-04
6.175299E+03	2.171038E-02	3.770131E-04
6.185259E+03	2.184376E-02	3.797753E-04
6.195219E+03	2.198917E-02	3.827674E-04
6.205179E+03	2.214214E-02	3.859128E-04
6.215139E+03	2.229900E-02	3.891480E-04
6.225100E+03	2.245526E-02	3.923949E-04
6.235060E+03	2.260817E-02	3.956060E-04
6.245020E+03	2.275488E-02	3.987311E-04
6.254980E+03	2.289215E-02	4.017133E-04
6.264940E+03	2.301815E-02	4.045198E-04
6.274900E+03	2.312956E-02	4.070916E-04
6.284861E+03	2.322476E-02	4.093992E-04
6.294821E+03	2.330097E-02	4.113922E-04
6.304781E+03	2.335637E-02	4.130372E-04
6.314741E+03	2.338913E-02	4.143001E-04
6.324701E+03	2.339742E-02	4.151462E-04
6.334661E+03	2.338020E-02	4.155552E-04
6.344622E+03	2.333598E-02	4.154979E-04
6.354582E+03	2.326438E-02	4.149649E-04
6.364542E+03	2.316484E-02	4.139428E-04
6.374502E+03	2.303713E-02	4.124235E-04
6.384462E+03	2.288162E-02	4.104100E-04
6.394422E+03	2.269848E-02	4.079014E-04
6.404382E+03	2.248845E-02	4.049073E-04
6.414343E+03	2.225284E-02	4.014473E-04
6.424303E+03	2.199242E-02	3.975316E-04
6.434263E+03	2.170952E-02	3.931988E-04
6.444223E+03	2.140560E-02	3.884718E-04
6.454183E+03	2.108307E-02	3.833911E-04
6.464143E+03	2.074443E-02	3.779991E-04
6.474104E+03	2.039222E-02	3.723398E-04
6.484064E+03	2.002899E-02	3.664572E-04
6.494024E+03	1.965722E-02	3.603947E-04
6.503984E+03	1.927928E-02	3.541943E-04
6.513944E+03	1.889684E-02	3.478849E-04
6.523904E+03	1.851116E-02	3.414888E-04
6.533865E+03	1.812323E-02	3.350232E-04
6.543825E+03	1.773447E-02	3.285137E-04
6.553785E+03	1.734568E-02	3.219742E-04
6.563745E+03	1.695813E-02	3.154282E-04
6.573705E+03	1.657315E-02	3.089000E-04
6.583665E+03	1.619168E-02	3.024069E-04
6.593625E+03	1.581511E-02	2.959754E-04
6.603586E+03	1.544465E-02	2.896282E-04
6.613546E+03	1.508168E-02	2.833916E-04
6.623506E+03	1.472715E-02	2.772845E-04
6.633466E+03	1.438219E-02	2.713285E-04
6.643426E+03	1.404819E-02	2.655513E-04
6.653386E+03	1.372574E-02	2.599649E-04
6.663347E+03	1.341587E-02	2.545901E-04
6.673307E+03	1.311948E-02	2.494456E-04
6.683267E+03	1.283702E-02	2.445411E-04
6.693227E+03	1.256898E-02	2.398877E-04
6.703187E+03	1.231574E-02	2.354942E-04
6.713147E+03	1.207773E-02	2.313704E-04
6.723108E+03	1.185510E-02	2.275208E-04
6.733068E+03	1.164771E-02	2.239446E-04
6.743028E+03	1.145552E-02	2.206423E-04
6.752988E+03	1.127867E-02	2.176187E-04
6.762948E+03	1.111664E-02	2.148648E-04
6.772908E+03	1.096910E-02	2.123762E-04
6.782869E+03	1.083599E-02	2.101530E-04
6.792829E+03	1.071657E-02	2.081824E-04
6.802789E+03	1.061052E-02	2.064594E-04
6.812749E+03	1.051715E-02	2.049721E-04
6.822709E+03	1.043621E-02	2.037168E-04
6.832669E+03	1.036684E-02	2.026774E-04
6.842629E+03	1.030857E-02	2.018464E-04
6.852590E+03	1.026080E-02	2.012127E-04
6.862550E+03	1.022276E-02	2.007622E-04
6.872510E+03	1.019400E-02	2.004868E-04
6.882470E+03	1.017390E-02	2.003753E-04
6.892430E+03	1.016173E-02	2.004136E-04
6.902390E+03	1.015707E-02	2.005944E-04
6.912351E+03	1.015935E-02	2.009070E-04
6.922311E+03	1.016792E-02	2.013388E-04
6.932271E+03	1.018242E-02	2.018832E-04
6.942231E+03	1.020239E-02	2.025316E-04
6.952191E+03	1.022724E-02	2.032726E-04
6.962151E+03	1.025657E-02	2.040983E-04
6.972112E+03	1.029015E-02	2.050048E-04
6.982072E+03	1.032764E-02	2.059854E-04
6.992032E+03	1.036840E-02	2.070276E-04
7.001992E+03	1.041244E-02	2.081318E-04
7.011952E+03	1.045949E-02	2.092926E-04
7.021912E+03	1.050895E-02	2.104981E-04
7.031873E+03	1.056087E-02	2.117497E-04
7.041833E+03	1.061484E-02	2.130391E-04
7.051793E+03	1.067059E-02	2.143610E-04
7.061753E+03	1.072802E-02	2.157136E-04
7.071713E+03	1.078652E-02	2.170846E-04
7.081673E+03	1.084614E-02	2.184751E-04
7.091633E+03	1.090624E-02	2.198722E-04
7.101594E+03	1.096683E-02	2.212763E-04
7.111554E+03	1.102723E-02	2.226736E-04
7.121514E+03	1.108727E-02	2.240606E-04
7.131474E+03	1.114674E-02	2.254332E-04
7.141434E+03	1.120489E-02	2.267763E-04
7.151394E+03	1.126148E-02	2.280850E-04
7.161355E+03	1.131609E-02	2.293507E-04
7.171315E+03	1.136827E-02	2.305644E-04
7.181275E+03	1.141755E-02	2.317166E-04
7.191235E+03	1.146329E-02	2.327941E-04
7.201195E+03	1.150538E-02	2.337950E-04
7.211155E+03	1.154298E-02	2.347018E-04
7.221116E+03	1.157579E-02	2.355088E-04
7.231076E+03	1.160337E-02	2.362067E-04
7.241036E+03	1.162528E-02	2.367868E-04
7.250996E+03	1.164112E-02	2.372407E-04
7.260956E+03	1.165052E-02	2.375612E-04
7.270916E+03	1.165299E-02	2.377379E-04
7.280876E+03	1.164868E-02	2.377743E-04
7.290837E+03	1.163725E-02	2.376631E-04
7.300797E+03	1.161843E-02	2.373991E-04
7.310757E+03	1.159266E-02	2.369913E-04
7.320717E+03	1.155991E-02	2.364389E-04
7.330677E+03	1.152045E-02	2.357479E-04
7.340637E+03	1.147469E-02	2.349265E-04
7.350598E+03	1.142316E-02	2.339856E-04
7.360558E+03	1.136672E-02	2.329430E-04
7.370518E+03	1.130592E-02	2.318103E-04
7.380478E+03	1.124204E-02	2.306137E-04
7.390438E+03	1.117564E-02	2.293650E-04
7.400398E+03	1.110814E-02	2.280935E-04
7.410359E+03	1.104061E-02	2.268215E-04
7.420319E+03	1.097416E-02	2.255719E-04
7.430279E+03	1.090948E-02	2.243596E-04
7.440239E+03	1.084766E-02	2.232072E-04
7.450199E+03	1.078994E-02	2.221402E-04
7.460159E+03	1.073688E-02	2.211712E-04
7.470120E+03	1.068975E-02	2.203265E-04
7.480080E+03	1.064895E-02	2.196146E-04
7.490040E+03	1.061511E-02	2.190494E-04
7.500000E+03	1.058876E-02	2.186423E-04
7.509960E+03	1.057046E-02	2.184056E-04
7.519920E+03	1.056028E-02	2.183409E-04
7.529880E+03	1.055828E-02	2.184507E-04
7.539841E+03	1.056442E-02	2.187345E-04
7.549801E+03	1.057850E-02	2.191890E-04
7.559761E+03	1.060020E-02	2.198084E-04
7.569721E+03	1.062888E-02	2.205796E-04
7.579681E+03	1.066418E-02	2.214958E-04
7.589641E+03	1.070544E-02	2.225439E-04
7.599602E+03	1.075193E-02	2.237094E-04
7.609562E+03	1.080291E-02	2.249773E-04
7.619522E+03	1.085745E-02	2.263287E-04
7.629482E+03	1.091483E-02	2.277490E-04
7.639442E+03	1.097474E-02	2.292323E-04
7.649402E+03	1.103605E-02	2.307556E-04
7.659363E+03	1.109806E-02	2.323044E-04
7.669323E+03	1.116028E-02	2.338687E-04
7.679283E+03	1.122204E-02	2.354351E-04
7.689243E+03	1.128250E-02	2.369860E-04
7.699203E+03	1.134106E-02	2.385090E-04
7.709163E+03	1.139736E-02	2.399971E-04
7.719124E+03	1.145089E-02	2.414393E-04
7.729084E+03	1.150094E-02	2.428207E-04
7.739044E+03	1.154725E-02	2.441362E-04
7.749004E+03	1.158918E-02	2.453718E-04
7.758964E+03	1.162651E-02	2.465232E-04
7.768924E+03	1.165860E-02	2.475763E-04
7.778884E+03	1.168503E-02	2.485221E-04
7.788845E+03	1.170558E-02	2.493558E-04
7.798805E+03	1.171981E-02	2.500675E-04
7.808765E+03	1.172701E-02	2.506418E-04
7.818725E+03	1.172669E-02	2.510673E-04
7.828685E+03	1.171852E-02	2.513369E-04
7.838645E+03	1.170172E-02	2.514326E-04
7.848606E+03	1.167591E-02	2.513456E-04
7.858566E+03	1.164021E-02	2.510563E-04
7.868526E+03	1.159399E-02	2.505492E-04
7.878486E+03	1.153655E-02	2.498084E-04
7.888446E+03	1.146743E-02	2.488227E-04
7.898406E+03	1.138551E-02	2.475656E-04
7.908367E+03	1.129035E-02	2.460258E-04
7.918327E+03	1.118110E-02	2.441830E-04
7.928287E+03	1.105720E-02	2.420226E-04
7.938247E+03	1.091840E-02	2.395366E-04
7.948207E+03	1.076389E-02	2.367046E-04
7.958167E+03	1.059385E-02	2.335281E-04
7.968127E+03	1.040780E-02	2.299929E-04
7.978088E+03	1.020647E-02	2.261125E-04
7.988048E+03	9.989774E-03	2.218818E-04
7.998008E+03	9.758547E-03	2.173156E-04
8.007968E+03	9.514000E-03	2.124375E-04
8.017928E+03	9.257949E-03	2.072844E-04
8.027888E+03	8.993047E-03	2.019126E-04
8.037849E+03	8.722041E-03	1.963810E-04
8.047809E+03	8.447791E-03	1.907519E-04
8.057769E+03	8.172700E-03	1.850777E-04
8.067729E+03	7.899348E-03	1.794159E-04
8.077689E+03	7.629953E-03	1.738160E-04
8.087649E+03	7.366373E-03	1.683203E-04
8.097610E+03	7.110412E-03	1.629702E-04
8.107570E+03	6.863945E-03	1.578095E-04
8.117530E+03	6.627904E-03	1.528607E-04
8.127490E+03	6.403862E-03	1.481616E-04
8.137450E+03	6.192374E-03	1.437269E-04
8.147410E+03	5.994614E-03	1.395860E-04
8.157371E+03	5.810930E-03	1.357494E-04
8.167331E+03	5.641797E-03	1.322308E-04
8.177291E+03	5.487685E-03	1.290439E-04
8.187251E+03	5.348706E-03	1.261944E-04
8.197211E+03	5.225017E-03	1.236891E-04
8.207171E+03	5.116816E-03	1.215360E-04
8.217131E+03	5.024026E-03	1.197364E-04
8.227092E+03	4.946652E-03	1.182939E-04
8.237052E+03	4.884782E-03	1.172141E-04
8.247012E+03	4.838184E-03	1.164950E-04
8.256972E+03	4.807058E-03	1.161449E-04
8.266932E+03	4.791185E-03	1.161623E-04
8.276892E+03	4.790800E-03	1.165565E-04
8.286853E+03	4.805740E-03	1.173273E-04
8.296813E+03	4.836184E-03	1.184830E-04
8.306773E+03	4.882234E-03	1.200299E-04
8.316733E+03	4.943914E-03	1.219726E-04
8.326693E+03	5.021379E-03	1.243189E-04
8.336653E+03	5.114909E-03	1.270799E-04
8.346614E+03	5.224694E-03	1.302646E-04
8.356574E+03	5.350680E-03	1.338758E-04
8.366534E+03	5.493277E-03	1.379282E-04
8.376494E+03	5.652517E-03	1.424269E-04
8.386454E+03	5.828369E-03	1.473756E-04
8.396414E+03	6.021013E-03	1.527835E-04
8.406375E+03	6.230422E-03	1.586542E-04
8.416335E+03	6.456490E-03	1.649898E-04
8.426295E+03	6.698848E-03	1.717850E-04
8.436255E+03	6.957134E-03	1.790353E-04
8.446215E+03	7.230847E-03	1.867318E-04
8.456175E+03	7.519509E-03	1.948664E-04
8.466135E+03	7.821960E-03	2.034131E-04
8.476096E+03	8.137565E-03	2.123590E-04
8.486056E+03	8.464786E-03	2.216673E-04
8.496016E+03	8.802457E-03	2.313106E-04
8.505976E+03	9.148856E-03	2.412463E-04
8.515936E+03	9.502493E-03	2.514373E-04
8.525896E+03	9.861311E-03	2.618309E-04
8.535857E+03	1.022333E-02	2.723755E-04
8.545817E+03	1.058644E-02	2.830157E-04
8.555777E+03	1.094847E-02	2.936931E-04
8.565737E+03	1.130716E-02	3.043470E-04
8.575697E+03	1.165997E-02	3.149070E-04
8.585657E+03	1.200487E-02	3.253169E-04
8.595618E+03	1.233961E-02	3.355130E-04
8.605578E+03	1.266171E-02	3.454242E-04
8.615538E+03	1.296901E-02	3.549884E-04
8.625498E+03	1.325951E-02	3.641460E-04
8.635458E+03	1.353165E-02	3.728493E-04
8.645418E+03	1.378339E-02	3.810368E-04
8.655378E+03	1.401286E-02	3.886506E-04
8.665339E+03	1.421940E-02	3.956660E-04
8.675299E+03	1.440153E-02	4.020357E-04
8.685259E+03	1.455799E-02	4.077171E-04
8.695219E+03	1.468883E-02	4.127045E-04
8.705179E+03	1.479286E-02	4.169577E-04
8.715139E+03	1.487064E-02	4.204843E-04
8.725100E+03	1.492180E-02	4.232676E-04
8.735060E+03	1.494662E-02	4.253074E-04
8.745020E+03	1.494557E-02	4.266100E-04
8.754980E+03	1.492009E-02	4.272101E-04
8.764940E+03	1.487031E-02	4.271043E-04
8.774900E+03	1.479765E-02	4.263273E-04
8.784861E+03	1.470372E-02	4.249193E-04
8.794821E+03	1.458985E-02	4.229135E-04
8.804781E+03	1.445751E-02	4.203468E-04
8.814741E+03	1.430860E-02	4.172705E-04
8.824701E+03	1.414436E-02	4.137158E-04
8.834661E+03	1.396679E-02	4.097379E-04
8.844622E+03	1.377755E-02	4.053819E-04
8.854582E+03	1.357789E-02	4.006821E-04
8.864542E+03	1.336981E-02	3.956947E-04
8.874502E+03	1.315485E-02	3.904636E-04
8.884462E+03	1.293451E-02	3.850317E-04
8.894422E+03	1.270983E-02	3.794288E-04
8.904382E+03	1.248249E-02	3.737041E-04
8.914343E+03	1.225369E-02	3.678936E-04
8.924303E+03	1.202419E-02	3.620194E-04
8.934263E+03	1.179566E-02	3.561324E-04
8.944223E+03	1.156863E-02	3.502488E-04
8.954183E+03	1.134386E-02	3.443921E-04
8.964143E+03	1.112201E-02	3.385830E-04
9.003984E+03	1.027451E-02	3.161744E-04
9.043825E+03	9.505838E-03	2.956099E-04
9.083665E+03	8.822949E-03	2.771967E-04
9.123506E+03	8.224332E-03	2.609794E-04
9.163347E+03	7.704056E-03	2.468575E-04
9.203187E+03	7.253941E-03	2.346477E-04
9.243028E+03	6.864656E-03	2.241174E-04
9.282869E+03	6.526168E-03	2.149978E-04
9.322709E+03	6.229493E-03	2.070415E-04
9.362550E+03	5.966933E-03	2.000326E-04
9.402390E+03	5.735233E-03	1.938955E-04
9.442231E+03	5.533449E-03	1.886289E-04
9.482072E+03	5.363863E-03	1.843407E-04
9.521912E+03	5.230296E-03	1.811937E-04
9.561753E+03	5.135807E-03	1.793281E-04
9.601594E+03	5.081362E-03	1.788131E-04
9.641434E+03	5.066595E-03	1.796713E-04
9.681275E+03	5.087398E-03	1.817912E-04
9.721116E+03	5.137714E-03	1.849866E-04
9.760956E+03	5.209208E-03	1.889825E-04
9.800797E+03	5.292102E-03	1.934420E-04
9.840637E+03	5.375708E-03	1.979848E-04
9.880478E+03	5.449413E-03	2.022216E-04
9.920319E+03	5.502387E-03	2.057432E-04
9.960159E+03	5.525648E-03	2.081976E-04
1.000000E+04	5.513099E-03	2.093296E-04
1.003984E+04	5.460561E-03	2.089459E-04
1.007968E+04	5.368467E-03	2.070248E-04
1.011952E+04	5.239862E-03	2.036461E-04
1.015936E+04	5.080009E-03	1.989795E-04
1.019920E+04	4.895420E-03	1.932503E-04
1.023904E+04	4.692912E-03	1.867039E-04
1.027888E+04	4.478862E-03	1.795763E-04
