#wls	flux	fluxerr
1.591072E+03	4.191442E-04	1.679140E-05
1.630849E+03	4.195285E-04	1.679735E-05
1.670626E+03	4.201231E-04	1.681144E-05
1.710403E+03	4.209986E-04	1.683648E-05
1.750180E+03	4.221563E-04	1.687250E-05
1.789957E+03	4.236666E-04	1.692226E-05
1.829733E+03	4.255305E-04	1.698580E-05
1.869510E+03	4.277494E-04	1.706311E-05
1.909287E+03	4.305319E-04	1.716248E-05
1.949064E+03	4.338789E-04	1.728388E-05
1.988841E+03	4.377924E-04	1.742734E-05
2.028617E+03	4.424120E-04	1.759834E-05
2.068394E+03	4.478092E-04	1.779966E-05
2.108171E+03	4.541932E-04	1.803951E-05
2.147948E+03	4.614999E-04	1.831523E-05
2.187725E+03	4.700092E-04	1.863781E-05
2.227501E+03	4.796593E-04	1.900468E-05
2.267278E+03	4.904586E-04	1.941600E-05
2.307055E+03	5.024859E-04	1.987476E-05
2.346832E+03	5.156152E-04	2.037581E-05
2.386609E+03	5.299288E-04	2.092224E-05
2.426386E+03	5.454420E-04	2.151448E-05
2.466162E+03	5.621037E-04	2.215034E-05
2.505939E+03	5.799336E-04	2.283041E-05
2.545716E+03	5.989548E-04	2.355541E-05
2.585493E+03	6.192634E-04	2.432891E-05
2.625270E+03	6.407510E-04	2.514644E-05
2.665046E+03	6.635931E-04	2.601467E-05
2.704823E+03	6.878325E-04	2.693502E-05
2.744600E+03	7.135905E-04	2.791198E-05
2.784377E+03	7.410703E-04	2.895321E-05
2.824154E+03	7.703462E-04	3.006127E-05
2.863930E+03	8.014371E-04	3.123658E-05
2.903707E+03	8.341611E-04	3.247168E-05
2.943484E+03	8.687871E-04	3.377668E-05
2.983261E+03	9.053182E-04	3.515132E-05
2.993205E+03	9.147121E-04	3.550439E-05
3.003149E+03	9.243249E-04	3.586567E-05
3.013094E+03	9.340883E-04	3.623247E-05
3.023038E+03	9.440047E-04	3.660489E-05
3.032982E+03	9.540787E-04	3.698311E-05
3.042926E+03	9.643128E-04	3.736720E-05
3.052870E+03	9.747121E-04	3.775737E-05
3.062815E+03	9.852799E-04	3.815372E-05
3.072759E+03	9.960943E-04	3.855927E-05
3.082703E+03	1.007087E-03	3.897137E-05
3.092647E+03	1.018261E-03	3.939014E-05
3.102591E+03	1.029698E-03	3.981868E-05
3.112536E+03	1.041326E-03	4.025427E-05
3.122480E+03	1.053228E-03	4.070002E-05
3.132424E+03	1.065408E-03	4.115615E-05
3.142368E+03	1.077797E-03	4.161994E-05
3.152312E+03	1.090478E-03	4.209457E-05
3.162257E+03	1.103532E-03	4.258317E-05
3.172201E+03	1.116814E-03	4.308018E-05
3.182145E+03	1.130486E-03	4.359171E-05
3.192089E+03	1.144400E-03	4.411218E-05
3.202033E+03	1.158795E-03	4.465068E-05
3.211978E+03	1.173526E-03	4.520166E-05
3.221922E+03	1.188603E-03	4.576542E-05
3.231866E+03	1.204187E-03	4.634823E-05
3.241810E+03	1.220135E-03	4.694452E-05
3.251754E+03	1.236613E-03	4.756062E-05
3.261699E+03	1.253552E-03	4.819390E-05
3.271643E+03	1.271043E-03	4.884783E-05
3.281587E+03	1.289019E-03	4.951978E-05
3.291531E+03	1.307571E-03	5.021325E-05
3.301475E+03	1.326791E-03	5.093174E-05
3.311420E+03	1.346614E-03	5.167268E-05
3.321364E+03	1.367135E-03	5.243971E-05
3.331308E+03	1.388367E-03	5.323334E-05
3.341252E+03	1.410327E-03	5.405413E-05
3.351196E+03	1.433114E-03	5.490581E-05
3.361141E+03	1.456744E-03	5.578902E-05
3.371085E+03	1.481235E-03	5.670440E-05
3.381029E+03	1.506691E-03	5.765581E-05
3.390973E+03	1.533130E-03	5.864396E-05
3.400917E+03	1.560740E-03	5.967601E-05
3.410862E+03	1.589380E-03	6.074641E-05
3.420806E+03	1.619238E-03	6.186240E-05
3.430750E+03	1.650427E-03	6.302814E-05
3.440694E+03	1.682972E-03	6.424458E-05
3.450638E+03	1.716988E-03	6.551601E-05
3.460583E+03	1.752592E-03	6.684680E-05
3.470527E+03	1.789728E-03	6.823478E-05
3.480471E+03	1.828778E-03	6.969438E-05
3.490415E+03	1.869603E-03	7.122026E-05
3.500359E+03	1.912417E-03	7.282042E-05
3.510304E+03	1.957258E-03	7.449625E-05
3.520248E+03	2.004347E-03	7.625598E-05
3.530192E+03	2.053635E-03	7.809772E-05
3.540136E+03	2.105166E-03	8.002295E-05
3.550080E+03	2.158890E-03	8.202969E-05
3.560025E+03	2.214939E-03	8.412285E-05
3.569969E+03	2.273170E-03	8.629681E-05
3.579913E+03	2.333711E-03	8.855641E-05
3.589857E+03	2.396509E-03	9.089940E-05
3.599802E+03	2.461598E-03	9.332700E-05
3.609746E+03	2.528818E-03	9.583305E-05
3.619690E+03	2.598391E-03	9.842578E-05
3.629634E+03	2.670053E-03	1.010951E-04
3.639578E+03	2.743924E-03	1.038454E-04
3.649523E+03	2.819922E-03	1.066735E-04
3.659467E+03	2.898062E-03	1.095799E-04
3.669411E+03	2.978154E-03	1.125571E-04
3.679355E+03	3.060398E-03	1.156126E-04
3.689299E+03	3.144593E-03	1.187389E-04
3.699244E+03	3.230729E-03	1.219352E-04
3.709188E+03	3.318686E-03	1.251971E-04
3.719132E+03	3.408441E-03	1.285235E-04
3.729076E+03	3.499859E-03	1.319092E-04
3.739020E+03	3.593004E-03	1.353565E-04
3.748965E+03	3.687617E-03	1.388557E-04
3.758909E+03	3.783640E-03	1.424043E-04
3.768853E+03	3.881004E-03	1.459997E-04
3.778797E+03	3.979632E-03	1.496390E-04
3.788741E+03	4.079217E-03	1.533104E-04
3.798686E+03	4.179878E-03	1.570185E-04
3.808630E+03	4.281174E-03	1.607465E-04
3.818574E+03	4.383090E-03	1.644939E-04
3.828518E+03	4.485380E-03	1.682514E-04
3.838462E+03	4.587896E-03	1.720134E-04
3.848407E+03	4.690480E-03	1.757739E-04
3.858351E+03	4.792847E-03	1.795223E-04
3.868295E+03	4.894703E-03	1.832476E-04
3.878239E+03	4.995970E-03	1.869467E-04
3.888183E+03	5.096333E-03	1.906081E-04
3.898128E+03	5.195467E-03	1.942195E-04
3.908072E+03	5.293156E-03	1.977729E-04
3.918016E+03	5.389180E-03	2.012603E-04
3.927960E+03	5.483200E-03	2.046689E-04
3.937904E+03	5.574876E-03	2.079863E-04
3.947849E+03	5.664107E-03	2.112088E-04
3.957793E+03	5.750568E-03	2.143244E-04
3.967737E+03	5.834063E-03	2.173259E-04
3.977681E+03	5.914297E-03	2.202026E-04
3.987625E+03	5.990997E-03	2.229444E-04
3.997570E+03	6.064036E-03	2.255468E-04
4.007514E+03	6.133434E-03	2.280108E-04
4.017458E+03	6.198899E-03	2.303256E-04
4.027402E+03	6.260294E-03	2.324865E-04
4.037346E+03	6.317873E-03	2.345031E-04
4.047291E+03	6.371465E-03	2.363693E-04
4.057235E+03	6.421064E-03	2.380850E-04
4.067179E+03	6.466928E-03	2.396602E-04
4.077123E+03	6.509129E-03	2.410975E-04
4.087067E+03	6.547877E-03	2.424051E-04
4.097012E+03	6.583411E-03	2.435919E-04
4.106956E+03	6.615760E-03	2.446593E-04
4.116900E+03	6.645321E-03	2.456221E-04
4.126844E+03	6.672362E-03	2.464903E-04
4.136788E+03	6.697058E-03	2.472707E-04
4.146733E+03	6.719581E-03	2.479695E-04
4.156677E+03	6.740434E-03	2.486057E-04
4.166621E+03	6.759672E-03	2.491811E-04
4.176565E+03	6.777675E-03	2.497101E-04
4.186509E+03	6.794599E-03	2.501983E-04
4.196454E+03	6.810805E-03	2.506593E-04
4.206398E+03	6.826340E-03	2.510946E-04
4.216342E+03	6.841769E-03	2.515251E-04
4.226286E+03	6.857112E-03	2.519516E-04
4.236231E+03	6.872703E-03	2.523864E-04
4.246175E+03	6.888668E-03	2.528340E-04
4.256119E+03	6.905522E-03	2.533134E-04
4.266063E+03	6.923255E-03	2.538241E-04
4.276007E+03	6.942265E-03	2.543807E-04
4.285952E+03	6.962735E-03	2.549898E-04
4.295896E+03	6.985029E-03	2.556645E-04
4.305840E+03	7.009092E-03	2.564029E-04
4.315784E+03	7.035465E-03	2.572246E-04
4.325728E+03	7.064262E-03	2.581336E-04
4.335673E+03	7.095566E-03	2.591328E-04
4.345617E+03	7.129746E-03	2.602355E-04
4.355561E+03	7.166950E-03	2.614469E-04
4.365505E+03	7.207168E-03	2.627666E-04
4.375449E+03	7.250668E-03	2.642040E-04
4.385394E+03	7.297389E-03	2.657568E-04
4.395338E+03	7.347325E-03	2.674246E-04
4.405282E+03	7.400625E-03	2.692125E-04
4.415226E+03	7.457007E-03	2.711102E-04
4.425170E+03	7.516366E-03	2.731136E-04
4.435115E+03	7.578339E-03	2.752094E-04
4.445059E+03	7.642540E-03	2.773833E-04
4.455003E+03	7.708570E-03	2.796209E-04
4.464947E+03	7.775961E-03	2.819050E-04
4.474891E+03	7.844254E-03	2.842188E-04
4.484836E+03	7.912930E-03	2.865436E-04
4.494780E+03	7.981469E-03	2.888606E-04
4.504724E+03	8.049202E-03	2.911454E-04
4.514668E+03	8.115579E-03	2.933784E-04
4.524612E+03	8.180106E-03	2.955417E-04
4.534557E+03	8.242120E-03	2.976115E-04
4.544501E+03	8.301155E-03	2.995712E-04
4.554445E+03	8.356664E-03	3.014012E-04
4.564389E+03	8.408051E-03	3.030802E-04
4.574333E+03	8.455050E-03	3.045990E-04
4.584278E+03	8.497049E-03	3.059358E-04
4.594222E+03	8.534009E-03	3.070894E-04
4.604166E+03	8.565421E-03	3.080420E-04
4.614110E+03	8.591181E-03	3.087901E-04
4.624054E+03	8.611334E-03	3.093357E-04
4.633999E+03	8.625694E-03	3.096725E-04
4.643943E+03	8.634435E-03	3.098071E-04
4.653887E+03	8.637703E-03	3.097450E-04
4.663831E+03	8.635615E-03	3.094909E-04
4.673775E+03	8.628533E-03	3.090580E-04
4.683720E+03	8.616904E-03	3.084627E-04
4.693664E+03	8.601144E-03	3.077201E-04
4.703608E+03	8.581706E-03	3.068467E-04
4.713552E+03	8.559426E-03	3.058725E-04
4.723496E+03	8.534834E-03	3.048168E-04
4.733441E+03	8.508700E-03	3.037072E-04
4.743385E+03	8.481678E-03	3.025670E-04
4.753329E+03	8.454426E-03	3.014199E-04
4.763273E+03	8.427665E-03	3.002914E-04
4.773217E+03	8.401807E-03	2.991963E-04
4.783162E+03	8.377162E-03	2.981456E-04
4.793106E+03	8.354177E-03	2.971551E-04
4.803050E+03	8.333281E-03	2.962399E-04
4.812994E+03	8.314682E-03	2.954073E-04
4.822938E+03	8.298724E-03	2.946695E-04
4.832883E+03	8.285720E-03	2.940373E-04
4.842827E+03	8.275820E-03	2.935158E-04
4.852771E+03	8.269229E-03	2.931123E-04
4.862715E+03	8.266097E-03	2.928318E-04
4.872660E+03	8.266498E-03	2.926767E-04
4.882604E+03	8.270381E-03	2.926449E-04
4.892548E+03	8.277895E-03	2.927416E-04
4.902492E+03	8.288790E-03	2.929578E-04
4.912436E+03	8.303140E-03	2.932957E-04
4.922381E+03	8.320623E-03	2.937439E-04
4.932325E+03	8.341263E-03	2.943031E-04
4.942269E+03	8.364805E-03	2.949639E-04
4.952213E+03	8.391084E-03	2.957206E-04
4.962157E+03	8.420044E-03	2.965708E-04
4.972102E+03	8.451543E-03	2.975095E-04
4.982046E+03	8.485489E-03	2.985334E-04
4.991990E+03	8.521723E-03	2.996365E-04
5.001934E+03	8.560400E-03	3.008244E-04
5.011878E+03	8.601371E-03	3.020917E-04
5.021823E+03	8.644879E-03	3.034466E-04
5.031767E+03	8.691059E-03	3.048938E-04
5.041711E+03	8.739995E-03	3.064362E-04
5.051655E+03	8.791995E-03	3.080844E-04
5.061599E+03	8.847315E-03	3.098471E-04
5.071544E+03	8.906223E-03	3.117336E-04
5.081488E+03	8.969015E-03	3.137540E-04
5.091432E+03	9.035861E-03	3.159141E-04
5.101376E+03	9.107307E-03	3.182327E-04
5.111320E+03	9.183317E-03	3.207083E-04
5.121265E+03	9.264270E-03	3.233539E-04
5.131209E+03	9.350235E-03	3.261716E-04
5.141153E+03	9.441423E-03	3.291686E-04
5.151097E+03	9.537804E-03	3.323434E-04
5.161041E+03	9.639492E-03	3.356999E-04
5.170986E+03	9.746353E-03	3.392330E-04
5.180930E+03	9.858409E-03	3.429432E-04
5.190874E+03	9.975526E-03	3.468256E-04
5.200818E+03	1.009739E-02	3.508692E-04
5.210762E+03	1.022386E-02	3.550685E-04
5.220707E+03	1.035459E-02	3.594116E-04
5.230651E+03	1.048905E-02	3.638798E-04
5.240595E+03	1.062686E-02	3.684599E-04
5.250539E+03	1.076745E-02	3.731315E-04
5.260483E+03	1.091013E-02	3.778714E-04
5.270428E+03	1.105408E-02	3.826501E-04
5.280372E+03	1.119847E-02	3.874397E-04
5.290316E+03	1.134253E-02	3.922135E-04
5.300260E+03	1.148521E-02	3.969351E-04
5.310204E+03	1.162564E-02	4.015745E-04
5.320149E+03	1.176267E-02	4.060924E-04
5.330093E+03	1.189536E-02	4.104563E-04
5.340037E+03	1.202247E-02	4.146243E-04
5.349981E+03	1.214278E-02	4.185538E-04
5.359925E+03	1.225539E-02	4.222149E-04
5.369870E+03	1.235905E-02	4.255651E-04
5.379814E+03	1.245255E-02	4.285627E-04
5.389758E+03	1.253507E-02	4.311805E-04
5.399702E+03	1.260535E-02	4.333759E-04
5.409646E+03	1.266259E-02	4.351217E-04
5.419591E+03	1.270581E-02	4.363854E-04
5.429535E+03	1.273440E-02	4.371467E-04
5.439479E+03	1.274762E-02	4.373809E-04
5.449423E+03	1.274514E-02	4.370769E-04
5.459367E+03	1.272653E-02	4.362217E-04
5.469312E+03	1.269170E-02	4.348127E-04
5.479256E+03	1.264096E-02	4.328613E-04
5.489200E+03	1.257480E-02	4.303848E-04
5.499144E+03	1.249378E-02	4.274038E-04
5.509089E+03	1.239954E-02	4.239742E-04
5.519033E+03	1.229357E-02	4.201484E-04
5.528977E+03	1.217778E-02	4.159917E-04
5.538921E+03	1.205478E-02	4.115935E-04
5.548865E+03	1.192690E-02	4.070344E-04
5.558810E+03	1.179726E-02	4.024204E-04
5.568754E+03	1.166842E-02	3.978388E-04
5.578698E+03	1.154322E-02	3.933867E-04
5.588642E+03	1.142429E-02	3.891531E-04
5.598586E+03	1.131406E-02	3.852206E-04
5.608531E+03	1.121475E-02	3.816644E-04
5.618475E+03	1.112836E-02	3.785519E-04
5.628419E+03	1.105676E-02	3.759461E-04
5.638363E+03	1.100136E-02	3.738943E-04
5.648307E+03	1.096371E-02	3.724480E-04
5.658252E+03	1.094455E-02	3.716320E-04
5.668196E+03	1.094510E-02	3.714869E-04
5.678140E+03	1.096596E-02	3.720317E-04
5.688084E+03	1.100751E-02	3.732786E-04
5.698028E+03	1.107024E-02	3.752432E-04
5.707973E+03	1.115396E-02	3.779188E-04
5.717917E+03	1.125868E-02	3.813041E-04
5.727861E+03	1.138377E-02	3.853770E-04
5.737805E+03	1.152837E-02	3.901081E-04
5.747749E+03	1.169131E-02	3.954563E-04
5.757694E+03	1.187101E-02	4.013684E-04
5.767638E+03	1.206570E-02	4.077831E-04
5.777582E+03	1.227297E-02	4.146185E-04
5.787526E+03	1.249017E-02	4.217853E-04
5.797470E+03	1.271434E-02	4.291829E-04
5.807415E+03	1.294223E-02	4.367013E-04
5.817359E+03	1.317038E-02	4.442238E-04
5.827303E+03	1.339517E-02	4.516287E-04
5.837247E+03	1.361296E-02	4.587931E-04
5.847191E+03	1.382015E-02	4.655963E-04
5.857136E+03	1.401316E-02	4.719186E-04
5.867080E+03	1.418896E-02	4.776582E-04
5.877024E+03	1.434468E-02	4.827191E-04
5.886968E+03	1.447750E-02	4.870077E-04
5.896912E+03	1.458557E-02	4.904626E-04
5.906857E+03	1.466705E-02	4.930228E-04
5.916801E+03	1.472053E-02	4.946422E-04
5.926745E+03	1.474544E-02	4.953025E-04
5.936689E+03	1.474144E-02	4.949936E-04
5.946633E+03	1.470910E-02	4.937353E-04
5.956578E+03	1.464912E-02	4.915521E-04
5.966522E+03	1.456323E-02	4.885032E-04
5.976466E+03	1.445355E-02	4.846607E-04
5.986410E+03	1.432264E-02	4.801108E-04
5.996354E+03	1.417309E-02	4.749417E-04
6.006299E+03	1.400830E-02	4.692669E-04
6.016243E+03	1.383113E-02	4.631834E-04
6.026187E+03	1.364499E-02	4.568051E-04
6.036131E+03	1.345254E-02	4.502219E-04
6.046075E+03	1.325681E-02	4.435347E-04
6.056020E+03	1.305999E-02	4.368169E-04
6.065964E+03	1.286437E-02	4.301455E-04
6.075908E+03	1.267195E-02	4.235870E-04
6.085852E+03	1.248431E-02	4.171937E-04
6.095796E+03	1.230274E-02	4.110092E-04
6.105741E+03	1.212833E-02	4.050687E-04
6.115685E+03	1.196205E-02	3.994053E-04
6.125629E+03	1.180469E-02	3.940444E-04
6.135573E+03	1.165683E-02	3.890055E-04
6.145518E+03	1.151878E-02	3.842984E-04
6.155462E+03	1.139077E-02	3.799308E-04
6.165406E+03	1.127267E-02	3.758975E-04
6.175350E+03	1.116444E-02	3.721970E-04
6.185294E+03	1.106558E-02	3.688128E-04
6.195239E+03	1.097575E-02	3.657332E-04
6.205183E+03	1.089448E-02	3.629419E-04
6.215127E+03	1.082138E-02	3.604257E-04
6.225071E+03	1.075595E-02	3.581680E-04
6.235015E+03	1.069796E-02	3.561609E-04
6.244960E+03	1.064698E-02	3.543898E-04
6.254904E+03	1.060262E-02	3.528418E-04
6.264848E+03	1.056480E-02	3.515133E-04
6.274792E+03	1.053320E-02	3.503943E-04
6.284736E+03	1.050780E-02	3.494835E-04
6.294681E+03	1.048836E-02	3.487731E-04
6.304625E+03	1.047465E-02	3.482551E-04
6.314569E+03	1.046680E-02	3.479339E-04
6.324513E+03	1.046444E-02	3.477971E-04
6.334457E+03	1.046745E-02	3.478399E-04
6.344402E+03	1.047563E-02	3.480567E-04
6.354346E+03	1.048879E-02	3.484403E-04
6.364290E+03	1.050668E-02	3.489825E-04
6.374234E+03	1.052891E-02	3.496700E-04
6.384178E+03	1.055513E-02	3.504921E-04
6.394123E+03	1.058501E-02	3.514365E-04
6.404067E+03	1.061815E-02	3.524910E-04
6.414011E+03	1.065418E-02	3.536425E-04
6.423955E+03	1.069270E-02	3.548779E-04
6.433899E+03	1.073333E-02	3.561847E-04
6.443844E+03	1.077594E-02	3.575587E-04
6.453788E+03	1.082021E-02	3.589890E-04
6.463732E+03	1.086595E-02	3.604690E-04
6.473676E+03	1.091296E-02	3.619929E-04
6.483620E+03	1.096107E-02	3.635543E-04
6.493565E+03	1.100979E-02	3.651375E-04
6.503509E+03	1.105901E-02	3.667385E-04
6.513453E+03	1.110827E-02	3.683423E-04
6.523397E+03	1.115707E-02	3.699319E-04
6.533341E+03	1.120478E-02	3.714872E-04
6.543286E+03	1.125103E-02	3.729952E-04
6.553230E+03	1.129482E-02	3.744229E-04
6.563174E+03	1.133578E-02	3.757584E-04
6.573118E+03	1.137299E-02	3.769712E-04
6.583062E+03	1.140564E-02	3.780343E-04
6.593007E+03	1.143298E-02	3.789229E-04
6.602951E+03	1.145443E-02	3.796179E-04
6.612895E+03	1.146951E-02	3.801034E-04
6.622839E+03	1.147759E-02	3.803585E-04
6.632783E+03	1.147831E-02	3.803712E-04
6.642728E+03	1.147175E-02	3.801446E-04
6.652672E+03	1.145761E-02	3.796682E-04
6.662616E+03	1.143616E-02	3.789514E-04
6.672560E+03	1.140787E-02	3.780094E-04
6.682504E+03	1.137291E-02	3.768483E-04
6.692449E+03	1.133237E-02	3.755037E-04
6.702393E+03	1.128671E-02	3.739913E-04
6.712337E+03	1.123682E-02	3.723402E-04
6.722281E+03	1.118397E-02	3.705927E-04
6.732225E+03	1.112893E-02	3.687741E-04
6.742170E+03	1.107294E-02	3.669255E-04
6.752114E+03	1.101713E-02	3.650846E-04
6.762058E+03	1.096265E-02	3.632891E-04
6.772002E+03	1.091061E-02	3.615759E-04
6.781946E+03	1.086224E-02	3.599862E-04
6.791891E+03	1.081831E-02	3.585447E-04
6.801835E+03	1.078006E-02	3.572931E-04
6.811779E+03	1.074825E-02	3.562563E-04
6.821723E+03	1.072364E-02	3.554600E-04
6.831668E+03	1.070695E-02	3.549276E-04
6.841612E+03	1.069876E-02	3.546784E-04
6.851556E+03	1.069966E-02	3.547322E-04
6.861500E+03	1.070986E-02	3.550961E-04
6.871444E+03	1.072957E-02	3.557769E-04
6.881389E+03	1.075901E-02	3.567821E-04
6.891333E+03	1.079782E-02	3.581001E-04
6.901277E+03	1.084610E-02	3.597338E-04
6.911221E+03	1.090332E-02	3.616662E-04
6.921165E+03	1.096899E-02	3.638809E-04
6.931110E+03	1.104248E-02	3.663575E-04
6.941054E+03	1.112303E-02	3.690705E-04
6.950998E+03	1.120996E-02	3.719974E-04
6.960942E+03	1.130199E-02	3.750963E-04
6.970886E+03	1.139828E-02	3.783392E-04
6.980831E+03	1.149793E-02	3.816964E-04
6.990775E+03	1.159952E-02	3.851207E-04
7.000719E+03	1.170192E-02	3.885748E-04
7.010663E+03	1.180433E-02	3.920324E-04
7.020607E+03	1.190530E-02	3.954447E-04
7.030552E+03	1.200387E-02	3.987809E-04
7.040496E+03	1.209897E-02	4.020045E-04
7.050440E+03	1.218936E-02	4.050749E-04
7.060384E+03	1.227404E-02	4.079586E-04
7.070328E+03	1.235224E-02	4.106301E-04
7.080273E+03	1.242289E-02	4.130538E-04
7.090217E+03	1.248517E-02	4.152024E-04
7.100161E+03	1.253833E-02	4.170506E-04
7.110105E+03	1.258188E-02	4.185822E-04
7.120049E+03	1.261483E-02	4.197640E-04
7.129994E+03	1.263682E-02	4.205835E-04
7.139938E+03	1.264715E-02	4.210181E-04
7.149882E+03	1.264579E-02	4.210658E-04
7.159826E+03	1.263180E-02	4.206955E-04
7.169770E+03	1.260529E-02	4.199101E-04
7.179715E+03	1.256585E-02	4.186961E-04
7.189659E+03	1.251354E-02	4.170553E-04
7.199603E+03	1.244798E-02	4.149742E-04
7.209547E+03	1.236943E-02	4.124614E-04
7.219491E+03	1.227789E-02	4.095166E-04
7.229436E+03	1.217388E-02	4.061566E-04
7.239380E+03	1.205762E-02	4.023886E-04
7.249324E+03	1.192986E-02	3.982373E-04
7.259268E+03	1.179091E-02	3.937124E-04
7.269212E+03	1.164174E-02	3.888459E-04
7.279157E+03	1.148324E-02	3.836671E-04
7.289101E+03	1.131621E-02	3.782028E-04
7.299045E+03	1.114170E-02	3.724876E-04
7.308989E+03	1.096101E-02	3.665643E-04
7.318933E+03	1.077492E-02	3.604593E-04
7.328878E+03	1.058478E-02	3.542169E-04
7.338822E+03	1.039157E-02	3.478699E-04
7.348766E+03	1.019657E-02	3.414609E-04
7.358710E+03	1.000053E-02	3.350151E-04
7.368654E+03	9.804655E-03	3.285724E-04
7.378599E+03	9.609728E-03	3.221591E-04
7.388543E+03	9.416632E-03	3.158047E-04
7.398487E+03	9.226168E-03	3.095360E-04
7.408431E+03	9.039202E-03	3.033820E-04
7.418375E+03	8.856074E-03	2.973543E-04
7.428320E+03	8.677778E-03	2.914862E-04
7.438264E+03	8.504502E-03	2.857841E-04
7.448208E+03	8.336805E-03	2.802670E-04
7.458152E+03	8.175030E-03	2.749464E-04
7.468097E+03	8.019584E-03	2.698362E-04
7.478041E+03	7.870554E-03	2.649394E-04
7.487985E+03	7.728251E-03	2.602668E-04
7.497929E+03	7.592788E-03	2.558222E-04
7.507873E+03	7.464251E-03	2.516087E-04
7.517818E+03	7.342689E-03	2.476282E-04
7.527762E+03	7.228116E-03	2.438815E-04
7.537706E+03	7.120636E-03	2.403721E-04
7.547650E+03	7.020089E-03	2.370950E-04
7.557594E+03	6.926526E-03	2.340521E-04
7.567539E+03	6.839729E-03	2.312364E-04
7.577483E+03	6.759684E-03	2.286476E-04
7.587427E+03	6.686201E-03	2.262796E-04
7.597371E+03	6.619049E-03	2.241247E-04
7.607315E+03	6.557938E-03	2.221735E-04
7.617260E+03	6.502518E-03	2.204145E-04
7.627204E+03	6.452419E-03	2.188351E-04
7.637148E+03	6.407252E-03	2.174225E-04
7.647092E+03	6.366711E-03	2.161666E-04
7.657036E+03	6.330186E-03	2.150468E-04
7.666981E+03	6.297495E-03	2.140571E-04
7.676925E+03	6.268144E-03	2.131810E-04
7.686869E+03	6.241759E-03	2.124058E-04
7.696813E+03	6.217971E-03	2.117190E-04
7.706757E+03	6.196419E-03	2.111086E-04
7.716702E+03	6.176776E-03	2.105635E-04
7.726646E+03	6.158811E-03	2.100758E-04
7.736590E+03	6.142002E-03	2.096279E-04
7.746534E+03	6.126056E-03	2.092098E-04
7.756478E+03	6.110897E-03	2.088189E-04
7.766423E+03	6.096063E-03	2.084393E-04
7.776367E+03	6.081300E-03	2.080626E-04
7.786311E+03	6.066489E-03	2.076844E-04
7.796255E+03	6.051315E-03	2.072940E-04
7.806199E+03	6.035594E-03	2.068851E-04
7.816144E+03	6.019049E-03	2.064481E-04
7.826088E+03	6.001643E-03	2.059816E-04
7.836032E+03	5.983131E-03	2.054771E-04
7.845976E+03	5.963420E-03	2.049314E-04
7.855920E+03	5.942512E-03	2.043444E-04
7.865865E+03	5.920039E-03	2.037034E-04
7.875809E+03	5.896159E-03	2.030136E-04
7.885753E+03	5.870737E-03	2.022702E-04
7.895697E+03	5.843765E-03	2.014730E-04
7.905641E+03	5.815149E-03	2.006184E-04
7.915586E+03	5.784926E-03	1.997076E-04
7.925530E+03	5.753228E-03	1.987451E-04
7.935474E+03	5.719920E-03	1.977261E-04
7.945418E+03	5.685283E-03	1.966601E-04
7.955362E+03	5.649299E-03	1.955464E-04
7.965307E+03	5.612177E-03	1.943921E-04
7.975251E+03	5.574023E-03	1.932009E-04
7.985195E+03	5.534965E-03	1.919769E-04
7.995139E+03	5.495234E-03	1.907282E-04
8.005083E+03	5.454962E-03	1.894593E-04
8.015028E+03	5.414303E-03	1.881754E-04
8.024972E+03	5.373394E-03	1.868812E-04
8.034916E+03	5.332595E-03	1.855894E-04
8.044860E+03	5.291857E-03	1.842981E-04
8.054804E+03	5.251436E-03	1.830163E-04
8.064749E+03	5.211581E-03	1.817525E-04
8.074693E+03	5.172354E-03	1.805091E-04
8.084637E+03	5.134000E-03	1.792945E-04
8.094581E+03	5.096661E-03	1.781139E-04
8.104526E+03	5.060396E-03	1.769693E-04
8.114470E+03	5.025526E-03	1.758719E-04
8.124414E+03	4.992003E-03	1.748203E-04
8.134358E+03	4.960136E-03	1.738253E-04
8.144302E+03	4.929958E-03	1.728882E-04
8.154247E+03	4.901580E-03	1.720130E-04
8.164191E+03	4.875205E-03	1.712069E-04
8.174135E+03	4.850837E-03	1.704702E-04
8.184079E+03	4.828570E-03	1.698064E-04
8.194023E+03	4.808489E-03	1.692186E-04
8.203968E+03	4.790762E-03	1.687128E-04
8.213912E+03	4.775366E-03	1.682884E-04
8.223856E+03	4.762365E-03	1.679478E-04
8.233800E+03	4.751903E-03	1.676963E-04
8.243744E+03	4.743844E-03	1.675292E-04
8.253689E+03	4.738412E-03	1.674546E-04
8.263633E+03	4.735548E-03	1.674707E-04
8.273577E+03	4.735278E-03	1.675785E-04
8.283521E+03	4.737623E-03	1.677789E-04
8.293465E+03	4.742502E-03	1.680692E-04
8.303410E+03	4.750108E-03	1.684567E-04
8.313354E+03	4.760258E-03	1.689347E-04
8.323298E+03	4.773041E-03	1.695068E-04
8.333242E+03	4.788352E-03	1.701694E-04
8.343186E+03	4.806274E-03	1.709255E-04
8.353131E+03	4.826692E-03	1.717714E-04
8.363075E+03	4.849582E-03	1.727064E-04
8.373019E+03	4.875018E-03	1.737332E-04
8.382963E+03	4.902775E-03	1.748439E-04
8.392907E+03	4.933018E-03	1.760447E-04
8.402852E+03	4.965516E-03	1.773275E-04
8.412796E+03	5.000335E-03	1.786948E-04
8.422740E+03	5.037335E-03	1.801417E-04
8.432684E+03	5.076591E-03	1.816712E-04
8.442628E+03	5.117952E-03	1.832778E-04
8.452573E+03	5.161391E-03	1.849609E-04
8.462517E+03	5.206865E-03	1.867190E-04
8.472461E+03	5.254343E-03	1.885511E-04
8.482405E+03	5.303795E-03	1.904563E-04
8.492349E+03	5.355064E-03	1.924292E-04
8.502294E+03	5.408238E-03	1.944729E-04
8.512238E+03	5.463168E-03	1.965822E-04
8.522182E+03	5.519816E-03	1.987560E-04
8.532126E+03	5.578145E-03	2.009929E-04
8.542070E+03	5.638122E-03	2.032920E-04
8.552015E+03	5.699582E-03	2.056473E-04
8.561959E+03	5.762618E-03	2.080623E-04
8.571903E+03	5.827056E-03	2.105308E-04
8.581847E+03	5.892731E-03	2.130470E-04
8.591791E+03	5.959853E-03	2.156184E-04
8.601736E+03	6.028110E-03	2.182340E-04
8.611680E+03	6.097452E-03	2.208920E-04
8.621624E+03	6.167832E-03	2.235907E-04
8.631568E+03	6.239174E-03	2.263274E-04
8.641512E+03	6.311435E-03	2.291006E-04
8.651457E+03	6.384407E-03	2.319029E-04
8.661401E+03	6.457869E-03	2.347262E-04
8.671345E+03	6.532041E-03	2.375785E-04
8.681289E+03	6.606556E-03	2.404465E-04
8.691233E+03	6.681330E-03	2.433272E-04
8.701178E+03	6.756272E-03	2.462172E-04
8.711122E+03	6.831141E-03	2.491078E-04
8.721066E+03	6.905990E-03	2.520009E-04
8.731010E+03	6.980569E-03	2.548872E-04
8.740955E+03	7.054602E-03	2.577568E-04
8.750899E+03	7.128144E-03	2.606115E-04
8.760843E+03	7.201083E-03	2.634472E-04
8.770787E+03	7.272957E-03	2.662469E-04
8.780731E+03	7.343986E-03	2.690186E-04
8.790676E+03	7.414049E-03	2.717578E-04
8.800620E+03	7.482850E-03	2.744535E-04
8.810564E+03	7.550611E-03	2.771137E-04
8.820508E+03	7.617223E-03	2.797345E-04
8.830452E+03	7.682752E-03	2.823180E-04
8.840397E+03	7.747087E-03	2.848602E-04
8.850341E+03	7.810114E-03	2.873568E-04
8.860285E+03	7.872124E-03	2.898182E-04
8.870229E+03	7.933006E-03	2.922405E-04
8.880173E+03	7.992673E-03	2.946202E-04
8.890118E+03	8.051440E-03	2.969688E-04
8.900062E+03	8.108808E-03	2.992680E-04
8.910006E+03	8.165103E-03	3.015296E-04
8.919950E+03	8.220256E-03	3.037509E-04
8.929894E+03	8.274400E-03	3.059369E-04
8.939839E+03	8.327249E-03	3.080768E-04
8.949783E+03	8.378951E-03	3.101760E-04
8.989560E+03	8.574424E-03	3.181691E-04
9.029336E+03	8.750652E-03	3.254708E-04
9.069113E+03	8.907420E-03	3.320670E-04
9.108890E+03	9.043179E-03	3.378941E-04
9.148667E+03	9.157822E-03	3.429421E-04
9.188444E+03	9.250665E-03	3.471792E-04
9.228220E+03	9.321190E-03	3.505803E-04
9.267997E+03	9.369621E-03	3.531478E-04
9.307774E+03	9.395914E-03	3.548745E-04
9.347551E+03	9.400703E-03	3.557790E-04
9.387328E+03	9.383796E-03	3.558491E-04
9.427105E+03	9.346775E-03	3.551397E-04
9.466881E+03	9.290303E-03	3.536720E-04
9.506658E+03	9.215642E-03	3.514898E-04
9.546435E+03	9.122886E-03	3.485933E-04
9.586212E+03	9.014461E-03	3.450718E-04
9.625989E+03	8.890662E-03	3.409338E-04
9.665765E+03	8.753231E-03	3.362438E-04
9.705542E+03	8.603019E-03	3.310324E-04
9.745319E+03	8.441902E-03	3.253699E-04
9.785096E+03	8.270294E-03	3.192710E-04
9.824873E+03	8.090630E-03	3.128287E-04
9.864649E+03	7.902789E-03	3.060377E-04
9.904426E+03	7.709221E-03	2.989921E-04
9.944203E+03	7.510256E-03	2.917048E-04
9.983980E+03	7.307770E-03	2.842485E-04
1.002376E+04	7.102515E-03	2.766529E-04
1.006353E+04	6.895166E-03	2.689448E-04
1.010331E+04	6.687957E-03	2.612118E-04
1.014309E+04	6.480858E-03	2.534537E-04
1.018286E+04	6.274819E-03	2.457085E-04
1.022264E+04	6.070712E-03	2.380115E-04
1.026242E+04	5.869810E-03	2.304136E-04
