#wls	flux	fluxerr
1.600000E+03	6.028029E-16	4.234776E-16
1.640000E+03	5.894545E-16	4.101843E-16
1.680000E+03	5.767087E-16	3.974356E-16
1.720000E+03	5.644749E-16	3.851581E-16
1.760000E+03	5.529656E-16	3.734852E-16
1.800000E+03	5.421803E-16	3.624016E-16
1.840000E+03	5.320228E-16	3.518282E-16
1.880000E+03	5.227733E-16	3.419348E-16
1.920000E+03	5.143255E-16	3.326321E-16
1.960000E+03	5.067576E-16	3.239516E-16
2.000000E+03	5.001410E-16	3.159176E-16
2.040000E+03	4.944553E-16	3.084940E-16
2.080000E+03	4.898490E-16	3.017489E-16
2.120000E+03	4.863776E-16	2.956882E-16
2.160000E+03	4.840122E-16	2.902641E-16
2.200000E+03	4.828063E-16	2.854778E-16
2.240000E+03	4.827324E-16	2.812802E-16
2.280000E+03	4.837659E-16	2.776235E-16
2.320000E+03	4.858848E-16	2.744608E-16
2.360000E+03	4.890693E-16	2.717464E-16
2.400000E+03	4.932265E-16	2.693938E-16
2.440000E+03	4.982685E-16	2.673216E-16
2.480000E+03	5.042583E-16	2.655303E-16
2.520000E+03	5.111103E-16	2.639400E-16
2.560000E+03	5.187415E-16	2.624748E-16
2.600000E+03	5.272861E-16	2.611690E-16
2.640000E+03	5.365871E-16	2.599097E-16
2.680000E+03	5.467030E-16	2.586921E-16
2.720000E+03	5.576176E-16	2.574744E-16
2.760000E+03	5.693827E-16	2.562462E-16
2.800000E+03	5.819052E-16	2.549313E-16
2.840000E+03	5.950890E-16	2.534577E-16
2.880000E+03	6.089044E-16	2.517869E-16
2.920000E+03	6.232461E-16	2.498535E-16
2.960000E+03	6.380037E-16	2.475981E-16
3.000000E+03	6.531989E-16	2.450199E-16
3.010000E+03	6.570988E-16	2.443363E-16
3.020000E+03	6.610649E-16	2.436463E-16
3.030000E+03	6.649576E-16	2.428984E-16
3.040000E+03	6.689838E-16	2.421685E-16
3.050000E+03	6.730039E-16	2.414055E-16
3.060000E+03	6.770167E-16	2.406095E-16
3.070000E+03	6.810903E-16	2.398047E-16
3.080000E+03	6.852236E-16	2.389905E-16
3.090000E+03	6.894152E-16	2.381663E-16
3.100000E+03	6.936638E-16	2.373315E-16
3.110000E+03	6.978990E-16	2.364621E-16
3.120000E+03	7.022575E-16	2.356045E-16
3.130000E+03	7.065998E-16	2.347118E-16
3.140000E+03	7.110623E-16	2.338295E-16
3.150000E+03	7.155055E-16	2.329116E-16
3.160000E+03	7.200658E-16	2.320027E-16
3.170000E+03	7.246724E-16	2.310799E-16
3.180000E+03	7.293924E-16	2.301644E-16
3.190000E+03	7.341551E-16	2.292340E-16
3.200000E+03	7.389587E-16	2.282882E-16
3.210000E+03	7.439385E-16	2.273689E-16
3.220000E+03	7.489550E-16	2.264330E-16
3.230000E+03	7.540747E-16	2.255009E-16
3.240000E+03	7.592952E-16	2.245719E-16
3.250000E+03	7.646142E-16	2.236453E-16
3.260000E+03	7.700975E-16	2.227401E-16
3.270000E+03	7.756741E-16	2.218355E-16
3.280000E+03	7.813412E-16	2.209311E-16
3.290000E+03	7.872323E-16	2.200644E-16
3.300000E+03	7.932760E-16	2.192148E-16
3.310000E+03	7.994011E-16	2.183628E-16
3.320000E+03	8.057403E-16	2.175447E-16
3.330000E+03	8.122898E-16	2.167590E-16
3.340000E+03	8.189780E-16	2.159862E-16
3.350000E+03	8.259362E-16	2.152610E-16
3.360000E+03	8.330925E-16	2.145639E-16
3.370000E+03	8.404425E-16	2.138937E-16
3.380000E+03	8.480488E-16	2.132662E-16
3.390000E+03	8.559735E-16	2.126964E-16
3.400000E+03	8.640768E-16	2.121490E-16
3.410000E+03	8.725544E-16	2.116720E-16
3.420000E+03	8.812662E-16	2.112306E-16
3.430000E+03	8.903394E-16	2.108551E-16
3.440000E+03	8.997671E-16	2.105431E-16
3.450000E+03	9.094756E-16	2.102768E-16
3.460000E+03	9.196564E-16	2.101002E-16
3.470000E+03	9.301024E-16	2.099652E-16
3.480000E+03	9.410038E-16	2.099145E-16
3.490000E+03	9.523511E-16	2.099450E-16
3.500000E+03	9.640689E-16	2.100397E-16
3.510000E+03	9.762785E-16	2.102244E-16
3.520000E+03	9.889038E-16	2.104821E-16
3.530000E+03	1.001999E-15	2.108239E-16
3.540000E+03	1.015553E-15	2.112468E-16
3.550000E+03	1.029553E-15	2.117478E-16
3.560000E+03	1.044052E-15	2.123372E-16
3.570000E+03	1.058973E-15	2.129988E-16
3.580000E+03	1.074432E-15	2.137552E-16
3.590000E+03	1.090287E-15	2.145775E-16
3.600000E+03	1.106525E-15	2.154629E-16
3.610000E+03	1.123261E-15	2.164329E-16
3.620000E+03	1.140418E-15	2.174716E-16
3.630000E+03	1.157920E-15	2.185635E-16
3.640000E+03	1.175816E-15	2.197172E-16
3.650000E+03	1.194095E-15	2.209288E-16
3.660000E+03	1.212743E-15	2.221944E-16
3.670000E+03	1.231685E-15	2.234986E-16
3.680000E+03	1.250973E-15	2.248487E-16
3.690000E+03	1.270593E-15	2.262402E-16
3.700000E+03	1.290472E-15	2.276576E-16
3.710000E+03	1.310599E-15	2.290967E-16
3.720000E+03	1.330963E-15	2.305528E-16
3.730000E+03	1.351554E-15	2.320214E-16
3.740000E+03	1.372420E-15	2.335076E-16
3.750000E+03	1.393430E-15	2.349860E-16
3.760000E+03	1.414576E-15	2.364520E-16
3.770000E+03	1.435906E-15	2.379104E-16
3.780000E+03	1.457352E-15	2.393464E-16
3.790000E+03	1.478905E-15	2.407548E-16
3.800000E+03	1.500556E-15	2.421306E-16
3.810000E+03	1.522238E-15	2.434595E-16
3.820000E+03	1.543945E-15	2.447367E-16
3.830000E+03	1.565725E-15	2.459664E-16
3.840000E+03	1.587513E-15	2.471345E-16
3.850000E+03	1.609190E-15	2.482190E-16
3.860000E+03	1.630919E-15	2.492415E-16
3.870000E+03	1.652525E-15	2.501720E-16
3.880000E+03	1.674060E-15	2.510148E-16
3.890000E+03	1.695462E-15	2.517578E-16
3.900000E+03	1.716781E-15	2.524055E-16
3.910000E+03	1.737906E-15	2.529385E-16
3.920000E+03	1.758887E-15	2.533618E-16
3.930000E+03	1.779666E-15	2.536649E-16
3.940000E+03	1.800241E-15	2.538454E-16
3.950000E+03	1.820559E-15	2.538939E-16
3.960000E+03	1.840669E-15	2.538164E-16
3.970000E+03	1.860466E-15	2.535973E-16
3.980000E+03	1.880003E-15	2.532430E-16
3.990000E+03	1.899227E-15	2.527466E-16
4.000000E+03	1.918089E-15	2.521016E-16
4.010000E+03	1.936641E-15	2.513158E-16
4.020000E+03	1.954885E-15	2.503903E-16
4.030000E+03	1.972673E-15	2.493080E-16
4.040000E+03	1.990156E-15	2.480905E-16
4.050000E+03	2.007191E-15	2.467224E-16
4.060000E+03	2.023831E-15	2.452137E-16
4.070000E+03	2.040080E-15	2.435686E-16
4.080000E+03	2.055846E-15	2.417808E-16
4.090000E+03	2.071232E-15	2.398674E-16
4.100000E+03	2.086101E-15	2.378180E-16
4.110000E+03	2.100553E-15	2.356509E-16
4.120000E+03	2.114549E-15	2.333681E-16
4.130000E+03	2.128051E-15	2.309730E-16
4.140000E+03	2.141111E-15	2.284797E-16
4.150000E+03	2.153694E-15	2.258927E-16
4.160000E+03	2.165806E-15	2.232224E-16
4.170000E+03	2.177459E-15	2.204796E-16
4.180000E+03	2.188617E-15	2.176712E-16
4.190000E+03	2.199334E-15	2.148136E-16
4.200000E+03	2.209576E-15	2.119150E-16
4.210000E+03	2.219355E-15	2.089882E-16
4.220000E+03	2.228725E-15	2.060506E-16
4.230000E+03	2.237612E-15	2.031076E-16
4.240000E+03	2.246112E-15	2.001809E-16
4.250000E+03	2.254196E-15	1.972803E-16
4.260000E+03	2.261917E-15	1.944231E-16
4.270000E+03	2.269247E-15	1.916192E-16
4.280000E+03	2.276198E-15	1.888818E-16
4.290000E+03	2.282826E-15	1.862269E-16
4.300000E+03	2.289143E-15	1.836662E-16
4.310000E+03	2.295123E-15	1.812074E-16
4.320000E+03	2.300862E-15	1.788667E-16
4.330000E+03	2.306334E-15	1.766490E-16
4.340000E+03	2.311593E-15	1.745641E-16
4.350000E+03	2.316617E-15	1.726139E-16
4.360000E+03	2.321461E-15	1.708044E-16
4.370000E+03	2.326180E-15	1.691392E-16
4.380000E+03	2.330715E-15	1.676115E-16
4.390000E+03	2.335160E-15	1.662236E-16
4.400000E+03	2.339496E-15	1.649674E-16
4.410000E+03	2.343781E-15	1.638387E-16
4.420000E+03	2.347997E-15	1.628261E-16
4.430000E+03	2.352129E-15	1.619171E-16
4.440000E+03	2.356272E-15	1.611059E-16
4.450000E+03	2.360448E-15	1.603808E-16
4.460000E+03	2.364608E-15	1.597249E-16
4.470000E+03	2.368776E-15	1.591264E-16
4.480000E+03	2.373048E-15	1.585784E-16
4.490000E+03	2.377378E-15	1.580652E-16
4.500000E+03	2.381791E-15	1.575767E-16
4.510000E+03	2.386348E-15	1.571064E-16
4.520000E+03	2.391075E-15	1.566464E-16
4.530000E+03	2.395929E-15	1.561863E-16
4.540000E+03	2.400972E-15	1.557237E-16
4.550000E+03	2.406197E-15	1.552538E-16
4.560000E+03	2.411666E-15	1.547780E-16
4.570000E+03	2.417338E-15	1.542930E-16
4.580000E+03	2.423276E-15	1.538043E-16
4.590000E+03	2.429507E-15	1.533169E-16
4.600000E+03	2.436026E-15	1.528359E-16
4.610000E+03	2.442829E-15	1.523684E-16
4.620000E+03	2.449975E-15	1.519278E-16
4.630000E+03	2.457461E-15	1.515249E-16
4.640000E+03	2.465315E-15	1.511746E-16
4.650000E+03	2.473530E-15	1.508910E-16
4.660000E+03	2.482199E-15	1.506956E-16
4.670000E+03	2.491250E-15	1.506010E-16
4.680000E+03	2.500775E-15	1.506300E-16
4.690000E+03	2.510765E-15	1.507999E-16
4.700000E+03	2.521245E-15	1.511294E-16
4.710000E+03	2.532238E-15	1.516363E-16
4.720000E+03	2.543732E-15	1.523349E-16
4.730000E+03	2.555782E-15	1.532414E-16
4.740000E+03	2.568342E-15	1.543636E-16
4.750000E+03	2.581461E-15	1.557121E-16
4.760000E+03	2.595157E-15	1.572923E-16
4.770000E+03	2.609379E-15	1.591020E-16
4.780000E+03	2.624141E-15	1.611395E-16
4.790000E+03	2.639453E-15	1.633996E-16
4.800000E+03	2.655293E-15	1.658718E-16
4.810000E+03	2.671700E-15	1.685467E-16
4.820000E+03	2.688679E-15	1.714102E-16
4.830000E+03	2.706267E-15	1.744484E-16
4.840000E+03	2.724435E-15	1.776415E-16
4.850000E+03	2.743248E-15	1.809748E-16
4.860000E+03	2.762642E-15	1.844241E-16
4.870000E+03	2.782713E-15	1.879754E-16
4.880000E+03	2.803395E-15	1.916037E-16
4.890000E+03	2.824750E-15	1.952924E-16
4.900000E+03	2.846742E-15	1.990187E-16
4.910000E+03	2.869366E-15	2.027619E-16
4.920000E+03	2.892649E-15	2.065040E-16
4.930000E+03	2.916553E-15	2.102229E-16
4.940000E+03	2.941103E-15	2.139014E-16
4.950000E+03	2.966291E-15	2.175205E-16
4.960000E+03	2.992108E-15	2.210619E-16
4.970000E+03	3.018545E-15	2.245073E-16
4.980000E+03	3.045591E-15	2.278395E-16
4.990000E+03	3.073235E-15	2.310415E-16
5.000000E+03	3.101499E-15	2.340995E-16
5.010000E+03	3.130335E-15	2.369952E-16
5.020000E+03	3.159765E-15	2.397160E-16
5.030000E+03	3.189738E-15	2.422449E-16
5.040000E+03	3.220274E-15	2.445706E-16
5.050000E+03	3.251357E-15	2.466802E-16
5.060000E+03	3.282968E-15	2.485615E-16
5.070000E+03	3.315091E-15	2.502031E-16
5.080000E+03	3.347704E-15	2.515949E-16
5.090000E+03	3.380788E-15	2.527276E-16
5.100000E+03	3.414359E-15	2.535961E-16
5.110000E+03	3.448393E-15	2.541939E-16
5.120000E+03	3.482831E-15	2.545133E-16
5.130000E+03	3.517687E-15	2.545540E-16
5.140000E+03	3.552934E-15	2.543147E-16
5.150000E+03	3.588547E-15	2.537968E-16
5.160000E+03	3.624461E-15	2.530010E-16
5.170000E+03	3.660722E-15	2.519393E-16
5.180000E+03	3.697265E-15	2.506187E-16
5.190000E+03	3.734058E-15	2.490525E-16
5.200000E+03	3.771110E-15	2.472605E-16
5.210000E+03	3.808349E-15	2.452618E-16
5.220000E+03	3.845742E-15	2.430830E-16
5.230000E+03	3.883294E-15	2.407583E-16
5.240000E+03	3.920930E-15	2.383230E-16
5.250000E+03	3.958656E-15	2.358231E-16
5.260000E+03	3.996394E-15	2.333062E-16
5.270000E+03	4.034148E-15	2.308314E-16
5.280000E+03	4.071880E-15	2.284615E-16
5.290000E+03	4.109553E-15	2.262655E-16
5.300000E+03	4.147086E-15	2.243151E-16
5.310000E+03	4.184483E-15	2.226906E-16
5.320000E+03	4.221662E-15	2.214699E-16
5.330000E+03	4.258627E-15	2.207348E-16
5.340000E+03	4.295340E-15	2.205621E-16
5.350000E+03	4.331762E-15	2.210222E-16
5.360000E+03	4.367813E-15	2.221738E-16
5.370000E+03	4.403499E-15	2.240679E-16
5.380000E+03	4.438785E-15	2.267386E-16
5.390000E+03	4.473635E-15	2.302037E-16
5.400000E+03	4.507970E-15	2.344623E-16
5.410000E+03	4.541802E-15	2.395018E-16
5.420000E+03	4.575053E-15	2.452903E-16
5.430000E+03	4.607737E-15	2.517882E-16
5.440000E+03	4.639825E-15	2.589436E-16
5.450000E+03	4.671288E-15	2.666971E-16
5.460000E+03	4.702051E-15	2.749815E-16
5.470000E+03	4.732182E-15	2.837353E-16
5.480000E+03	4.761561E-15	2.928845E-16
5.490000E+03	4.790257E-15	3.023675E-16
5.500000E+03	4.818201E-15	3.121151E-16
5.510000E+03	4.845417E-15	3.220667E-16
5.520000E+03	4.871885E-15	3.321615E-16
5.530000E+03	4.897584E-15	3.423418E-16
5.540000E+03	4.922496E-15	3.525528E-16
5.550000E+03	4.946650E-15	3.627470E-16
5.560000E+03	4.969981E-15	3.728725E-16
5.570000E+03	4.992471E-15	3.828843E-16
5.580000E+03	5.014055E-15	3.927362E-16
5.590000E+03	5.034817E-15	4.023964E-16
5.600000E+03	5.054693E-15	4.118244E-16
5.610000E+03	5.073619E-15	4.209817E-16
5.620000E+03	5.091684E-15	4.298449E-16
5.630000E+03	5.108826E-15	4.383802E-16
5.640000E+03	5.125033E-15	4.465604E-16
5.650000E+03	5.140348E-15	4.543647E-16
5.660000E+03	5.154658E-15	4.617609E-16
5.670000E+03	5.168058E-15	4.687369E-16
5.680000E+03	5.180540E-15	4.752733E-16
5.690000E+03	5.192048E-15	4.813480E-16
5.700000E+03	5.202576E-15	4.869452E-16
5.710000E+03	5.212170E-15	4.920554E-16
5.720000E+03	5.220776E-15	4.966616E-16
5.730000E+03	5.228442E-15	5.007577E-16
5.740000E+03	5.235115E-15	5.043298E-16
5.750000E+03	5.240845E-15	5.073752E-16
5.760000E+03	5.245633E-15	5.098879E-16
5.770000E+03	5.249427E-15	5.118583E-16
5.780000E+03	5.252281E-15	5.132885E-16
5.790000E+03	5.254147E-15	5.141719E-16
5.800000E+03	5.255078E-15	5.145135E-16
5.810000E+03	5.255080E-15	5.143148E-16
5.820000E+03	5.254106E-15	5.135735E-16
5.830000E+03	5.252163E-15	5.122939E-16
5.840000E+03	5.249308E-15	5.104867E-16
5.850000E+03	5.245551E-15	5.081588E-16
5.860000E+03	5.240848E-15	5.053139E-16
5.870000E+03	5.235209E-15	5.019616E-16
5.880000E+03	5.228645E-15	4.981133E-16
5.890000E+03	5.221219E-15	4.937862E-16
5.900000E+03	5.212840E-15	4.889846E-16
5.910000E+03	5.203624E-15	4.837333E-16
5.920000E+03	5.193484E-15	4.780392E-16
5.930000E+03	5.182485E-15	4.719250E-16
5.940000E+03	5.170642E-15	4.654096E-16
5.950000E+03	5.157923E-15	4.585090E-16
5.960000E+03	5.144394E-15	4.512494E-16
5.970000E+03	5.129974E-15	4.436448E-16
5.980000E+03	5.114732E-15	4.357242E-16
5.990000E+03	5.098688E-15	4.275131E-16
6.000000E+03	5.081863E-15	4.190380E-16
6.010000E+03	5.064180E-15	4.103191E-16
6.020000E+03	5.045759E-15	4.013936E-16
6.030000E+03	5.026476E-15	3.922803E-16
6.040000E+03	5.006454E-15	3.830188E-16
6.050000E+03	4.985669E-15	3.736381E-16
6.060000E+03	4.964048E-15	3.641648E-16
6.070000E+03	4.941668E-15	3.546378E-16
6.080000E+03	4.918508E-15	3.450894E-16
6.090000E+03	4.894548E-15	3.355530E-16
6.100000E+03	4.869771E-15	3.260627E-16
6.110000E+03	4.844206E-15	3.166563E-16
6.120000E+03	4.817837E-15	3.073684E-16
6.130000E+03	4.790603E-15	2.982303E-16
6.140000E+03	4.762585E-15	2.892817E-16
6.150000E+03	4.733676E-15	2.805492E-16
6.160000E+03	4.703959E-15	2.720688E-16
6.170000E+03	4.673424E-15	2.638684E-16
6.180000E+03	4.642062E-15	2.559721E-16
6.190000E+03	4.609955E-15	2.484049E-16
6.200000E+03	4.577141E-15	2.411843E-16
6.210000E+03	4.543659E-15	2.343218E-16
6.220000E+03	4.509544E-15	2.278228E-16
6.230000E+03	4.474881E-15	2.216887E-16
6.240000E+03	4.439704E-15	2.159124E-16
6.250000E+03	4.404141E-15	2.104856E-16
6.260000E+03	4.368224E-15	2.053904E-16
6.270000E+03	4.332034E-15	2.006075E-16
6.280000E+03	4.295646E-15	1.961154E-16
6.290000E+03	4.259137E-15	1.918916E-16
6.300000E+03	4.222535E-15	1.879126E-16
6.310000E+03	4.185915E-15	1.841592E-16
6.320000E+03	4.149346E-15	1.806161E-16
6.330000E+03	4.112855E-15	1.772711E-16
6.340000E+03	4.076551E-15	1.741216E-16
6.350000E+03	4.040373E-15	1.711644E-16
6.360000E+03	4.004468E-15	1.684121E-16
6.370000E+03	3.968856E-15	1.658788E-16
6.380000E+03	3.933514E-15	1.635835E-16
6.390000E+03	3.898542E-15	1.615559E-16
6.400000E+03	3.863955E-15	1.598267E-16
6.410000E+03	3.829809E-15	1.584312E-16
6.420000E+03	3.796075E-15	1.574024E-16
6.430000E+03	3.762806E-15	1.567757E-16
6.440000E+03	3.730054E-15	1.565833E-16
6.450000E+03	3.697789E-15	1.568484E-16
6.460000E+03	3.666021E-15	1.575893E-16
6.470000E+03	3.634720E-15	1.588138E-16
6.480000E+03	3.603934E-15	1.605243E-16
6.490000E+03	3.573671E-15	1.627122E-16
6.500000E+03	3.543901E-15	1.653587E-16
6.510000E+03	3.514785E-15	1.684466E-16
6.520000E+03	3.486250E-15	1.719420E-16
6.530000E+03	3.458378E-15	1.758140E-16
6.540000E+03	3.431134E-15	1.800234E-16
6.550000E+03	3.404596E-15	1.845354E-16
6.560000E+03	3.378766E-15	1.893114E-16
6.570000E+03	3.353568E-15	1.943091E-16
6.580000E+03	3.329076E-15	1.994963E-16
6.590000E+03	3.305291E-15	2.048386E-16
6.600000E+03	3.282171E-15	2.103017E-16
6.610000E+03	3.259752E-15	2.158581E-16
6.620000E+03	3.237991E-15	2.214782E-16
6.630000E+03	3.216924E-15	2.271398E-16
6.640000E+03	3.196543E-15	2.328205E-16
6.650000E+03	3.176807E-15	2.384974E-16
6.660000E+03	3.157782E-15	2.441578E-16
6.670000E+03	3.139426E-15	2.497829E-16
6.680000E+03	3.121732E-15	2.553579E-16
6.690000E+03	3.104727E-15	2.608730E-16
6.700000E+03	3.088368E-15	2.663135E-16
6.710000E+03	3.072683E-15	2.716721E-16
6.720000E+03	3.057664E-15	2.769395E-16
6.730000E+03	3.043265E-15	2.821043E-16
6.740000E+03	3.029550E-15	2.871656E-16
6.750000E+03	3.016473E-15	2.921135E-16
6.760000E+03	3.004062E-15	2.969454E-16
6.770000E+03	2.992271E-15	3.016523E-16
6.780000E+03	2.981127E-15	3.062331E-16
6.790000E+03	2.970585E-15	3.106794E-16
6.800000E+03	2.960707E-15	3.149948E-16
6.810000E+03	2.951412E-15	3.191677E-16
6.820000E+03	2.942762E-15	3.232024E-16
6.830000E+03	2.934713E-15	3.270918E-16
6.840000E+03	2.927254E-15	3.308326E-16
6.850000E+03	2.920378E-15	3.344218E-16
6.860000E+03	2.914110E-15	3.378608E-16
6.870000E+03	2.908406E-15	3.411425E-16
6.880000E+03	2.903294E-15	3.442684E-16
6.890000E+03	2.898763E-15	3.472360E-16
6.900000E+03	2.894771E-15	3.500383E-16
6.910000E+03	2.891343E-15	3.526770E-16
6.920000E+03	2.888436E-15	3.551449E-16
6.930000E+03	2.886113E-15	3.574484E-16
6.940000E+03	2.884295E-15	3.595758E-16
6.950000E+03	2.882971E-15	3.615243E-16
6.960000E+03	2.882209E-15	3.633002E-16
6.970000E+03	2.881925E-15	3.648915E-16
6.980000E+03	2.882150E-15	3.663000E-16
6.990000E+03	2.882876E-15	3.675226E-16
7.000000E+03	2.884057E-15	3.685518E-16
7.010000E+03	2.885760E-15	3.693938E-16
7.020000E+03	2.887867E-15	3.700313E-16
7.030000E+03	2.890481E-15	3.704755E-16
7.040000E+03	2.893484E-15	3.707088E-16
7.050000E+03	2.896978E-15	3.707422E-16
7.060000E+03	2.900846E-15	3.705581E-16
7.070000E+03	2.905154E-15	3.701629E-16
7.080000E+03	2.909857E-15	3.695483E-16
7.090000E+03	2.914948E-15	3.687112E-16
7.100000E+03	2.920419E-15	3.676482E-16
7.110000E+03	2.926263E-15	3.663560E-16
7.120000E+03	2.932472E-15	3.648315E-16
7.130000E+03	2.939000E-15	3.630669E-16
7.140000E+03	2.945839E-15	3.610592E-16
7.150000E+03	2.953019E-15	3.588104E-16
7.160000E+03	2.960456E-15	3.563082E-16
7.170000E+03	2.968219E-15	3.535598E-16
7.180000E+03	2.976181E-15	3.505491E-16
7.190000E+03	2.984453E-15	3.472879E-16
7.200000E+03	2.992907E-15	3.437612E-16
7.210000E+03	3.001574E-15	3.399724E-16
7.220000E+03	3.010405E-15	3.359165E-16
7.230000E+03	3.019430E-15	3.315981E-16
7.240000E+03	3.028599E-15	3.270134E-16
7.250000E+03	3.037822E-15	3.221552E-16
7.260000E+03	3.047169E-15	3.170347E-16
7.270000E+03	3.056588E-15	3.116509E-16
7.280000E+03	3.066029E-15	3.060042E-16
7.290000E+03	3.075438E-15	3.000966E-16
7.300000E+03	3.084844E-15	2.939395E-16
7.310000E+03	3.094193E-15	2.875383E-16
7.320000E+03	3.103432E-15	2.809003E-16
7.330000E+03	3.112505E-15	2.740356E-16
7.340000E+03	3.121440E-15	2.669642E-16
7.350000E+03	3.130139E-15	2.596983E-16
7.360000E+03	3.138545E-15	2.522576E-16
7.370000E+03	3.146683E-15	2.446728E-16
7.380000E+03	3.154497E-15	2.369723E-16
7.390000E+03	3.161884E-15	2.291873E-16
7.400000E+03	3.168871E-15	2.213647E-16
7.410000E+03	3.175354E-15	2.135493E-16
7.420000E+03	3.181358E-15	2.058031E-16
7.430000E+03	3.186737E-15	1.981860E-16
7.440000E+03	3.191601E-15	1.907841E-16
7.450000E+03	3.195847E-15	1.836806E-16
7.460000E+03	3.199457E-15	1.769746E-16
7.470000E+03	3.202543E-15	1.707823E-16
7.480000E+03	3.205002E-15	1.652159E-16
7.490000E+03	3.206951E-15	1.604038E-16
7.500000E+03	3.208288E-15	1.564624E-16
7.510000E+03	3.209133E-15	1.535111E-16
7.520000E+03	3.209431E-15	1.516442E-16
7.530000E+03	3.209260E-15	1.509368E-16
7.540000E+03	3.208571E-15	1.514257E-16
7.550000E+03	3.207403E-15	1.531151E-16
7.560000E+03	3.205839E-15	1.559756E-16
7.570000E+03	3.203791E-15	1.599379E-16
7.580000E+03	3.201347E-15	1.649171E-16
7.590000E+03	3.198552E-15	1.708109E-16
7.600000E+03	3.195321E-15	1.775030E-16
7.610000E+03	3.191790E-15	1.848885E-16
7.620000E+03	3.187876E-15	1.928551E-16
7.630000E+03	3.183672E-15	2.013078E-16
7.640000E+03	3.179184E-15	2.101563E-16
7.650000E+03	3.174373E-15	2.193164E-16
7.660000E+03	3.169290E-15	2.287193E-16
7.670000E+03	3.163941E-15	2.383021E-16
7.680000E+03	3.158332E-15	2.480095E-16
7.690000E+03	3.152514E-15	2.577973E-16
7.700000E+03	3.146449E-15	2.676200E-16
7.710000E+03	3.140142E-15	2.774409E-16
7.720000E+03	3.133645E-15	2.872319E-16
7.730000E+03	3.126917E-15	2.969612E-16
7.740000E+03	3.119966E-15	3.066040E-16
7.750000E+03	3.112841E-15	3.161430E-16
7.760000E+03	3.105547E-15	3.255595E-16
7.770000E+03	3.098000E-15	3.348270E-16
7.780000E+03	3.090296E-15	3.439401E-16
7.790000E+03	3.082349E-15	3.528754E-16
7.800000E+03	3.074254E-15	3.616311E-16
7.810000E+03	3.065927E-15	3.701861E-16
7.820000E+03	3.057417E-15	3.785360E-16
7.830000E+03	3.048729E-15	3.866722E-16
7.840000E+03	3.039778E-15	3.945757E-16
7.850000E+03	3.030659E-15	4.022506E-16
7.860000E+03	3.021287E-15	4.096789E-16
7.870000E+03	3.011711E-15	4.168607E-16
7.880000E+03	3.001848E-15	4.237784E-16
7.890000E+03	2.991791E-15	4.304395E-16
7.900000E+03	2.981501E-15	4.368336E-16
7.910000E+03	2.970894E-15	4.429436E-16
7.920000E+03	2.960064E-15	4.487792E-16
7.930000E+03	2.948882E-15	4.543169E-16
7.940000E+03	2.937443E-15	4.595674E-16
7.950000E+03	2.925619E-15	4.645073E-16
7.960000E+03	2.913505E-15	4.691482E-16
7.970000E+03	2.900973E-15	4.734667E-16
7.980000E+03	2.888119E-15	4.774754E-16
7.990000E+03	2.874903E-15	4.811657E-16
8.000000E+03	2.861375E-15	4.845441E-16
8.010000E+03	2.847542E-15	4.876101E-16
8.020000E+03	2.833497E-15	4.903788E-16
8.030000E+03	2.819202E-15	4.928433E-16
8.040000E+03	2.804750E-15	4.950196E-16
8.050000E+03	2.790147E-15	4.969092E-16
8.060000E+03	2.775396E-15	4.985136E-16
8.070000E+03	2.760548E-15	4.998424E-16
8.080000E+03	2.745562E-15	5.008900E-16
8.090000E+03	2.730576E-15	5.016822E-16
8.100000E+03	2.715462E-15	5.021980E-16
8.110000E+03	2.700355E-15	5.024638E-16
8.120000E+03	2.685216E-15	5.024745E-16
8.130000E+03	2.670007E-15	5.022251E-16
8.140000E+03	2.654861E-15	5.017427E-16
8.150000E+03	2.639652E-15	5.010065E-16
8.160000E+03	2.624470E-15	5.000357E-16
8.170000E+03	2.609320E-15	4.988339E-16
8.180000E+03	2.594162E-15	4.973962E-16
8.190000E+03	2.579041E-15	4.957343E-16
8.200000E+03	2.563920E-15	4.938437E-16
8.210000E+03	2.548886E-15	4.917440E-16
8.220000E+03	2.533858E-15	4.894227E-16
8.230000E+03	2.518881E-15	4.868916E-16
8.240000E+03	2.503917E-15	4.841463E-16
8.250000E+03	2.489051E-15	4.812066E-16
8.260000E+03	2.474204E-15	4.780601E-16
8.270000E+03	2.459378E-15	4.747107E-16
8.280000E+03	2.444659E-15	4.711780E-16
8.290000E+03	2.429925E-15	4.674420E-16
8.300000E+03	2.415303E-15	4.635303E-16
8.310000E+03	2.400672E-15	4.594231E-16
8.320000E+03	2.386157E-15	4.551477E-16
8.330000E+03	2.371639E-15	4.506846E-16
8.340000E+03	2.357199E-15	4.460532E-16
8.350000E+03	2.342761E-15	4.412421E-16
8.360000E+03	2.328407E-15	4.362705E-16
8.370000E+03	2.314099E-15	4.311347E-16
8.380000E+03	2.299798E-15	4.258313E-16
8.390000E+03	2.285587E-15	4.203791E-16
8.400000E+03	2.271348E-15	4.147601E-16
8.410000E+03	2.257203E-15	4.090005E-16
8.420000E+03	2.243034E-15	4.030826E-16
8.430000E+03	2.228922E-15	3.970250E-16
8.440000E+03	2.214831E-15	3.908250E-16
8.450000E+03	2.200721E-15	3.844800E-16
8.460000E+03	2.186674E-15	3.780082E-16
8.470000E+03	2.172614E-15	3.714004E-16
8.480000E+03	2.158580E-15	3.646681E-16
8.490000E+03	2.144498E-15	3.578028E-16
8.500000E+03	2.130446E-15	3.508225E-16
8.510000E+03	2.116426E-15	3.437318E-16
8.520000E+03	2.102325E-15	3.365172E-16
8.530000E+03	2.088259E-15	3.292024E-16
8.540000E+03	2.074153E-15	3.217808E-16
8.550000E+03	2.060010E-15	3.142579E-16
8.560000E+03	2.045869E-15	3.066454E-16
8.570000E+03	2.031657E-15	2.989378E-16
8.580000E+03	2.017412E-15	2.911472E-16
8.590000E+03	2.003136E-15	2.832800E-16
8.600000E+03	1.988757E-15	2.753326E-16
8.610000E+03	1.974351E-15	2.673226E-16
8.620000E+03	1.959883E-15	2.592525E-16
8.630000E+03	1.945317E-15	2.511254E-16
8.640000E+03	1.930693E-15	2.429547E-16
8.650000E+03	1.915975E-15	2.347447E-16
8.660000E+03	1.901165E-15	2.265052E-16
8.670000E+03	1.886229E-15	2.182423E-16
8.680000E+03	1.871170E-15	2.099676E-16
8.690000E+03	1.856025E-15	2.016974E-16
8.700000E+03	1.840724E-15	1.934369E-16
8.710000E+03	1.825271E-15	1.852011E-16
8.720000E+03	1.809702E-15	1.770098E-16
8.730000E+03	1.793949E-15	1.688739E-16
8.740000E+03	1.778016E-15	1.608137E-16
8.750000E+03	1.761938E-15	1.528549E-16
8.760000E+03	1.745615E-15	1.450137E-16
8.770000E+03	1.729118E-15	1.373253E-16
8.780000E+03	1.712416E-15	1.298197E-16
8.790000E+03	1.695443E-15	1.225297E-16
8.800000E+03	1.678271E-15	1.155040E-16
8.810000E+03	1.660834E-15	1.087876E-16
8.820000E+03	1.643171E-15	1.024397E-16
8.830000E+03	1.625217E-15	9.651994E-17
8.840000E+03	1.607044E-15	9.110362E-17
8.850000E+03	1.588656E-15	8.626670E-17
8.860000E+03	1.570057E-15	8.208722E-17
8.870000E+03	1.551283E-15	7.864159E-17
8.880000E+03	1.532372E-15	7.599508E-17
8.890000E+03	1.513360E-15	7.419319E-17
8.900000E+03	1.494251E-15	7.325205E-17
8.910000E+03	1.475114E-15	7.315855E-17
8.920000E+03	1.455952E-15	7.386416E-17
8.930000E+03	1.436799E-15	7.529536E-17
8.940000E+03	1.417658E-15	7.735932E-17
8.950000E+03	1.398565E-15	7.995718E-17
8.960000E+03	1.379554E-15	8.299092E-17
8.970000E+03	1.360595E-15	8.636529E-17
8.980000E+03	1.341754E-15	9.000084E-17
8.990000E+03	1.323032E-15	9.382547E-17
9.000000E+03	1.304431E-15	9.777798E-17
9.040000E+03	1.231476E-15	1.139868E-16
9.080000E+03	1.161299E-15	1.295318E-16
9.120000E+03	1.094204E-15	1.435253E-16
9.160000E+03	1.030451E-15	1.556599E-16
9.200000E+03	9.700293E-16	1.658717E-16
9.240000E+03	9.130230E-16	1.742487E-16
9.280000E+03	8.593281E-16	1.809164E-16
9.320000E+03	8.088895E-16	1.860416E-16
9.360000E+03	7.615907E-16	1.897911E-16
9.400000E+03	7.173403E-16	1.923403E-16
9.440000E+03	6.759668E-16	1.938387E-16
9.480000E+03	6.373546E-16	1.944417E-16
9.520000E+03	6.013649E-16	1.942870E-16
9.560000E+03	5.678631E-16	1.935020E-16
9.600000E+03	5.366696E-16	1.921850E-16
9.640000E+03	5.076859E-16	1.904490E-16
9.680000E+03	4.807689E-16	1.883794E-16
9.720000E+03	4.557820E-16	1.860506E-16
9.760000E+03	4.325950E-16	1.835276E-16
9.800000E+03	4.111074E-16	1.808761E-16
9.840000E+03	3.911774E-16	1.781338E-16
9.880000E+03	3.727161E-16	1.753511E-16
9.920000E+03	3.556392E-16	1.725724E-16
9.960000E+03	3.397998E-16	1.698030E-16
1.000000E+04	3.251470E-16	1.670864E-16
1.004000E+04	3.115668E-16	1.644276E-16
1.008000E+04	2.990165E-16	1.618617E-16
1.012000E+04	2.873912E-16	1.593847E-16
1.016000E+04	2.766338E-16	1.570125E-16
1.020000E+04	2.666691E-16	1.547457E-16
1.024000E+04	2.574682E-16	1.526070E-16
1.028000E+04	2.489405E-16	1.505788E-16
1.032000E+04	2.410626E-16	1.486794E-16
