#wls	flux	fluxerr	mangling_mask
2.643057E+03	2.579589E-15	8.878242E-16	1.281465E+00
2.646312E+03	2.803329E-15	8.403346E-16	1.281581E+00
2.649571E+03	2.969690E-15	8.554222E-16	1.281696E+00
2.652832E+03	3.117111E-15	8.657636E-16	1.281812E+00
2.656097E+03	3.255841E-15	7.619934E-16	1.281928E+00
2.659364E+03	3.411777E-15	5.850314E-16	1.282045E+00
2.662635E+03	3.574409E-15	4.917150E-16	1.282161E+00
2.665909E+03	3.741046E-15	4.943067E-16	1.282278E+00
2.669186E+03	3.874115E-15	4.934321E-16	1.282395E+00
2.672465E+03	3.966426E-15	4.974022E-16	1.282512E+00
2.675748E+03	4.060165E-15	4.845333E-16	1.282630E+00
2.679034E+03	4.147636E-15	4.248134E-16	1.282748E+00
2.682323E+03	4.251416E-15	4.520203E-16	1.282866E+00
2.685615E+03	4.366763E-15	4.560278E-16	1.282984E+00
2.688910E+03	4.477642E-15	4.256712E-16	1.283102E+00
2.692208E+03	4.552097E-15	4.290870E-16	1.283221E+00
2.695508E+03	4.652748E-15	4.433329E-16	1.283340E+00
2.698812E+03	4.821441E-15	5.604569E-16	1.283459E+00
2.702119E+03	5.019432E-15	6.173223E-16	1.283578E+00
2.705429E+03	5.283956E-15	6.602274E-16	1.283698E+00
2.708742E+03	5.561368E-15	6.663927E-16	1.283817E+00
2.712058E+03	5.862971E-15	6.790018E-16	1.283937E+00
2.715376E+03	6.193394E-15	6.789586E-16	1.284057E+00
2.718698E+03	6.542629E-15	6.885471E-16	1.284178E+00
2.722022E+03	6.866887E-15	6.695904E-16	1.284298E+00
2.725350E+03	7.118380E-15	6.877702E-16	1.284419E+00
2.728680E+03	7.359131E-15	7.421945E-16	1.284540E+00
2.732013E+03	7.611748E-15	7.582891E-16	1.284661E+00
2.735349E+03	7.882914E-15	7.678783E-16	1.284783E+00
2.738689E+03	8.171222E-15	7.274493E-16	1.284905E+00
2.742030E+03	8.452389E-15	7.045403E-16	1.285026E+00
2.745375E+03	8.675908E-15	6.559053E-16	1.285148E+00
2.748723E+03	8.824025E-15	6.639172E-16	1.285271E+00
2.752073E+03	9.016518E-15	6.847628E-16	1.285393E+00
2.755427E+03	9.248128E-15	6.715574E-16	1.285516E+00
2.758783E+03	9.525295E-15	6.953423E-16	1.285638E+00
2.762142E+03	9.762015E-15	7.791450E-16	1.285761E+00
2.765504E+03	9.937574E-15	8.585444E-16	1.285885E+00
2.768869E+03	1.012088E-14	9.135682E-16	1.286008E+00
2.772236E+03	1.034551E-14	9.331213E-16	1.286132E+00
2.775606E+03	1.060402E-14	1.031592E-15	1.286255E+00
2.778979E+03	1.094953E-14	1.143143E-15	1.286379E+00
2.782356E+03	1.130039E-14	1.131416E-15	1.286503E+00
2.785734E+03	1.158454E-14	1.128764E-15	1.286628E+00
2.789116E+03	1.182397E-14	1.229172E-15	1.286752E+00
2.792500E+03	1.202483E-14	1.210991E-15	1.286877E+00
2.795887E+03	1.225972E-14	1.195968E-15	1.287002E+00
2.799277E+03	1.255837E-14	1.243827E-15	1.287127E+00
2.802669E+03	1.284819E-14	1.342158E-15	1.287252E+00
2.806065E+03	1.310292E-14	1.459997E-15	1.287377E+00
2.809463E+03	1.335398E-14	1.535511E-15	1.287503E+00
2.812864E+03	1.360122E-14	1.535650E-15	1.287628E+00
2.816267E+03	1.392835E-14	1.484686E-15	1.287754E+00
2.819674E+03	1.438820E-14	1.432445E-15	1.287880E+00
2.823082E+03	1.485071E-14	1.404153E-15	1.288006E+00
2.826494E+03	1.528240E-14	1.416748E-15	1.288132E+00
2.829908E+03	1.578761E-14	1.409309E-15	1.288259E+00
2.833325E+03	1.641017E-14	1.527972E-15	1.288385E+00
2.836745E+03	1.707021E-14	1.717914E-15	1.288512E+00
2.840168E+03	1.774327E-14	1.854556E-15	1.288639E+00
2.843593E+03	1.840229E-14	1.868791E-15	1.288766E+00
2.847021E+03	1.902277E-14	1.740135E-15	1.288893E+00
2.850451E+03	1.967045E-14	1.673598E-15	1.289020E+00
2.853884E+03	2.046651E-14	1.672305E-15	1.289148E+00
2.857320E+03	2.140584E-14	1.717605E-15	1.289275E+00
2.860758E+03	2.238404E-14	1.739231E-15	1.289403E+00
2.864199E+03	2.330311E-14	1.800449E-15	1.289531E+00
2.867643E+03	2.421979E-14	2.021944E-15	1.289659E+00
2.871089E+03	2.520501E-14	2.171077E-15	1.289787E+00
2.874538E+03	2.627170E-14	2.169511E-15	1.289915E+00
2.877989E+03	2.736182E-14	2.085267E-15	1.290043E+00
2.881443E+03	2.846893E-14	2.092920E-15	1.290172E+00
2.884900E+03	2.958529E-14	2.090780E-15	1.290300E+00
2.888359E+03	3.074833E-14	2.127169E-15	1.290429E+00
2.891821E+03	3.191290E-14	2.146831E-15	1.290557E+00
2.895285E+03	3.306221E-14	2.269276E-15	1.290686E+00
2.898752E+03	3.425952E-14	2.364581E-15	1.290815E+00
2.902221E+03	3.539510E-14	2.413918E-15	1.290944E+00
2.905693E+03	3.643408E-14	2.512221E-15	1.291073E+00
2.909168E+03	3.743582E-14	2.450481E-15	1.291202E+00
2.912644E+03	3.837579E-14	2.386442E-15	1.291331E+00
2.916124E+03	3.927849E-14	2.459789E-15	1.291461E+00
2.919606E+03	4.015554E-14	2.674555E-15	1.291590E+00
2.923091E+03	4.091522E-14	2.684097E-15	1.291720E+00
2.926578E+03	4.148902E-14	2.790260E-15	1.291849E+00
2.930068E+03	4.193375E-14	3.018705E-15	1.291979E+00
2.933560E+03	4.221706E-14	3.071519E-15	1.292108E+00
2.937054E+03	4.232984E-14	2.997546E-15	1.292238E+00
2.940552E+03	4.227077E-14	2.927276E-15	1.292368E+00
2.944051E+03	4.212508E-14	2.944198E-15	1.292498E+00
2.947553E+03	4.194447E-14	2.952400E-15	1.292628E+00
2.951058E+03	4.177287E-14	2.941713E-15	1.292757E+00
2.954564E+03	4.157797E-14	2.946594E-15	1.292887E+00
2.958074E+03	4.130415E-14	2.884209E-15	1.293017E+00
2.961586E+03	4.093200E-14	2.582684E-15	1.293147E+00
2.965100E+03	4.042785E-14	2.472290E-15	1.293278E+00
2.968617E+03	3.995724E-14	2.421434E-15	1.293408E+00
2.972136E+03	3.953439E-14	2.288591E-15	1.293538E+00
2.975657E+03	3.909982E-14	2.505048E-15	1.293668E+00
2.979181E+03	3.856424E-14	2.707459E-15	1.293798E+00
2.982707E+03	3.799879E-14	2.797908E-15	1.293928E+00
2.986236E+03	3.751604E-14	2.636208E-15	1.294058E+00
2.989768E+03	3.712638E-14	2.581044E-15	1.294188E+00
2.993301E+03	3.692950E-14	2.635797E-15	1.294319E+00
2.996837E+03	3.675458E-14	2.678259E-15	1.294449E+00
3.000375E+03	3.659386E-14	2.755413E-15	1.294579E+00
3.003916E+03	3.651986E-14	2.976120E-15	1.294709E+00
3.007459E+03	3.653389E-14	3.132547E-15	1.294839E+00
3.011004E+03	3.658417E-14	3.126686E-15	1.294969E+00
3.014552E+03	3.669275E-14	3.133449E-15	1.295099E+00
3.018102E+03	3.691144E-14	2.999349E-15	1.295229E+00
3.021654E+03	3.726878E-14	2.787677E-15	1.295359E+00
3.025209E+03	3.760028E-14	2.516655E-15	1.295489E+00
3.028766E+03	3.794091E-14	2.493650E-15	1.295619E+00
3.032325E+03	3.833214E-14	2.521447E-15	1.295749E+00
3.035887E+03	3.863921E-14	2.549497E-15	1.295879E+00
3.039450E+03	3.882063E-14	2.663876E-15	1.296008E+00
3.043017E+03	3.901635E-14	2.646872E-15	1.296138E+00
3.046585E+03	3.932357E-14	2.598708E-15	1.296268E+00
3.050156E+03	3.965679E-14	2.477254E-15	1.296397E+00
3.053729E+03	4.001988E-14	2.492929E-15	1.296526E+00
3.057304E+03	4.046214E-14	2.484836E-15	1.296656E+00
3.060882E+03	4.094469E-14	2.567723E-15	1.296785E+00
3.064461E+03	4.142603E-14	2.529876E-15	1.296914E+00
3.068044E+03	4.180240E-14	2.553326E-15	1.297043E+00
3.071628E+03	4.216717E-14	2.445577E-15	1.297172E+00
3.075214E+03	4.260077E-14	2.370339E-15	1.297301E+00
3.078803E+03	4.301757E-14	2.563618E-15	1.297430E+00
3.082394E+03	4.341240E-14	2.645861E-15	1.297558E+00
3.085987E+03	4.385272E-14	2.653871E-15	1.297686E+00
3.089582E+03	4.440863E-14	2.500076E-15	1.297815E+00
3.093180E+03	4.513856E-14	3.074152E-15	1.297943E+00
3.096780E+03	4.607892E-14	3.373548E-15	1.298071E+00
3.100382E+03	4.696104E-14	3.381815E-15	1.298199E+00
3.103986E+03	4.776283E-14	3.276392E-15	1.298326E+00
3.107593E+03	4.847778E-14	3.308884E-15	1.298454E+00
3.111201E+03	4.911754E-14	3.306944E-15	1.298581E+00
3.114812E+03	4.970936E-14	3.399264E-15	1.298708E+00
3.118425E+03	5.029090E-14	3.453524E-15	1.298835E+00
3.122040E+03	5.084917E-14	3.470491E-15	1.298962E+00
3.125657E+03	5.136467E-14	3.459211E-15	1.299089E+00
3.129276E+03	5.177892E-14	3.412940E-15	1.299215E+00
3.132898E+03	5.213217E-14	3.496637E-15	1.299341E+00
3.136521E+03	5.246728E-14	3.265178E-15	1.299467E+00
3.140147E+03	5.273748E-14	3.041374E-15	1.299593E+00
3.143775E+03	5.279716E-14	3.016254E-15	1.299718E+00
3.147405E+03	5.273855E-14	3.007121E-15	1.299844E+00
3.151037E+03	5.263183E-14	3.092911E-15	1.299969E+00
3.154671E+03	5.243276E-14	3.092485E-15	1.300093E+00
3.158307E+03	5.208802E-14	3.116514E-15	1.300218E+00
3.161946E+03	5.172240E-14	3.255421E-15	1.300342E+00
3.165586E+03	5.136580E-14	3.284041E-15	1.300466E+00
3.169229E+03	5.087646E-14	3.141552E-15	1.300590E+00
3.172873E+03	5.028296E-14	3.232997E-15	1.300713E+00
3.176519E+03	4.957096E-14	3.183895E-15	1.300836E+00
3.180168E+03	4.874823E-14	3.032211E-15	1.300959E+00
3.183819E+03	4.785117E-14	3.083083E-15	1.301081E+00
3.187472E+03	4.700077E-14	3.069476E-15	1.301203E+00
3.191127E+03	4.625430E-14	3.067603E-15	1.301325E+00
3.194783E+03	4.551159E-14	2.972258E-15	1.301447E+00
3.198442E+03	4.482470E-14	2.992749E-15	1.301568E+00
3.202103E+03	4.421446E-14	2.887695E-15	1.301689E+00
3.205766E+03	4.340232E-14	2.677343E-15	1.301809E+00
3.209431E+03	4.251710E-14	2.302617E-15	1.301929E+00
3.213098E+03	4.164994E-14	2.414056E-15	1.302049E+00
3.216767E+03	4.067973E-14	2.336037E-15	1.302168E+00
3.220438E+03	3.974841E-14	2.276240E-15	1.302287E+00
3.224111E+03	3.899793E-14	2.475129E-15	1.302406E+00
3.227786E+03	3.846092E-14	2.568155E-15	1.302524E+00
3.231463E+03	3.799284E-14	2.591594E-15	1.302641E+00
3.235142E+03	3.755593E-14	2.506155E-15	1.302759E+00
3.238823E+03	3.719449E-14	2.605211E-15	1.302876E+00
3.242505E+03	3.693722E-14	2.717614E-15	1.302992E+00
3.246190E+03	3.662385E-14	2.697026E-15	1.303108E+00
3.249877E+03	3.625698E-14	2.565638E-15	1.303223E+00
3.253565E+03	3.604643E-14	2.554914E-15	1.303338E+00
3.257256E+03	3.598182E-14	2.405107E-15	1.303453E+00
3.260948E+03	3.602538E-14	2.329223E-15	1.303567E+00
3.264643E+03	3.623971E-14	2.346164E-15	1.303681E+00
3.268339E+03	3.674872E-14	2.392419E-15	1.303794E+00
3.272037E+03	3.748208E-14	2.409877E-15	1.303906E+00
3.275738E+03	3.822599E-14	2.382172E-15	1.304018E+00
3.279439E+03	3.909128E-14	2.424966E-15	1.304130E+00
3.283144E+03	3.997497E-14	2.235717E-15	1.304240E+00
3.286849E+03	4.078835E-14	1.995833E-15	1.304351E+00
3.290557E+03	4.155359E-14	2.089501E-15	1.304461E+00
3.294267E+03	4.236590E-14	2.091564E-15	1.304570E+00
3.297978E+03	4.320182E-14	2.068209E-15	1.304678E+00
3.301691E+03	4.396347E-14	2.533791E-15	1.304786E+00
3.305407E+03	4.472132E-14	3.005317E-15	1.304894E+00
3.309124E+03	4.556671E-14	3.066090E-15	1.305001E+00
3.312843E+03	4.635348E-14	2.805931E-15	1.305107E+00
3.316564E+03	4.697981E-14	2.624871E-15	1.305212E+00
3.320286E+03	4.748614E-14	2.674131E-15	1.305317E+00
3.324010E+03	4.782803E-14	2.713174E-15	1.305421E+00
3.327737E+03	4.799110E-14	3.000271E-15	1.305525E+00
3.331465E+03	4.818811E-14	3.593002E-15	1.305628E+00
3.335195E+03	4.845434E-14	4.064491E-15	1.305730E+00
3.338927E+03	4.871796E-14	4.162108E-15	1.305831E+00
3.342660E+03	4.894112E-14	4.177723E-15	1.305932E+00
3.346395E+03	4.905065E-14	4.166914E-15	1.306032E+00
3.350133E+03	4.911054E-14	3.879820E-15	1.306131E+00
3.353871E+03	4.900714E-14	3.768660E-15	1.306230E+00
3.357612E+03	4.871688E-14	3.752543E-15	1.306328E+00
3.361354E+03	4.840826E-14	3.531437E-15	1.306425E+00
3.365099E+03	4.807605E-14	3.344931E-15	1.306521E+00
3.368845E+03	4.782738E-14	3.337840E-15	1.306616E+00
3.372593E+03	4.786220E-14	3.307425E-15	1.306711E+00
3.376342E+03	4.817796E-14	3.229764E-15	1.306805E+00
3.380093E+03	4.852118E-14	2.771661E-15	1.306897E+00
3.383846E+03	4.884742E-14	2.707683E-15	1.306989E+00
3.387601E+03	4.914100E-14	3.165275E-15	1.307081E+00
3.391358E+03	4.936923E-14	3.077207E-15	1.307171E+00
3.395116E+03	4.960399E-14	3.092916E-15	1.307260E+00
3.398876E+03	4.992111E-14	3.265232E-15	1.307349E+00
3.402638E+03	5.031146E-14	3.427297E-15	1.307436E+00
3.406401E+03	5.074889E-14	3.364022E-15	1.307523E+00
3.410166E+03	5.125172E-14	3.380689E-15	1.307609E+00
3.413933E+03	5.196643E-14	3.479134E-15	1.307693E+00
3.417702E+03	5.271911E-14	3.509191E-15	1.307777E+00
3.421472E+03	5.342085E-14	3.112311E-15	1.307860E+00
3.425244E+03	5.402061E-14	2.971131E-15	1.307942E+00
3.429017E+03	5.442551E-14	3.059606E-15	1.308022E+00
3.432793E+03	5.460280E-14	2.708492E-15	1.308102E+00
3.436570E+03	5.477353E-14	2.910610E-15	1.308181E+00
3.440348E+03	5.511431E-14	3.630747E-15	1.308258E+00
3.444128E+03	5.560162E-14	4.219263E-15	1.308335E+00
3.447910E+03	5.617137E-14	4.209197E-15	1.308410E+00
3.451694E+03	5.670580E-14	4.341086E-15	1.308485E+00
3.455479E+03	5.712902E-14	4.668021E-15	1.308558E+00
3.459266E+03	5.756925E-14	4.774393E-15	1.308630E+00
3.463054E+03	5.798985E-14	4.726679E-15	1.308701E+00
3.466845E+03	5.839342E-14	4.706051E-15	1.308771E+00
3.470636E+03	5.868704E-14	4.582683E-15	1.308839E+00
3.474430E+03	5.886022E-14	4.413550E-15	1.308907E+00
3.478225E+03	5.906609E-14	4.426169E-15	1.308973E+00
3.482021E+03	5.946958E-14	4.426394E-15	1.309038E+00
3.485819E+03	6.010608E-14	4.423987E-15	1.309101E+00
3.489619E+03	6.082638E-14	3.788341E-15	1.309164E+00
3.493421E+03	6.148122E-14	3.633484E-15	1.309225E+00
3.497224E+03	6.198288E-14	3.874185E-15	1.309285E+00
3.501028E+03	6.247275E-14	3.748106E-15	1.309344E+00
3.504834E+03	6.279500E-14	3.602991E-15	1.309402E+00
3.508642E+03	6.310413E-14	3.795621E-15	1.309459E+00
3.512451E+03	6.347216E-14	3.925223E-15	1.309514E+00
3.516262E+03	6.392267E-14	3.915232E-15	1.309569E+00
3.520075E+03	6.462198E-14	3.973563E-15	1.309622E+00
3.523889E+03	6.545619E-14	4.092738E-15	1.309674E+00
3.527704E+03	6.626029E-14	3.968433E-15	1.309725E+00
3.531521E+03	6.692294E-14	3.484413E-15	1.309775E+00
3.535340E+03	6.745066E-14	3.366131E-15	1.309823E+00
3.539160E+03	6.786179E-14	3.592736E-15	1.309871E+00
3.542982E+03	6.811309E-14	3.353093E-15	1.309917E+00
3.546805E+03	6.820976E-14	3.143511E-15	1.309963E+00
3.550630E+03	6.825006E-14	3.513862E-15	1.310007E+00
3.554456E+03	6.838594E-14	3.777148E-15	1.310050E+00
3.558283E+03	6.855714E-14	3.670834E-15	1.310092E+00
3.562113E+03	6.877546E-14	3.985144E-15	1.310134E+00
3.565943E+03	6.900291E-14	4.594889E-15	1.310174E+00
3.569776E+03	6.912288E-14	4.644264E-15	1.310212E+00
3.573609E+03	6.909474E-14	4.690538E-15	1.310250E+00
3.577445E+03	6.892372E-14	4.538622E-15	1.310287E+00
3.581281E+03	6.871989E-14	4.542745E-15	1.310323E+00
3.585120E+03	6.844260E-14	4.371103E-15	1.310358E+00
3.588959E+03	6.822422E-14	4.435002E-15	1.310391E+00
3.592800E+03	6.800315E-14	5.031945E-15	1.310424E+00
3.596643E+03	6.775449E-14	5.164555E-15	1.310456E+00
3.600487E+03	6.763420E-14	4.877856E-15	1.310486E+00
3.604332E+03	6.766850E-14	4.890332E-15	1.310516E+00
3.608179E+03	6.761493E-14	4.682483E-15	1.310545E+00
3.612028E+03	6.741322E-14	3.942190E-15	1.310572E+00
3.615877E+03	6.688773E-14	3.691703E-15	1.310599E+00
3.619729E+03	6.609611E-14	3.761673E-15	1.310625E+00
3.623581E+03	6.532144E-14	3.862566E-15	1.310649E+00
3.627435E+03	6.467646E-14	3.967774E-15	1.310673E+00
3.631291E+03	6.402354E-14	4.211385E-15	1.310695E+00
3.635148E+03	6.327487E-14	4.073760E-15	1.310717E+00
3.639006E+03	6.246321E-14	3.130282E-15	1.310738E+00
3.642866E+03	6.154269E-14	2.161443E-15	1.310758E+00
3.646727E+03	6.050282E-14	2.002656E-15	1.310776E+00
3.650589E+03	5.936456E-14	2.081817E-15	1.310794E+00
3.654453E+03	5.810039E-14	2.082171E-15	1.310811E+00
3.658319E+03	5.663559E-14	2.312079E-15	1.310827E+00
3.662185E+03	5.502390E-14	2.943280E-15	1.310842E+00
3.666053E+03	5.347113E-14	3.266517E-15	1.310856E+00
3.669923E+03	5.212409E-14	3.240728E-15	1.310869E+00
3.673794E+03	5.093560E-14	3.094639E-15	1.310881E+00
3.677666E+03	4.982309E-14	2.717460E-15	1.310892E+00
3.681539E+03	4.860827E-14	2.599766E-15	1.310903E+00
3.685414E+03	4.720463E-14	2.608422E-15	1.310912E+00
3.689290E+03	4.587304E-14	2.833861E-15	1.310920E+00
3.693168E+03	4.473804E-14	2.882238E-15	1.310928E+00
3.697047E+03	4.353876E-14	2.588278E-15	1.310934E+00
3.700927E+03	4.243120E-14	2.586006E-15	1.310940E+00
3.704809E+03	4.150582E-14	2.605361E-15	1.310945E+00
3.708691E+03	4.078623E-14	2.410864E-15	1.310949E+00
3.712576E+03	4.030520E-14	2.277949E-15	1.310952E+00
3.716461E+03	3.987527E-14	2.312481E-15	1.310953E+00
3.720348E+03	3.945449E-14	2.857880E-15	1.310955E+00
3.724236E+03	3.914904E-14	3.179390E-15	1.310955E+00
3.728126E+03	3.891829E-14	3.165232E-15	1.310954E+00
3.732016E+03	3.869538E-14	3.175019E-15	1.310952E+00
3.735908E+03	3.848031E-14	3.203189E-15	1.310950E+00
3.739802E+03	3.816558E-14	3.167528E-15	1.310946E+00
3.743696E+03	3.782330E-14	3.163228E-15	1.310942E+00
3.747592E+03	3.760160E-14	3.017215E-15	1.310937E+00
3.751489E+03	3.731695E-14	3.015655E-15	1.310931E+00
3.755388E+03	3.702048E-14	2.819437E-15	1.310924E+00
3.759287E+03	3.672268E-14	2.550233E-15	1.310916E+00
3.763189E+03	3.635013E-14	2.548205E-15	1.310907E+00
3.767091E+03	3.582682E-14	2.194820E-15	1.310897E+00
3.770994E+03	3.519861E-14	1.838701E-15	1.310886E+00
3.774899E+03	3.464905E-14	2.012295E-15	1.310875E+00
3.778805E+03	3.425022E-14	2.053677E-15	1.310863E+00
3.782712E+03	3.400867E-14	1.707608E-15	1.310849E+00
3.786621E+03	3.384445E-14	1.662665E-15	1.310835E+00
3.790530E+03	3.393975E-14	1.676195E-15	1.310820E+00
3.794441E+03	3.442827E-14	1.843024E-15	1.310804E+00
3.798353E+03	3.513434E-14	1.965478E-15	1.310787E+00
3.802267E+03	3.584824E-14	1.965293E-15	1.310770E+00
3.806181E+03	3.656340E-14	1.938681E-15	1.310751E+00
3.810097E+03	3.720511E-14	1.928208E-15	1.310731E+00
3.814014E+03	3.790707E-14	1.898361E-15	1.310711E+00
3.817932E+03	3.892486E-14	2.039624E-15	1.310690E+00
3.821852E+03	4.028075E-14	2.126966E-15	1.310668E+00
3.825772E+03	4.186592E-14	2.193336E-15	1.310644E+00
3.829694E+03	4.359648E-14	2.642898E-15	1.310621E+00
3.833617E+03	4.529681E-14	3.179384E-15	1.310596E+00
3.837541E+03	4.689612E-14	3.468214E-15	1.310570E+00
3.841466E+03	4.849534E-14	3.377029E-15	1.310543E+00
3.845393E+03	5.015606E-14	3.100118E-15	1.310516E+00
3.849321E+03	5.200669E-14	3.097700E-15	1.310487E+00
3.853249E+03	5.387817E-14	3.169175E-15	1.310458E+00
3.857179E+03	5.571153E-14	3.262442E-15	1.310428E+00
3.861111E+03	5.762993E-14	3.601022E-15	1.310397E+00
3.865043E+03	5.970283E-14	4.398718E-15	1.310365E+00
3.868976E+03	6.186731E-14	4.834684E-15	1.310332E+00
3.872911E+03	6.399756E-14	4.836095E-15	1.310298E+00
3.876847E+03	6.577127E-14	4.927909E-15	1.310263E+00
3.880783E+03	6.708364E-14	4.744303E-15	1.310227E+00
3.884722E+03	6.815481E-14	4.560523E-15	1.310191E+00
3.888661E+03	6.912237E-14	4.441826E-15	1.310153E+00
3.892601E+03	7.009769E-14	4.405629E-15	1.310115E+00
3.896543E+03	7.120784E-14	4.403712E-15	1.310075E+00
3.900485E+03	7.233097E-14	4.519203E-15	1.310035E+00
3.904428E+03	7.330595E-14	4.922632E-15	1.309994E+00
3.908373E+03	7.414851E-14	5.138571E-15	1.309952E+00
3.912319E+03	7.493595E-14	4.243685E-15	1.309909E+00
3.916266E+03	7.575996E-14	3.449764E-15	1.309865E+00
3.920214E+03	7.642668E-14	3.622089E-15	1.309820E+00
3.924163E+03	7.673180E-14	3.692195E-15	1.309774E+00
3.928113E+03	7.679454E-14	3.933943E-15	1.309727E+00
3.932065E+03	7.670530E-14	4.285254E-15	1.309679E+00
3.936017E+03	7.663827E-14	4.563897E-15	1.309631E+00
3.939970E+03	7.673227E-14	4.640343E-15	1.309581E+00
3.943925E+03	7.677776E-14	4.662594E-15	1.309530E+00
3.947881E+03	7.650629E-14	5.236813E-15	1.309479E+00
3.951837E+03	7.602920E-14	6.149428E-15	1.309426E+00
3.955795E+03	7.538712E-14	6.479470E-15	1.309372E+00
3.959754E+03	7.463767E-14	6.543279E-15	1.309318E+00
3.963713E+03	7.379002E-14	6.502229E-15	1.309262E+00
3.967674E+03	7.287825E-14	6.608140E-15	1.309206E+00
3.971636E+03	7.204898E-14	6.880179E-15	1.309148E+00
3.975599E+03	7.133754E-14	6.949522E-15	1.309090E+00
3.979563E+03	7.064967E-14	6.833858E-15	1.309030E+00
3.983528E+03	7.009533E-14	6.702477E-15	1.308970E+00
3.987494E+03	6.985381E-14	6.609134E-15	1.308908E+00
3.991461E+03	6.977979E-14	6.607808E-15	1.308846E+00
3.995429E+03	6.963244E-14	6.309325E-15	1.308782E+00
3.999399E+03	6.940390E-14	5.216638E-15	1.308717E+00
4.003369E+03	6.914523E-14	4.143052E-15	1.308652E+00
4.007340E+03	6.889962E-14	3.793148E-15	1.308585E+00
4.011312E+03	6.876912E-14	3.783332E-15	1.308517E+00
4.015285E+03	6.888327E-14	3.731351E-15	1.308448E+00
4.019260E+03	6.933490E-14	3.639204E-15	1.308379E+00
4.023235E+03	6.988063E-14	3.542786E-15	1.308308E+00
4.027211E+03	7.013320E-14	3.253381E-15	1.308236E+00
4.031188E+03	7.012797E-14	2.909993E-15	1.308162E+00
4.035166E+03	7.019333E-14	2.758249E-15	1.308088E+00
4.039145E+03	7.041950E-14	2.764839E-15	1.308013E+00
4.043125E+03	7.074368E-14	2.771649E-15	1.307937E+00
4.047106E+03	7.121685E-14	3.094690E-15	1.307859E+00
4.051088E+03	7.186254E-14	3.344551E-15	1.307781E+00
4.055072E+03	7.258001E-14	3.317811E-15	1.307701E+00
4.059055E+03	7.330517E-14	3.229368E-15	1.307620E+00
4.063040E+03	7.404326E-14	3.245290E-15	1.307538E+00
4.067026E+03	7.462821E-14	3.094564E-15	1.307455E+00
4.071013E+03	7.477897E-14	2.838288E-15	1.307370E+00
4.075001E+03	7.449302E-14	2.903048E-15	1.307285E+00
4.078990E+03	7.394298E-14	3.172707E-15	1.307198E+00
4.082979E+03	7.336419E-14	3.217579E-15	1.307110E+00
4.086970E+03	7.292265E-14	3.225902E-15	1.307021E+00
4.090961E+03	7.270067E-14	3.426140E-15	1.306931E+00
4.094954E+03	7.263939E-14	3.557801E-15	1.306840E+00
4.098947E+03	7.249049E-14	3.296990E-15	1.306747E+00
4.102942E+03	7.220958E-14	3.554642E-15	1.306653E+00
4.106937E+03	7.188945E-14	3.627057E-15	1.306558E+00
4.110933E+03	7.148829E-14	3.641674E-15	1.306462E+00
4.114930E+03	7.098784E-14	3.771288E-15	1.306364E+00
4.118928E+03	7.036591E-14	4.002945E-15	1.306265E+00
4.122927E+03	6.958726E-14	4.064735E-15	1.306165E+00
4.126927E+03	6.879300E-14	3.719115E-15	1.306064E+00
4.130928E+03	6.815289E-14	3.627033E-15	1.305961E+00
4.134929E+03	6.777530E-14	3.766884E-15	1.305857E+00
4.138932E+03	6.752957E-14	3.685582E-15	1.305752E+00
4.142935E+03	6.717545E-14	3.364532E-15	1.305645E+00
4.146940E+03	6.661112E-14	3.509864E-15	1.305537E+00
4.150945E+03	6.592542E-14	3.233462E-15	1.305428E+00
4.154951E+03	6.518102E-14	3.077995E-15	1.305317E+00
4.158958E+03	6.443668E-14	3.193993E-15	1.305205E+00
4.162965E+03	6.368326E-14	3.469639E-15	1.305092E+00
4.166974E+03	6.300821E-14	3.472117E-15	1.304977E+00
4.170983E+03	6.247804E-14	3.245019E-15	1.304861E+00
4.174994E+03	6.191789E-14	3.316922E-15	1.304743E+00
4.179005E+03	6.129124E-14	3.450451E-15	1.304624E+00
4.183018E+03	6.063855E-14	3.473052E-15	1.304504E+00
4.187030E+03	5.992460E-14	3.482098E-15	1.304382E+00
4.191044E+03	5.915464E-14	3.398497E-15	1.304258E+00
4.195059E+03	5.835867E-14	3.227283E-15	1.304133E+00
4.199074E+03	5.743238E-14	3.201284E-15	1.304007E+00
4.203091E+03	5.638886E-14	3.218217E-15	1.303879E+00
4.207108E+03	5.543414E-14	3.483735E-15	1.303750E+00
4.211126E+03	5.459947E-14	3.556155E-15	1.303619E+00
4.215145E+03	5.382357E-14	3.396648E-15	1.303487E+00
4.219165E+03	5.312074E-14	3.416065E-15	1.303353E+00
4.223185E+03	5.230201E-14	3.609122E-15	1.303217E+00
4.227206E+03	5.126707E-14	3.621750E-15	1.303080E+00
4.231229E+03	5.018799E-14	3.526795E-15	1.302941E+00
4.235252E+03	4.916900E-14	3.494233E-15	1.302801E+00
4.239275E+03	4.822182E-14	3.463665E-15	1.302659E+00
4.243300E+03	4.749622E-14	3.438601E-15	1.302515E+00
4.247325E+03	4.702337E-14	3.369010E-15	1.302370E+00
4.251351E+03	4.670814E-14	3.414696E-15	1.302223E+00
4.255378E+03	4.634864E-14	3.055140E-15	1.302074E+00
4.259406E+03	4.591496E-14	2.406113E-15	1.301924E+00
4.263435E+03	4.541363E-14	2.121435E-15	1.301772E+00
4.267464E+03	4.481212E-14	2.108908E-15	1.301618E+00
4.271494E+03	4.423152E-14	1.615517E-15	1.301463E+00
4.275525E+03	4.374209E-14	1.155889E-15	1.301306E+00
4.279557E+03	4.331908E-14	1.449790E-15	1.301147E+00
4.283589E+03	4.307565E-14	1.611056E-15	1.300986E+00
4.287623E+03	4.302213E-14	1.590405E-15	1.300823E+00
4.291657E+03	4.321309E-14	1.752020E-15	1.300659E+00
4.295691E+03	4.348198E-14	1.815663E-15	1.300493E+00
4.299727E+03	4.362459E-14	1.777205E-15	1.300325E+00
4.303763E+03	4.371640E-14	1.808313E-15	1.300155E+00
4.307800E+03	4.377951E-14	1.880195E-15	1.299983E+00
4.311838E+03	4.375284E-14	1.845281E-15	1.299808E+00
4.315877E+03	4.381057E-14	1.875714E-15	1.299631E+00
4.319916E+03	4.398384E-14	2.320935E-15	1.299452E+00
4.323956E+03	4.412708E-14	2.709888E-15	1.299269E+00
4.327997E+03	4.432733E-14	2.675823E-15	1.299084E+00
4.332039E+03	4.472354E-14	2.659348E-15	1.298895E+00
4.336081E+03	4.521561E-14	2.963421E-15	1.298702E+00
4.340124E+03	4.568532E-14	3.137823E-15	1.298506E+00
4.344168E+03	4.603011E-14	3.163216E-15	1.298305E+00
4.348212E+03	4.614099E-14	3.169047E-15	1.298101E+00
4.352258E+03	4.607255E-14	3.153742E-15	1.297892E+00
4.356304E+03	4.597413E-14	3.107553E-15	1.297678E+00
4.360351E+03	4.591449E-14	3.090609E-15	1.297459E+00
4.364398E+03	4.586506E-14	3.071828E-15	1.297236E+00
4.368446E+03	4.588161E-14	2.817046E-15	1.297007E+00
4.372495E+03	4.590962E-14	2.275816E-15	1.296772E+00
4.376544E+03	4.577535E-14	2.092168E-15	1.296532E+00
4.380595E+03	4.554628E-14	2.108862E-15	1.296285E+00
4.384645E+03	4.517063E-14	1.902207E-15	1.296033E+00
4.388697E+03	4.467051E-14	1.572984E-15	1.295774E+00
4.392749E+03	4.421181E-14	1.829555E-15	1.295508E+00
4.396803E+03	4.376602E-14	2.121013E-15	1.295236E+00
4.400856E+03	4.323341E-14	2.153235E-15	1.294956E+00
4.404911E+03	4.278883E-14	2.127203E-15	1.294670E+00
4.408966E+03	4.247236E-14	2.121708E-15	1.294376E+00
4.413022E+03	4.217521E-14	2.144326E-15	1.294075E+00
4.417079E+03	4.180940E-14	2.043190E-15	1.293768E+00
4.421136E+03	4.150692E-14	2.048546E-15	1.293453E+00
4.425193E+03	4.131686E-14	2.032657E-15	1.293132E+00
4.429252E+03	4.112281E-14	2.037925E-15	1.292804E+00
4.433311E+03	4.095578E-14	1.922587E-15	1.292470E+00
4.437371E+03	4.095918E-14	2.103327E-15	1.292128E+00
4.441432E+03	4.113159E-14	2.288947E-15	1.291781E+00
4.445493E+03	4.146383E-14	2.340497E-15	1.291427E+00
4.449555E+03	4.195061E-14	2.335032E-15	1.291066E+00
4.453617E+03	4.261501E-14	2.499819E-15	1.290699E+00
4.457681E+03	4.330979E-14	2.673048E-15	1.290326E+00
4.461745E+03	4.389817E-14	2.754516E-15	1.289946E+00
4.465809E+03	4.432221E-14	2.759209E-15	1.289561E+00
4.469874E+03	4.472902E-14	2.754347E-15	1.289169E+00
4.473940E+03	4.529387E-14	2.705230E-15	1.288771E+00
4.478006E+03	4.593804E-14	2.715466E-15	1.288368E+00
4.482073E+03	4.660863E-14	2.726507E-15	1.287958E+00
4.486141E+03	4.726054E-14	2.552591E-15	1.287543E+00
4.490209E+03	4.786933E-14	2.097896E-15	1.287121E+00
4.494278E+03	4.845047E-14	1.566994E-15	1.286694E+00
4.498348E+03	4.895254E-14	1.424292E-15	1.286261E+00
4.502418E+03	4.921873E-14	1.370290E-15	1.285823E+00
4.506489E+03	4.930714E-14	1.249246E-15	1.285379E+00
4.510561E+03	4.931431E-14	1.305648E-15	1.284929E+00
4.514633E+03	4.924162E-14	1.554419E-15	1.284475E+00
4.518706E+03	4.925221E-14	1.556221E-15	1.284014E+00
4.522779E+03	4.942303E-14	1.548936E-15	1.283548E+00
4.526853E+03	4.971026E-14	1.455717E-15	1.283077E+00
4.530928E+03	5.004581E-14	1.682651E-15	1.282601E+00
4.535003E+03	5.027062E-14	1.690433E-15	1.282120E+00
4.539079E+03	5.028743E-14	1.923220E-15	1.281633E+00
4.543155E+03	5.017077E-14	2.102720E-15	1.281141E+00
4.547232E+03	5.009241E-14	2.084469E-15	1.280644E+00
4.551310E+03	4.995245E-14	2.286683E-15	1.280143E+00
4.555388E+03	4.974329E-14	2.442049E-15	1.279636E+00
4.559467E+03	4.962492E-14	2.456508E-15	1.279125E+00
4.563546E+03	4.960233E-14	2.456277E-15	1.278608E+00
4.567626E+03	4.969970E-14	2.619405E-15	1.278087E+00
4.571707E+03	4.992965E-14	2.833979E-15	1.277561E+00
4.575788E+03	5.015283E-14	2.894697E-15	1.277031E+00
4.579870E+03	5.017394E-14	2.848086E-15	1.276496E+00
4.583952E+03	5.011190E-14	2.866496E-15	1.275956E+00
4.588035E+03	4.998595E-14	2.819966E-15	1.275412E+00
4.592118E+03	4.992620E-14	2.743904E-15	1.274863E+00
4.596202E+03	4.996061E-14	2.906436E-15	1.274310E+00
4.600287E+03	4.981521E-14	3.223764E-15	1.273753E+00
4.604372E+03	4.952332E-14	3.328687E-15	1.273191E+00
4.608458E+03	4.931423E-14	3.286099E-15	1.272625E+00
4.612544E+03	4.913059E-14	3.552540E-15	1.272055E+00
4.616631E+03	4.880071E-14	3.794591E-15	1.271481E+00
4.620718E+03	4.833497E-14	3.736572E-15	1.270903E+00
4.624807E+03	4.779198E-14	3.718841E-15	1.270320E+00
4.628895E+03	4.715918E-14	3.587823E-15	1.269734E+00
4.632984E+03	4.638084E-14	3.494223E-15	1.269143E+00
4.637074E+03	4.562590E-14	3.498438E-15	1.268549E+00
4.641164E+03	4.508325E-14	3.496192E-15	1.267951E+00
4.645255E+03	4.451308E-14	3.405938E-15	1.267349E+00
4.649346E+03	4.383437E-14	2.928186E-15	1.266743E+00
4.653438E+03	4.321060E-14	2.498975E-15	1.266133E+00
4.657530E+03	4.271383E-14	2.499971E-15	1.265520E+00
4.661623E+03	4.214784E-14	2.179213E-15	1.264903E+00
4.665717E+03	4.145204E-14	1.562452E-15	1.264283E+00
4.669811E+03	4.080228E-14	1.520851E-15	1.263659E+00
4.673905E+03	4.035007E-14	1.571787E-15	1.263031E+00
4.678001E+03	4.000926E-14	1.596907E-15	1.262401E+00
4.682096E+03	3.973554E-14	1.602478E-15	1.261766E+00
4.686192E+03	3.955782E-14	1.633805E-15	1.261129E+00
4.690289E+03	3.941545E-14	1.709877E-15	1.260488E+00
4.694386E+03	3.918239E-14	2.050086E-15	1.259843E+00
4.698484E+03	3.884494E-14	2.197505E-15	1.259196E+00
4.702582E+03	3.845360E-14	2.307438E-15	1.258546E+00
4.706681E+03	3.799211E-14	2.346939E-15	1.257892E+00
4.710780E+03	3.758253E-14	2.366737E-15	1.257235E+00
4.714880E+03	3.726499E-14	2.449962E-15	1.256575E+00
4.718980E+03	3.692382E-14	2.637244E-15	1.255912E+00
4.723081E+03	3.672977E-14	2.556489E-15	1.255247E+00
4.727182E+03	3.672651E-14	2.567019E-15	1.254578E+00
4.731284E+03	3.677081E-14	2.522997E-15	1.253906E+00
4.735386E+03	3.678487E-14	2.423727E-15	1.253232E+00
4.739489E+03	3.666980E-14	2.422658E-15	1.252555E+00
4.743592E+03	3.646837E-14	2.303082E-15	1.251875E+00
4.747696E+03	3.616947E-14	2.309202E-15	1.251192E+00
4.751800E+03	3.594458E-14	2.150365E-15	1.250507E+00
4.755905E+03	3.573234E-14	1.998334E-15	1.249820E+00
4.760010E+03	3.558519E-14	1.876315E-15	1.249129E+00
4.764116E+03	3.549429E-14	1.843731E-15	1.248436E+00
4.768223E+03	3.540216E-14	1.525784E-15	1.247741E+00
4.772329E+03	3.535118E-14	1.788464E-15	1.247043E+00
4.776436E+03	3.524534E-14	1.913795E-15	1.246343E+00
4.780544E+03	3.500001E-14	1.972941E-15	1.245641E+00
4.784652E+03	3.473122E-14	1.972185E-15	1.244936E+00
4.788761E+03	3.455970E-14	1.996975E-15	1.244229E+00
4.792870E+03	3.443430E-14	1.963556E-15	1.243520E+00
4.796980E+03	3.432014E-14	1.744771E-15	1.242808E+00
4.801090E+03	3.407438E-14	1.668540E-15	1.242095E+00
4.805201E+03	3.366123E-14	1.657962E-15	1.241379E+00
4.809311E+03	3.336882E-14	1.639303E-15	1.240661E+00
4.813423E+03	3.315479E-14	1.575085E-15	1.239941E+00
4.817535E+03	3.275877E-14	1.566997E-15	1.239220E+00
4.821648E+03	3.219965E-14	1.474551E-15	1.238496E+00
4.825761E+03	3.161884E-14	1.547960E-15	1.237770E+00
4.829874E+03	3.100030E-14	1.502579E-15	1.237043E+00
4.833988E+03	3.040837E-14	1.634421E-15	1.236314E+00
4.838102E+03	2.979979E-14	1.747421E-15	1.235583E+00
4.842217E+03	2.931658E-14	1.794432E-15	1.234850E+00
4.846332E+03	2.903134E-14	1.810074E-15	1.234116E+00
4.850448E+03	2.866621E-14	1.802901E-15	1.233380E+00
4.854564E+03	2.817697E-14	1.808708E-15	1.232642E+00
4.858681E+03	2.773260E-14	1.803516E-15	1.231903E+00
4.862798E+03	2.736012E-14	2.003731E-15	1.231162E+00
4.866915E+03	2.701264E-14	2.079200E-15	1.230420E+00
4.871033E+03	2.678850E-14	1.896252E-15	1.229676E+00
4.875151E+03	2.671328E-14	1.734344E-15	1.228931E+00
4.879270E+03	2.665653E-14	2.028461E-15	1.228185E+00
4.883390E+03	2.655683E-14	2.031929E-15	1.227437E+00
4.887509E+03	2.660196E-14	1.946355E-15	1.226688E+00
4.891629E+03	2.675242E-14	1.978878E-15	1.225938E+00
4.895750E+03	2.684017E-14	2.157199E-15	1.225187E+00
4.899871E+03	2.683960E-14	2.188980E-15	1.224434E+00
4.903992E+03	2.679983E-14	2.186163E-15	1.223680E+00
4.908114E+03	2.668668E-14	2.172380E-15	1.222926E+00
4.912236E+03	2.661030E-14	1.951968E-15	1.222170E+00
4.916359E+03	2.658650E-14	1.701685E-15	1.221413E+00
4.920482E+03	2.649920E-14	1.706105E-15	1.220655E+00
4.924606E+03	2.647663E-14	1.700511E-15	1.219896E+00
4.928730E+03	2.651745E-14	1.569680E-15	1.219137E+00
4.932855E+03	2.648263E-14	1.590685E-15	1.218376E+00
4.936980E+03	2.637963E-14	1.588543E-15	1.217615E+00
4.941105E+03	2.635826E-14	1.607991E-15	1.216853E+00
4.945230E+03	2.631498E-14	1.326818E-15	1.216090E+00
4.949356E+03	2.621947E-14	1.235458E-15	1.215327E+00
4.953483E+03	2.604145E-14	1.224586E-15	1.214563E+00
4.957610E+03	2.586726E-14	1.220391E-15	1.213798E+00
4.961737E+03	2.577210E-14	1.189046E-15	1.213033E+00
4.965865E+03	2.579463E-14	1.207516E-15	1.212267E+00
4.969993E+03	2.576863E-14	1.257344E-15	1.211501E+00
4.974122E+03	2.578986E-14	1.413057E-15	1.210734E+00
4.978251E+03	2.584248E-14	1.412605E-15	1.209967E+00
4.982380E+03	2.581158E-14	1.455034E-15	1.209200E+00
4.986510E+03	2.581574E-14	1.612874E-15	1.208432E+00
4.990641E+03	2.592613E-14	1.583958E-15	1.207664E+00
4.994771E+03	2.604119E-14	1.540825E-15	1.206896E+00
4.998902E+03	2.622242E-14	1.470445E-15	1.206127E+00
5.003034E+03	2.648294E-14	1.590740E-15	1.205359E+00
5.007166E+03	2.661662E-14	1.570437E-15	1.204590E+00
5.011298E+03	2.680910E-14	1.546061E-15	1.203821E+00
5.015431E+03	2.716612E-14	1.447178E-15	1.203052E+00
5.019564E+03	2.733992E-14	1.538274E-15	1.202283E+00
5.023697E+03	2.741856E-14	1.508028E-15	1.201514E+00
5.027831E+03	2.746586E-14	1.513195E-15	1.200746E+00
5.031965E+03	2.752027E-14	1.413758E-15	1.199977E+00
5.036100E+03	2.764175E-14	1.260432E-15	1.199208E+00
5.040235E+03	2.776306E-14	1.228690E-15	1.198440E+00
5.044370E+03	2.783030E-14	1.241131E-15	1.197672E+00
5.048506E+03	2.798362E-14	1.291312E-15	1.196904E+00
5.052642E+03	2.814031E-14	1.156554E-15	1.196137E+00
5.056779E+03	2.814976E-14	1.157289E-15	1.195370E+00
5.060916E+03	2.811856E-14	1.277576E-15	1.194603E+00
5.065053E+03	2.825811E-14	1.323978E-15	1.193837E+00
5.069190E+03	2.856570E-14	1.273377E-15	1.193071E+00
5.073329E+03	2.882876E-14	1.295692E-15	1.192306E+00
5.077467E+03	2.901521E-14	1.746692E-15	1.191541E+00
5.081606E+03	2.920499E-14	1.964684E-15	1.190777E+00
5.085745E+03	2.949091E-14	1.961817E-15	1.190014E+00
5.089885E+03	2.983711E-14	1.964335E-15	1.189251E+00
5.094025E+03	3.016741E-14	1.956447E-15	1.188489E+00
5.098166E+03	3.047234E-14	2.161056E-15	1.187728E+00
5.102306E+03	3.069972E-14	2.187744E-15	1.186967E+00
5.106447E+03	3.080700E-14	2.248677E-15	1.186208E+00
5.110589E+03	3.081575E-14	2.175112E-15	1.185449E+00
5.114730E+03	3.080434E-14	2.139307E-15	1.184691E+00
5.118873E+03	3.084979E-14	2.194060E-15	1.183935E+00
5.123016E+03	3.087624E-14	2.171137E-15	1.183179E+00
5.127158E+03	3.079979E-14	1.775322E-15	1.182424E+00
5.131302E+03	3.081443E-14	1.351256E-15	1.181671E+00
5.135445E+03	3.079363E-14	1.351790E-15	1.180919E+00
5.139589E+03	3.070324E-14	1.563886E-15	1.180168E+00
5.143734E+03	3.063301E-14	2.067867E-15	1.179418E+00
5.147879E+03	3.066425E-14	2.048221E-15	1.178669E+00
5.152024E+03	3.069311E-14	2.057859E-15	1.177922E+00
5.156169E+03	3.066543E-14	2.002210E-15	1.177176E+00
5.160315E+03	3.057546E-14	1.997913E-15	1.176432E+00
5.164462E+03	3.049736E-14	2.061803E-15	1.175689E+00
5.168608E+03	3.040998E-14	1.928460E-15	1.174947E+00
5.172755E+03	3.022175E-14	2.006430E-15	1.174207E+00
5.176903E+03	2.995749E-14	2.051443E-15	1.173469E+00
5.181050E+03	2.981086E-14	2.207706E-15	1.172732E+00
5.185198E+03	2.969138E-14	2.444734E-15	1.171997E+00
5.189347E+03	2.944090E-14	2.353945E-15	1.171264E+00
5.193496E+03	2.923171E-14	2.002650E-15	1.170533E+00
5.197645E+03	2.907078E-14	1.794417E-15	1.169803E+00
5.201794E+03	2.891123E-14	1.777941E-15	1.169075E+00
5.205944E+03	2.888277E-14	1.769831E-15	1.168350E+00
5.210094E+03	2.890574E-14	1.777200E-15	1.167626E+00
5.214245E+03	2.878752E-14	1.693250E-15	1.166904E+00
5.218395E+03	2.872428E-14	1.787631E-15	1.166184E+00
5.222547E+03	2.862852E-14	1.859505E-15	1.165466E+00
5.226699E+03	2.829529E-14	1.878969E-15	1.164751E+00
5.230851E+03	2.802421E-14	1.682554E-15	1.164038E+00
5.235003E+03	2.773254E-14	1.422739E-15	1.163327E+00
5.239155E+03	2.738779E-14	1.463842E-15	1.162618E+00
5.243309E+03	2.701212E-14	1.497353E-15	1.161911E+00
5.247462E+03	2.655565E-14	1.850183E-15	1.161207E+00
5.251615E+03	2.605800E-14	2.029129E-15	1.160506E+00
5.255770E+03	2.563057E-14	2.019714E-15	1.159807E+00
5.259924E+03	2.513762E-14	2.021209E-15	1.159110E+00
5.264079E+03	2.465457E-14	1.947794E-15	1.158416E+00
5.268233E+03	2.419298E-14	1.869888E-15	1.157725E+00
5.272389E+03	2.380602E-14	1.883878E-15	1.157036E+00
5.276545E+03	2.347969E-14	1.906402E-15	1.156350E+00
5.280701E+03	2.313299E-14	1.908898E-15	1.155667E+00
5.284857E+03	2.273477E-14	1.881377E-15	1.154987E+00
5.289014E+03	2.243978E-14	1.867426E-15	1.154310E+00
5.293171E+03	2.228016E-14	1.832530E-15	1.153635E+00
5.297329E+03	2.210693E-14	1.412643E-15	1.152964E+00
5.301486E+03	2.200654E-14	1.010853E-15	1.152296E+00
5.305645E+03	2.200305E-14	1.130743E-15	1.151630E+00
5.309803E+03	2.195357E-14	1.078262E-15	1.150968E+00
5.313962E+03	2.178916E-14	1.073344E-15	1.150309E+00
5.318121E+03	2.161809E-14	1.217310E-15	1.149654E+00
5.322280E+03	2.157940E-14	1.118513E-15	1.149001E+00
5.326440E+03	2.158099E-14	9.910167E-16	1.148352E+00
5.330601E+03	2.148507E-14	9.911787E-16	1.147707E+00
5.334761E+03	2.127805E-14	9.668862E-16	1.147065E+00
5.338922E+03	2.113896E-14	8.823055E-16	1.146426E+00
5.343083E+03	2.109746E-14	8.734929E-16	1.145791E+00
5.347244E+03	2.117287E-14	9.673471E-16	1.145160E+00
5.351406E+03	2.131005E-14	9.562758E-16	1.144533E+00
5.355568E+03	2.162903E-14	1.092042E-15	1.143909E+00
5.359731E+03	2.187912E-14	1.107639E-15	1.143289E+00
5.363894E+03	2.196788E-14	1.137645E-15	1.142673E+00
5.368057E+03	2.202235E-14	1.077905E-15	1.142060E+00
5.372220E+03	2.218641E-14	1.152088E-15	1.141452E+00
5.376384E+03	2.225110E-14	1.229683E-15	1.140848E+00
5.380548E+03	2.224282E-14	1.370198E-15	1.140248E+00
5.384713E+03	2.228591E-14	1.368247E-15	1.139653E+00
5.388877E+03	2.234841E-14	1.430565E-15	1.139063E+00
5.393043E+03	2.245874E-14	1.611761E-15	1.138477E+00
5.397208E+03	2.259637E-14	1.586153E-15	1.137898E+00
5.401374E+03	2.278287E-14	1.579678E-15	1.137324E+00
5.405540E+03	2.296133E-14	1.586798E-15	1.136756E+00
5.409707E+03	2.305792E-14	1.762730E-15	1.136194E+00
5.413873E+03	2.318293E-14	1.891920E-15	1.135639E+00
5.418041E+03	2.326028E-14	1.882479E-15	1.135091E+00
5.422208E+03	2.337853E-14	1.948163E-15	1.134550E+00
5.426376E+03	2.356712E-14	2.027359E-15	1.134016E+00
5.430544E+03	2.369335E-14	1.873045E-15	1.133490E+00
5.434712E+03	2.374370E-14	1.971886E-15	1.132972E+00
5.438881E+03	2.383721E-14	2.049953E-15	1.132463E+00
5.443050E+03	2.396250E-14	2.068068E-15	1.131962E+00
5.447220E+03	2.409125E-14	2.033884E-15	1.131470E+00
5.451390E+03	2.417596E-14	2.174218E-15	1.130986E+00
5.455560E+03	2.415790E-14	2.149521E-15	1.130512E+00
5.459730E+03	2.412874E-14	1.974462E-15	1.130046E+00
5.463901E+03	2.415286E-14	1.773310E-15	1.129588E+00
5.468072E+03	2.413310E-14	1.769898E-15	1.129139E+00
5.472243E+03	2.420043E-14	1.710909E-15	1.128699E+00
5.476415E+03	2.413701E-14	1.574648E-15	1.128267E+00
5.480587E+03	2.404109E-14	1.596906E-15	1.127843E+00
5.484759E+03	2.403449E-14	1.492688E-15	1.127427E+00
5.488932E+03	2.404608E-14	1.400973E-15	1.127019E+00
5.493105E+03	2.394517E-14	1.227801E-15	1.126620E+00
5.497279E+03	2.396950E-14	1.232001E-15	1.126228E+00
5.501452E+03	2.410769E-14	1.268197E-15	1.125844E+00
5.505627E+03	2.423920E-14	1.376694E-15	1.125468E+00
5.509801E+03	2.451366E-14	1.361134E-15	1.125099E+00
5.513975E+03	2.487922E-14	1.359665E-15	1.124739E+00
5.518150E+03	2.518848E-14	1.367579E-15	1.124385E+00
5.522326E+03	2.537632E-14	1.363870E-15	1.124040E+00
5.526502E+03	2.556196E-14	1.367845E-15	1.123701E+00
5.530677E+03	2.583303E-14	1.515494E-15	1.123371E+00
5.534854E+03	2.602324E-14	1.680874E-15	1.123047E+00
5.539030E+03	2.609450E-14	1.646701E-15	1.122731E+00
5.543207E+03	2.604130E-14	1.648195E-15	1.122421E+00
5.547385E+03	2.604999E-14	1.650400E-15	1.122119E+00
5.551562E+03	2.622039E-14	1.498555E-15	1.121824E+00
5.555740E+03	2.643123E-14	1.450719E-15	1.121536E+00
5.559918E+03	2.673070E-14	1.463761E-15	1.121254E+00
5.564097E+03	2.719160E-14	1.529714E-15	1.120980E+00
5.568276E+03	2.754149E-14	1.558270E-15	1.120712E+00
5.572455E+03	2.791603E-14	1.543919E-15	1.120451E+00
5.576635E+03	2.837120E-14	1.782855E-15	1.120196E+00
5.580815E+03	2.888906E-14	1.676118E-15	1.119948E+00
5.584995E+03	2.925793E-14	1.394777E-15	1.119706E+00
5.589176E+03	2.949918E-14	1.457783E-15	1.119471E+00
5.593356E+03	2.972148E-14	1.451297E-15	1.119242E+00
5.597538E+03	2.993714E-14	1.673052E-15	1.119020E+00
5.601719E+03	3.019427E-14	1.952439E-15	1.118803E+00
5.605901E+03	3.032954E-14	1.978636E-15	1.118593E+00
5.610083E+03	3.040117E-14	2.112628E-15	1.118389E+00
5.614266E+03	3.053333E-14	2.323853E-15	1.118191E+00
5.618449E+03	3.059517E-14	2.454484E-15	1.117999E+00
5.622632E+03	3.072197E-14	2.482918E-15	1.117813E+00
5.626816E+03	3.089137E-14	2.241451E-15	1.117633E+00
5.630999E+03	3.104076E-14	2.258236E-15	1.117458E+00
5.635184E+03	3.113551E-14	2.400569E-15	1.117290E+00
5.639368E+03	3.117676E-14	2.748880E-15	1.117126E+00
5.643553E+03	3.118577E-14	3.059843E-15	1.116969E+00
5.647738E+03	3.125413E-14	3.200752E-15	1.116817E+00
5.651924E+03	3.144545E-14	3.185070E-15	1.116671E+00
5.656110E+03	3.168153E-14	3.101611E-15	1.116530E+00
5.660296E+03	3.188534E-14	3.009937E-15	1.116394E+00
5.664483E+03	3.202897E-14	2.891322E-15	1.116264E+00
5.668669E+03	3.224749E-14	2.724363E-15	1.116139E+00
5.672857E+03	3.251858E-14	2.505108E-15	1.116020E+00
5.677044E+03	3.284332E-14	2.576101E-15	1.115905E+00
5.681232E+03	3.311570E-14	2.679230E-15	1.115796E+00
5.685420E+03	3.327103E-14	2.745670E-15	1.115691E+00
5.689609E+03	3.348450E-14	2.457017E-15	1.115592E+00
5.693798E+03	3.365792E-14	2.160294E-15	1.115498E+00
5.697987E+03	3.372103E-14	1.917203E-15	1.115408E+00
5.702177E+03	3.375193E-14	1.638075E-15	1.115324E+00
5.706367E+03	3.385435E-14	1.631791E-15	1.115244E+00
5.710557E+03	3.393460E-14	1.951937E-15	1.115169E+00
5.714748E+03	3.395030E-14	1.966408E-15	1.115099E+00
5.718939E+03	3.398733E-14	1.980009E-15	1.115033E+00
5.723130E+03	3.395091E-14	1.997045E-15	1.114972E+00
5.727322E+03	3.389345E-14	2.108321E-15	1.114916E+00
5.731514E+03	3.387849E-14	2.260151E-15	1.114864E+00
5.735706E+03	3.393279E-14	2.363134E-15	1.114817E+00
5.739898E+03	3.405411E-14	2.452640E-15	1.114774E+00
5.744092E+03	3.402283E-14	2.453889E-15	1.114735E+00
5.748285E+03	3.381444E-14	2.531274E-15	1.114701E+00
5.752479E+03	3.360732E-14	2.652722E-15	1.114671E+00
5.756673E+03	3.350957E-14	2.584298E-15	1.114645E+00
5.760867E+03	3.359809E-14	2.033353E-15	1.114623E+00
5.765062E+03	3.373577E-14	1.762725E-15	1.114606E+00
5.769257E+03	3.394937E-14	1.672327E-15	1.114592E+00
5.773453E+03	3.427342E-14	1.967698E-15	1.114583E+00
5.777648E+03	3.468677E-14	2.290906E-15	1.114578E+00
5.781844E+03	3.519943E-14	2.428218E-15	1.114576E+00
5.786041E+03	3.555283E-14	2.526558E-15	1.114579E+00
5.790238E+03	3.574363E-14	2.678648E-15	1.114585E+00
5.794435E+03	3.577962E-14	2.936008E-15	1.114595E+00
5.798632E+03	3.572657E-14	3.023908E-15	1.114609E+00
5.802831E+03	3.562348E-14	2.807426E-15	1.114627E+00
5.807029E+03	3.542576E-14	2.758027E-15	1.114648E+00
5.811227E+03	3.513897E-14	2.853111E-15	1.114674E+00
5.815426E+03	3.476979E-14	2.692354E-15	1.114702E+00
5.819626E+03	3.444530E-14	2.571511E-15	1.114735E+00
5.823825E+03	3.413761E-14	2.598860E-15	1.114770E+00
5.828025E+03	3.374752E-14	2.583594E-15	1.114810E+00
5.832226E+03	3.338537E-14	2.918969E-15	1.114853E+00
5.836426E+03	3.294191E-14	3.256110E-15	1.114899E+00
5.840627E+03	3.234911E-14	3.496905E-15	1.114948E+00
5.844829E+03	3.176862E-14	3.276807E-15	1.115001E+00
5.849031E+03	3.122050E-14	2.894335E-15	1.115058E+00
5.853233E+03	3.067352E-14	2.723582E-15	1.115117E+00
5.857435E+03	3.020241E-14	2.731569E-15	1.115180E+00
5.861639E+03	2.981832E-14	2.758976E-15	1.115246E+00
5.865842E+03	2.951903E-14	3.099881E-15	1.115315E+00
5.870045E+03	2.930456E-14	3.099613E-15	1.115387E+00
5.874249E+03	2.914256E-14	3.100506E-15	1.115462E+00
5.878454E+03	2.911449E-14	3.104539E-15	1.115540E+00
5.882659E+03	2.922817E-14	3.112003E-15	1.115622E+00
5.886864E+03	2.942117E-14	3.121503E-15	1.115706E+00
