#wls	flux	fluxerr
1.600000E+03	4.984696E-18	3.472419E-19
1.640000E+03	4.990482E-18	3.466235E-19
1.680000E+03	5.001957E-18	3.463726E-19
1.720000E+03	5.018384E-18	3.464342E-19
1.760000E+03	5.041898E-18	3.469511E-19
1.800000E+03	5.070861E-18	3.478056E-19
1.840000E+03	5.107479E-18	3.491439E-19
1.880000E+03	5.152097E-18	3.509832E-19
1.920000E+03	5.205104E-18	3.533431E-19
1.960000E+03	5.265966E-18	3.561800E-19
2.000000E+03	5.337120E-18	3.596509E-19
2.040000E+03	5.418152E-18	3.637186E-19
2.080000E+03	5.510690E-18	3.684823E-19
2.120000E+03	5.615467E-18	3.739798E-19
2.160000E+03	5.733309E-18	3.802535E-19
2.200000E+03	5.866189E-18	3.874204E-19
2.240000E+03	6.015201E-18	3.955368E-19
2.280000E+03	6.180502E-18	4.045958E-19
2.320000E+03	6.366721E-18	4.148811E-19
2.360000E+03	6.573308E-18	4.263343E-19
2.400000E+03	6.804329E-18	4.391943E-19
2.440000E+03	7.061941E-18	4.535720E-19
2.480000E+03	7.348581E-18	4.695919E-19
2.520000E+03	7.668243E-18	4.874731E-19
2.560000E+03	8.025416E-18	5.074598E-19
2.600000E+03	8.423860E-18	5.297422E-19
2.640000E+03	8.870534E-18	5.547038E-19
2.680000E+03	9.370528E-18	5.826001E-19
2.720000E+03	9.931062E-18	6.138087E-19
2.760000E+03	1.056183E-17	6.488462E-19
2.800000E+03	1.127079E-17	6.881048E-19
2.840000E+03	1.207016E-17	7.322208E-19
2.880000E+03	1.297393E-17	7.819138E-19
2.920000E+03	1.399627E-17	8.378883E-19
2.960000E+03	1.515514E-17	9.010451E-19
3.000000E+03	1.647494E-17	9.726310E-19
3.010000E+03	1.683199E-17	9.919323E-19
3.020000E+03	1.720152E-17	1.011885E-18
3.030000E+03	1.758185E-17	1.032385E-18
3.040000E+03	1.797539E-17	1.053570E-18
3.050000E+03	1.838251E-17	1.075456E-18
3.060000E+03	1.880361E-17	1.098062E-18
3.070000E+03	1.923911E-17	1.121409E-18
3.080000E+03	1.968725E-17	1.145387E-18
3.090000E+03	2.015281E-17	1.170269E-18
3.100000E+03	2.063409E-17	1.195951E-18
3.110000E+03	2.113154E-17	1.222453E-18
3.120000E+03	2.164563E-17	1.249797E-18
3.130000E+03	2.217684E-17	1.278002E-18
3.140000E+03	2.272567E-17	1.307092E-18
3.150000E+03	2.329504E-17	1.337228E-18
3.160000E+03	2.388311E-17	1.368296E-18
3.170000E+03	2.449289E-17	1.400462E-18
3.180000E+03	2.512252E-17	1.433611E-18
3.190000E+03	2.577508E-17	1.467911E-18
3.200000E+03	2.644867E-17	1.503245E-18
3.210000E+03	2.714650E-17	1.539787E-18
3.220000E+03	2.786925E-17	1.577567E-18
3.230000E+03	2.861763E-17	1.616614E-18
3.240000E+03	2.938963E-17	1.656806E-18
3.250000E+03	3.019143E-17	1.698481E-18
3.260000E+03	3.101824E-17	1.741358E-18
3.270000E+03	3.187645E-17	1.785786E-18
3.280000E+03	3.276402E-17	1.831638E-18
3.290000E+03	3.368174E-17	1.878947E-18
3.300000E+03	3.463340E-17	1.927911E-18
3.310000E+03	3.561686E-17	1.978400E-18
3.320000E+03	3.663605E-17	2.030616E-18
3.330000E+03	3.768875E-17	2.084424E-18
3.340000E+03	3.878218E-17	2.140208E-18
3.350000E+03	3.991092E-17	2.197655E-18
3.360000E+03	4.107581E-17	2.256795E-18
3.370000E+03	4.228435E-17	2.318024E-18
3.380000E+03	4.353767E-17	2.381389E-18
3.390000E+03	4.482995E-17	2.446551E-18
3.400000E+03	4.616904E-17	2.513924E-18
3.410000E+03	4.755246E-17	2.583352E-18
3.420000E+03	4.898116E-17	2.654870E-18
3.430000E+03	5.046343E-17	2.728906E-18
3.440000E+03	5.199302E-17	2.805102E-18
3.450000E+03	5.357464E-17	2.883692E-18
3.460000E+03	5.520932E-17	2.964709E-18
3.470000E+03	5.689808E-17	3.048185E-18
3.480000E+03	5.864191E-17	3.134151E-18
3.490000E+03	6.044580E-17	3.222850E-18
3.500000E+03	6.230674E-17	3.314096E-18
3.510000E+03	6.422976E-17	3.408132E-18
3.520000E+03	6.621589E-17	3.504987E-18
3.530000E+03	6.826179E-17	3.604457E-18
3.540000E+03	7.037688E-17	3.707013E-18
3.550000E+03	7.255335E-17	3.812215E-18
3.560000E+03	7.480073E-17	3.920536E-18
3.570000E+03	7.711990E-17	4.031992E-18
3.580000E+03	7.950706E-17	4.146354E-18
3.590000E+03	8.196272E-17	4.263618E-18
3.600000E+03	8.449203E-17	4.384022E-18
3.610000E+03	8.710027E-17	4.507807E-18
3.620000E+03	8.977833E-17	4.634469E-18
3.630000E+03	9.253611E-17	4.764487E-18
3.640000E+03	9.536895E-17	4.897586E-18
3.650000E+03	9.827686E-17	5.033734E-18
3.660000E+03	1.012699E-16	5.173412E-18
3.670000E+03	1.043378E-16	5.316059E-18
3.680000E+03	1.074853E-16	5.461882E-18
3.690000E+03	1.107120E-16	5.610824E-18
3.700000E+03	1.140172E-16	5.762817E-18
3.710000E+03	1.174055E-16	5.918054E-18
3.720000E+03	1.208706E-16	6.076186E-18
3.730000E+03	1.244169E-16	6.237391E-18
3.740000E+03	1.280428E-16	6.401564E-18
3.750000E+03	1.317414E-16	6.568312E-18
3.760000E+03	1.355221E-16	6.738079E-18
3.770000E+03	1.393774E-16	6.910453E-18
3.780000E+03	1.433051E-16	7.085284E-18
3.790000E+03	1.473026E-16	7.262421E-18
3.800000E+03	1.513732E-16	7.441985E-18
3.810000E+03	1.555080E-16	7.623516E-18
3.820000E+03	1.597160E-16	7.807414E-18
3.830000E+03	1.639818E-16	7.992896E-18
3.840000E+03	1.683016E-16	8.179754E-18
3.850000E+03	1.726838E-16	8.368368E-18
3.860000E+03	1.771183E-16	8.558215E-18
3.870000E+03	1.816007E-16	8.749069E-18
3.880000E+03	1.861265E-16	8.940678E-18
3.890000E+03	1.906910E-16	9.132804E-18
3.900000E+03	1.952891E-16	9.325183E-18
3.910000E+03	1.999222E-16	9.517866E-18
3.920000E+03	2.045788E-16	9.710284E-18
3.930000E+03	2.092534E-16	9.902169E-18
3.940000E+03	2.139403E-16	1.009324E-17
3.950000E+03	2.186341E-16	1.028325E-17
3.960000E+03	2.233294E-16	1.047191E-17
3.970000E+03	2.280201E-16	1.065896E-17
3.980000E+03	2.327009E-16	1.084414E-17
3.990000E+03	2.373662E-16	1.102720E-17
4.000000E+03	2.420040E-16	1.120758E-17
4.010000E+03	2.466155E-16	1.138536E-17
4.020000E+03	2.511891E-16	1.156001E-17
4.030000E+03	2.557263E-16	1.173162E-17
4.040000E+03	2.602096E-16	1.189939E-17
4.050000E+03	2.646408E-16	1.206344E-17
4.060000E+03	2.690097E-16	1.222333E-17
4.070000E+03	2.733123E-16	1.237890E-17
4.080000E+03	2.775458E-16	1.253005E-17
4.090000E+03	2.817005E-16	1.267638E-17
4.100000E+03	2.857808E-16	1.281813E-17
4.110000E+03	2.897717E-16	1.295465E-17
4.120000E+03	2.936720E-16	1.308594E-17
4.130000E+03	2.974871E-16	1.321227E-17
4.140000E+03	3.011976E-16	1.333283E-17
4.150000E+03	3.048164E-16	1.344823E-17
4.160000E+03	3.083253E-16	1.355771E-17
4.170000E+03	3.117382E-16	1.366195E-17
4.180000E+03	3.150444E-16	1.376051E-17
4.190000E+03	3.182462E-16	1.385354E-17
4.200000E+03	3.213402E-16	1.394095E-17
4.210000E+03	3.243299E-16	1.402294E-17
4.220000E+03	3.272130E-16	1.409945E-17
4.230000E+03	3.299875E-16	1.417047E-17
4.240000E+03	3.326644E-16	1.423650E-17
4.250000E+03	3.352366E-16	1.429730E-17
4.260000E+03	3.377037E-16	1.435289E-17
4.270000E+03	3.400834E-16	1.440408E-17
4.280000E+03	3.423638E-16	1.445041E-17
4.290000E+03	3.445512E-16	1.449219E-17
4.300000E+03	3.466583E-16	1.453000E-17
4.310000E+03	3.486854E-16	1.456390E-17
4.320000E+03	3.506334E-16	1.459395E-17
4.330000E+03	3.525148E-16	1.462074E-17
4.340000E+03	3.543306E-16	1.464431E-17
4.350000E+03	3.560871E-16	1.466498E-17
4.360000E+03	3.577908E-16	1.468304E-17
4.370000E+03	3.594479E-16	1.469878E-17
4.380000E+03	3.610700E-16	1.471269E-17
4.390000E+03	3.626570E-16	1.472479E-17
4.400000E+03	3.642147E-16	1.473534E-17
4.410000E+03	3.657535E-16	1.474477E-17
4.420000E+03	3.672726E-16	1.475308E-17
4.430000E+03	3.687818E-16	1.476067E-17
4.440000E+03	3.702746E-16	1.476729E-17
4.450000E+03	3.717653E-16	1.477352E-17
4.460000E+03	3.732466E-16	1.477909E-17
4.470000E+03	3.747320E-16	1.478453E-17
4.480000E+03	3.762135E-16	1.478955E-17
4.490000E+03	3.776985E-16	1.479443E-17
4.500000E+03	3.791888E-16	1.479927E-17
4.510000E+03	3.806757E-16	1.480372E-17
4.520000E+03	3.821603E-16	1.480785E-17
4.530000E+03	3.836385E-16	1.481149E-17
4.540000E+03	3.851110E-16	1.481470E-17
4.550000E+03	3.865782E-16	1.481749E-17
4.560000E+03	3.880301E-16	1.481950E-17
4.570000E+03	3.894666E-16	1.482074E-17
4.580000E+03	3.908874E-16	1.482122E-17
4.590000E+03	3.922919E-16	1.482093E-17
4.600000E+03	3.936695E-16	1.481949E-17
4.610000E+03	3.950241E-16	1.481706E-17
4.620000E+03	3.963546E-16	1.481363E-17
4.630000E+03	3.976547E-16	1.480897E-17
4.640000E+03	3.989276E-16	1.480324E-17
4.650000E+03	4.001619E-16	1.479604E-17
4.660000E+03	4.013655E-16	1.478767E-17
4.670000E+03	4.025264E-16	1.477773E-17
4.680000E+03	4.036472E-16	1.476633E-17
4.690000E+03	4.047157E-16	1.475306E-17
4.700000E+03	4.057388E-16	1.473821E-17
4.710000E+03	4.066993E-16	1.472117E-17
4.720000E+03	4.075986E-16	1.470203E-17
4.730000E+03	4.084239E-16	1.468038E-17
4.740000E+03	4.091667E-16	1.465593E-17
4.750000E+03	4.098185E-16	1.462844E-17
4.760000E+03	4.103702E-16	1.459762E-17
4.770000E+03	4.108035E-16	1.456288E-17
4.780000E+03	4.111133E-16	1.452407E-17
4.790000E+03	4.112854E-16	1.448077E-17
4.800000E+03	4.113279E-16	1.443331E-17
4.810000E+03	4.112347E-16	1.438154E-17
4.820000E+03	4.110136E-16	1.432579E-17
4.830000E+03	4.106584E-16	1.426588E-17
4.840000E+03	4.101817E-16	1.420232E-17
4.850000E+03	4.095744E-16	1.413484E-17
4.860000E+03	4.088516E-16	1.406401E-17
4.870000E+03	4.080110E-16	1.398979E-17
4.880000E+03	4.070675E-16	1.391273E-17
4.890000E+03	4.060329E-16	1.383326E-17
4.900000E+03	4.049155E-16	1.375167E-17
4.910000E+03	4.037282E-16	1.366841E-17
4.920000E+03	4.024839E-16	1.358392E-17
4.930000E+03	4.011950E-16	1.349864E-17
4.940000E+03	3.998608E-16	1.341252E-17
4.950000E+03	3.985012E-16	1.332626E-17
4.960000E+03	3.971151E-16	1.323978E-17
4.970000E+03	3.957172E-16	1.315359E-17
4.980000E+03	3.943135E-16	1.306787E-17
4.990000E+03	3.929053E-16	1.298265E-17
5.000000E+03	3.915061E-16	1.289837E-17
5.010000E+03	3.901126E-16	1.281490E-17
5.020000E+03	3.887370E-16	1.273262E-17
5.030000E+03	3.873751E-16	1.265138E-17
5.040000E+03	3.860389E-16	1.257156E-17
5.050000E+03	3.847310E-16	1.249323E-17
5.060000E+03	3.834506E-16	1.241632E-17
5.070000E+03	3.822038E-16	1.234103E-17
5.080000E+03	3.809930E-16	1.226741E-17
5.090000E+03	3.798157E-16	1.219536E-17
5.100000E+03	3.786773E-16	1.212503E-17
5.110000E+03	3.775828E-16	1.205657E-17
5.120000E+03	3.765248E-16	1.198970E-17
5.130000E+03	3.755077E-16	1.192456E-17
5.140000E+03	3.745316E-16	1.186113E-17
5.150000E+03	3.735998E-16	1.179949E-17
5.160000E+03	3.727079E-16	1.173948E-17
5.170000E+03	3.718549E-16	1.168105E-17
5.180000E+03	3.710432E-16	1.162426E-17
5.190000E+03	3.702674E-16	1.156892E-17
5.200000E+03	3.695294E-16	1.151507E-17
5.210000E+03	3.688234E-16	1.146251E-17
5.220000E+03	3.681543E-16	1.141139E-17
5.230000E+03	3.675119E-16	1.136137E-17
5.240000E+03	3.668935E-16	1.131235E-17
5.250000E+03	3.663036E-16	1.126446E-17
5.260000E+03	3.657352E-16	1.121747E-17
5.270000E+03	3.651850E-16	1.117127E-17
5.280000E+03	3.646533E-16	1.112586E-17
5.290000E+03	3.641331E-16	1.108100E-17
5.300000E+03	3.636207E-16	1.103660E-17
5.310000E+03	3.631164E-16	1.099263E-17
5.320000E+03	3.626166E-16	1.094899E-17
5.330000E+03	3.621181E-16	1.090558E-17
5.340000E+03	3.616172E-16	1.086228E-17
5.350000E+03	3.611107E-16	1.081899E-17
5.360000E+03	3.605954E-16	1.077561E-17
5.370000E+03	3.600716E-16	1.073215E-17
5.380000E+03	3.595328E-16	1.068840E-17
5.390000E+03	3.589794E-16	1.064440E-17
5.400000E+03	3.584089E-16	1.060005E-17
5.410000E+03	3.578183E-16	1.055528E-17
5.420000E+03	3.572052E-16	1.051001E-17
5.430000E+03	3.565669E-16	1.046416E-17
5.440000E+03	3.559017E-16	1.041769E-17
5.450000E+03	3.552074E-16	1.037054E-17
5.460000E+03	3.544862E-16	1.032278E-17
5.470000E+03	3.537339E-16	1.027429E-17
5.480000E+03	3.529533E-16	1.022515E-17
5.490000E+03	3.521414E-16	1.017528E-17
5.500000E+03	3.512990E-16	1.012472E-17
5.510000E+03	3.504311E-16	1.007360E-17
5.520000E+03	3.495367E-16	1.002192E-17
5.530000E+03	3.486187E-16	9.969743E-18
5.540000E+03	3.476808E-16	9.917198E-18
5.550000E+03	3.467311E-16	9.864510E-18
5.560000E+03	3.457675E-16	9.811627E-18
5.570000E+03	3.448027E-16	9.758906E-18
5.580000E+03	3.438390E-16	9.706419E-18
5.590000E+03	3.428800E-16	9.654262E-18
5.600000E+03	3.419354E-16	9.602712E-18
5.610000E+03	3.410126E-16	9.551972E-18
5.620000E+03	3.401153E-16	9.502139E-18
5.630000E+03	3.392506E-16	9.453412E-18
5.640000E+03	3.384256E-16	9.405980E-18
5.650000E+03	3.376469E-16	9.360021E-18
5.660000E+03	3.369214E-16	9.315715E-18
5.670000E+03	3.362516E-16	9.273126E-18
5.680000E+03	3.356433E-16	9.232401E-18
5.690000E+03	3.351046E-16	9.193753E-18
5.700000E+03	3.346333E-16	9.157112E-18
5.710000E+03	3.342398E-16	9.122748E-18
5.720000E+03	3.339201E-16	9.090542E-18
5.730000E+03	3.336765E-16	9.060542E-18
5.740000E+03	3.335131E-16	9.032852E-18
5.750000E+03	3.334272E-16	9.007383E-18
5.760000E+03	3.334148E-16	8.984016E-18
5.770000E+03	3.334776E-16	8.962791E-18
5.780000E+03	3.336133E-16	8.943631E-18
5.790000E+03	3.338189E-16	8.926450E-18
5.800000E+03	3.340835E-16	8.910949E-18
5.810000E+03	3.344091E-16	8.897175E-18
5.820000E+03	3.347838E-16	8.884806E-18
5.830000E+03	3.352048E-16	8.873768E-18
5.840000E+03	3.356658E-16	8.863891E-18
5.850000E+03	3.361566E-16	8.854908E-18
5.860000E+03	3.366738E-16	8.846728E-18
5.870000E+03	3.372068E-16	8.839078E-18
5.880000E+03	3.377454E-16	8.831700E-18
5.890000E+03	3.382897E-16	8.824602E-18
5.900000E+03	3.388265E-16	8.817449E-18
5.910000E+03	3.393500E-16	8.810103E-18
5.920000E+03	3.398587E-16	8.802534E-18
5.930000E+03	3.403480E-16	8.794638E-18
5.940000E+03	3.408111E-16	8.786253E-18
5.950000E+03	3.412424E-16	8.777250E-18
5.960000E+03	3.416470E-16	8.767774E-18
5.970000E+03	3.420212E-16	8.757750E-18
5.980000E+03	3.423658E-16	8.747211E-18
5.990000E+03	3.426824E-16	8.736215E-18
6.000000E+03	3.429704E-16	8.724762E-18
6.010000E+03	3.432402E-16	8.713131E-18
6.020000E+03	3.434894E-16	8.701276E-18
6.030000E+03	3.437264E-16	8.689426E-18
6.040000E+03	3.439567E-16	8.677727E-18
6.050000E+03	3.441894E-16	8.666429E-18
6.060000E+03	3.444272E-16	8.655602E-18
6.070000E+03	3.446756E-16	8.645403E-18
6.080000E+03	3.449435E-16	8.636062E-18
6.090000E+03	3.452392E-16	8.627795E-18
6.100000E+03	3.455635E-16	8.620629E-18
6.110000E+03	3.459263E-16	8.614823E-18
6.120000E+03	3.463329E-16	8.610513E-18
6.130000E+03	3.467807E-16	8.607642E-18
6.140000E+03	3.472823E-16	8.606531E-18
6.150000E+03	3.478354E-16	8.607132E-18
6.160000E+03	3.484461E-16	8.609601E-18
6.170000E+03	3.491154E-16	8.613968E-18
6.180000E+03	3.498355E-16	8.620052E-18
6.190000E+03	3.505975E-16	8.627625E-18
6.200000E+03	3.513770E-16	8.636077E-18
6.210000E+03	3.521641E-16	8.645154E-18
6.220000E+03	3.529366E-16	8.654298E-18
6.230000E+03	3.536895E-16	8.663380E-18
6.240000E+03	3.544029E-16	8.671902E-18
6.250000E+03	3.550628E-16	8.679516E-18
6.260000E+03	3.556622E-16	8.686045E-18
6.270000E+03	3.561860E-16	8.691109E-18
6.280000E+03	3.566153E-16	8.694245E-18
6.290000E+03	3.569420E-16	8.695245E-18
6.300000E+03	3.571546E-16	8.693829E-18
6.310000E+03	3.572424E-16	8.689725E-18
6.320000E+03	3.571918E-16	8.682597E-18
6.330000E+03	3.569972E-16	8.672303E-18
6.340000E+03	3.566510E-16	8.658653E-18
6.350000E+03	3.561432E-16	8.641393E-18
6.360000E+03	3.554762E-16	8.620578E-18
6.370000E+03	3.546391E-16	8.595934E-18
6.380000E+03	3.536376E-16	8.567591E-18
6.390000E+03	3.524712E-16	8.535529E-18
6.400000E+03	3.511447E-16	8.499853E-18
6.410000E+03	3.496570E-16	8.460527E-18
6.420000E+03	3.480189E-16	8.417802E-18
6.430000E+03	3.462315E-16	8.371696E-18
6.440000E+03	3.443079E-16	8.322512E-18
6.450000E+03	3.422541E-16	8.270389E-18
6.460000E+03	3.400810E-16	8.215574E-18
6.470000E+03	3.377960E-16	8.158237E-18
6.480000E+03	3.354103E-16	8.098637E-18
6.490000E+03	3.329356E-16	8.037044E-18
6.500000E+03	3.303761E-16	7.973552E-18
6.510000E+03	3.277435E-16	7.908429E-18
6.520000E+03	3.250456E-16	7.841855E-18
6.530000E+03	3.222870E-16	7.773926E-18
6.540000E+03	3.194786E-16	7.704902E-18
6.550000E+03	3.166245E-16	7.634867E-18
6.560000E+03	3.137287E-16	7.563912E-18
6.570000E+03	3.108016E-16	7.492276E-18
6.580000E+03	3.078471E-16	7.420044E-18
6.590000E+03	3.048683E-16	7.347285E-18
6.600000E+03	3.018756E-16	7.274240E-18
6.610000E+03	2.988754E-16	7.201056E-18
6.620000E+03	2.958707E-16	7.127803E-18
6.630000E+03	2.928681E-16	7.054628E-18
6.640000E+03	2.898740E-16	6.981681E-18
6.650000E+03	2.868979E-16	6.909184E-18
6.660000E+03	2.839396E-16	6.837131E-18
6.670000E+03	2.810118E-16	6.765820E-18
6.680000E+03	2.781208E-16	6.695398E-18
6.690000E+03	2.752698E-16	6.625938E-18
6.700000E+03	2.724684E-16	6.557667E-18
6.710000E+03	2.697228E-16	6.490732E-18
6.720000E+03	2.670397E-16	6.425287E-18
6.730000E+03	2.644223E-16	6.361408E-18
6.740000E+03	2.618862E-16	6.299461E-18
6.750000E+03	2.594287E-16	6.239378E-18
6.760000E+03	2.570624E-16	6.181453E-18
6.770000E+03	2.547934E-16	6.125833E-18
6.780000E+03	2.526310E-16	6.072736E-18
6.790000E+03	2.505755E-16	6.022164E-18
6.800000E+03	2.486359E-16	5.974326E-18
6.810000E+03	2.468208E-16	5.929428E-18
6.820000E+03	2.451326E-16	5.887525E-18
6.830000E+03	2.435822E-16	5.848867E-18
6.840000E+03	2.421655E-16	5.813358E-18
6.850000E+03	2.408947E-16	5.781287E-18
6.860000E+03	2.397704E-16	5.752658E-18
6.870000E+03	2.387972E-16	5.727582E-18
6.880000E+03	2.379707E-16	5.705945E-18
6.890000E+03	2.372966E-16	5.687881E-18
6.900000E+03	2.367709E-16	5.673289E-18
6.910000E+03	2.363948E-16	5.662193E-18
6.920000E+03	2.361657E-16	5.654524E-18
6.930000E+03	2.360777E-16	5.650136E-18
6.940000E+03	2.361328E-16	5.649070E-18
6.950000E+03	2.363214E-16	5.651093E-18
6.960000E+03	2.366414E-16	5.656150E-18
6.970000E+03	2.370885E-16	5.664129E-18
6.980000E+03	2.376542E-16	5.674826E-18
6.990000E+03	2.383389E-16	5.688243E-18
7.000000E+03	2.391368E-16	5.704235E-18
7.010000E+03	2.400361E-16	5.722516E-18
7.020000E+03	2.410331E-16	5.742995E-18
7.030000E+03	2.421240E-16	5.765574E-18
7.040000E+03	2.432961E-16	5.789948E-18
7.050000E+03	2.445479E-16	5.816075E-18
7.060000E+03	2.458719E-16	5.843773E-18
7.070000E+03	2.472543E-16	5.872709E-18
7.080000E+03	2.486929E-16	5.902833E-18
7.090000E+03	2.501761E-16	5.933863E-18
7.100000E+03	2.516952E-16	5.965590E-18
7.110000E+03	2.532442E-16	5.997873E-18
7.120000E+03	2.548105E-16	6.030411E-18
7.130000E+03	2.563878E-16	6.063053E-18
7.140000E+03	2.579593E-16	6.095408E-18
7.150000E+03	2.595246E-16	6.127462E-18
7.160000E+03	2.610632E-16	6.158738E-18
7.170000E+03	2.625708E-16	6.189135E-18
7.180000E+03	2.640364E-16	6.218398E-18
7.190000E+03	2.654453E-16	6.246190E-18
7.200000E+03	2.667895E-16	6.272325E-18
7.210000E+03	2.680542E-16	6.296465E-18
7.220000E+03	2.692314E-16	6.318433E-18
7.230000E+03	2.703101E-16	6.337973E-18
7.240000E+03	2.712756E-16	6.354759E-18
7.250000E+03	2.721243E-16	6.368716E-18
7.260000E+03	2.728393E-16	6.379461E-18
7.270000E+03	2.734182E-16	6.386951E-18
7.280000E+03	2.738487E-16	6.390916E-18
7.290000E+03	2.741232E-16	6.391193E-18
7.300000E+03	2.742385E-16	6.387725E-18
7.310000E+03	2.741855E-16	6.380319E-18
7.320000E+03	2.739636E-16	6.368977E-18
7.330000E+03	2.735701E-16	6.353652E-18
7.340000E+03	2.729997E-16	6.334245E-18
7.350000E+03	2.722598E-16	6.310943E-18
7.360000E+03	2.713447E-16	6.283634E-18
7.370000E+03	2.702573E-16	6.252403E-18
7.380000E+03	2.690090E-16	6.217535E-18
7.390000E+03	2.675950E-16	6.178932E-18
7.400000E+03	2.660257E-16	6.136857E-18
7.410000E+03	2.643092E-16	6.091511E-18
7.420000E+03	2.624510E-16	6.043038E-18
7.430000E+03	2.604577E-16	5.991604E-18
7.440000E+03	2.583434E-16	5.937548E-18
7.450000E+03	2.561156E-16	5.881058E-18
7.460000E+03	2.537929E-16	5.822571E-18
7.470000E+03	2.513831E-16	5.762278E-18
7.480000E+03	2.489013E-16	5.700535E-18
7.490000E+03	2.463587E-16	5.637607E-18
7.500000E+03	2.437600E-16	5.573608E-18
7.510000E+03	2.411255E-16	5.509012E-18
7.520000E+03	2.384591E-16	5.443909E-18
7.530000E+03	2.357702E-16	5.378522E-18
7.540000E+03	2.330682E-16	5.313066E-18
7.550000E+03	2.303613E-16	5.247734E-18
7.560000E+03	2.276572E-16	5.182701E-18
7.570000E+03	2.249599E-16	5.118061E-18
7.580000E+03	2.222789E-16	5.054021E-18
7.590000E+03	2.196167E-16	4.990626E-18
7.600000E+03	2.169789E-16	4.927985E-18
7.610000E+03	2.143699E-16	4.866188E-18
7.620000E+03	2.117971E-16	4.805386E-18
7.630000E+03	2.092588E-16	4.745527E-18
7.640000E+03	2.067617E-16	4.686753E-18
7.650000E+03	2.043067E-16	4.629071E-18
7.660000E+03	2.019001E-16	4.572610E-18
7.670000E+03	1.995454E-16	4.517439E-18
7.680000E+03	1.972431E-16	4.463556E-18
7.690000E+03	1.949985E-16	4.411072E-18
7.700000E+03	1.928119E-16	4.359982E-18
7.710000E+03	1.906879E-16	4.310383E-18
7.720000E+03	1.886287E-16	4.262311E-18
7.730000E+03	1.866330E-16	4.215729E-18
7.740000E+03	1.847021E-16	4.170658E-18
7.750000E+03	1.828395E-16	4.127168E-18
7.760000E+03	1.810457E-16	4.085261E-18
7.770000E+03	1.793209E-16	4.044936E-18
7.780000E+03	1.776651E-16	4.006184E-18
7.790000E+03	1.760756E-16	3.968939E-18
7.800000E+03	1.745570E-16	3.933292E-18
7.810000E+03	1.731061E-16	3.899173E-18
7.820000E+03	1.717225E-16	3.866559E-18
7.830000E+03	1.704075E-16	3.835476E-18
7.840000E+03	1.691579E-16	3.805847E-18
7.850000E+03	1.679749E-16	3.777695E-18
7.860000E+03	1.668577E-16	3.750990E-18
7.870000E+03	1.658052E-16	3.725707E-18
7.880000E+03	1.648162E-16	3.701814E-18
7.890000E+03	1.638920E-16	3.679333E-18
7.900000E+03	1.630314E-16	3.658234E-18
7.910000E+03	1.622313E-16	3.638439E-18
7.920000E+03	1.614949E-16	3.620018E-18
7.930000E+03	1.608192E-16	3.602899E-18
7.940000E+03	1.602053E-16	3.587101E-18
7.950000E+03	1.596521E-16	3.572597E-18
7.960000E+03	1.591613E-16	3.559416E-18
7.970000E+03	1.587272E-16	3.547431E-18
7.980000E+03	1.583558E-16	3.536769E-18
7.990000E+03	1.580442E-16	3.527358E-18
8.000000E+03	1.577914E-16	3.519177E-18
8.010000E+03	1.575991E-16	3.512255E-18
8.020000E+03	1.574643E-16	3.506521E-18
8.030000E+03	1.573908E-16	3.502056E-18
8.040000E+03	1.573736E-16	3.498743E-18
8.050000E+03	1.574144E-16	3.496615E-18
8.060000E+03	1.575126E-16	3.495658E-18
8.070000E+03	1.576679E-16	3.495854E-18
8.080000E+03	1.578795E-16	3.497187E-18
8.090000E+03	1.581475E-16	3.499648E-18
8.100000E+03	1.584711E-16	3.503220E-18
8.110000E+03	1.588480E-16	3.507845E-18
8.120000E+03	1.592778E-16	3.513510E-18
8.130000E+03	1.597603E-16	3.520206E-18
8.140000E+03	1.602974E-16	3.527967E-18
8.150000E+03	1.608822E-16	3.536642E-18
8.160000E+03	1.615168E-16	3.546269E-18
8.170000E+03	1.622008E-16	3.556838E-18
8.180000E+03	1.629320E-16	3.568292E-18
8.190000E+03	1.637101E-16	3.580623E-18
8.200000E+03	1.645351E-16	3.593826E-18
8.210000E+03	1.654043E-16	3.607841E-18
8.220000E+03	1.663178E-16	3.622663E-18
8.230000E+03	1.672732E-16	3.638238E-18
8.240000E+03	1.682724E-16	3.654603E-18
8.250000E+03	1.693108E-16	3.671657E-18
8.260000E+03	1.703929E-16	3.689492E-18
8.270000E+03	1.715114E-16	3.707951E-18
8.280000E+03	1.726710E-16	3.727131E-18
8.290000E+03	1.738666E-16	3.746921E-18
8.300000E+03	1.750983E-16	3.767321E-18
8.310000E+03	1.763657E-16	3.788324E-18
8.320000E+03	1.776709E-16	3.809971E-18
8.330000E+03	1.790066E-16	3.832106E-18
8.340000E+03	1.803773E-16	3.854828E-18
8.350000E+03	1.817778E-16	3.878025E-18
8.360000E+03	1.832079E-16	3.901694E-18
8.370000E+03	1.846695E-16	3.925877E-18
8.380000E+03	1.861599E-16	3.950522E-18
8.390000E+03	1.876762E-16	3.975566E-18
8.400000E+03	1.892155E-16	4.000956E-18
8.410000E+03	1.907822E-16	4.026786E-18
8.420000E+03	1.923706E-16	4.052945E-18
8.430000E+03	1.939804E-16	4.079430E-18
8.440000E+03	1.956084E-16	4.106182E-18
8.450000E+03	1.972562E-16	4.133241E-18
8.460000E+03	1.989209E-16	4.160557E-18
8.470000E+03	2.005988E-16	4.188060E-18
8.480000E+03	2.022892E-16	4.215748E-18
8.490000E+03	2.039912E-16	4.243614E-18
8.500000E+03	2.057011E-16	4.271592E-18
8.510000E+03	2.074181E-16	4.299680E-18
8.520000E+03	2.091383E-16	4.327813E-18
8.530000E+03	2.108633E-16	4.356039E-18
8.540000E+03	2.125864E-16	4.384235E-18
8.550000E+03	2.143064E-16	4.412398E-18
8.560000E+03	2.160219E-16	4.440516E-18
8.570000E+03	2.177288E-16	4.468524E-18
8.580000E+03	2.194255E-16	4.496414E-18
8.590000E+03	2.211078E-16	4.524119E-18
8.600000E+03	2.227739E-16	4.551627E-18
8.610000E+03	2.244221E-16	4.578930E-18
8.620000E+03	2.260480E-16	4.605961E-18
8.630000E+03	2.276467E-16	4.632647E-18
8.640000E+03	2.292192E-16	4.659036E-18
8.650000E+03	2.307578E-16	4.685003E-18
8.660000E+03	2.322601E-16	4.710526E-18
8.670000E+03	2.337245E-16	4.735603E-18
8.680000E+03	2.351453E-16	4.760150E-18
8.690000E+03	2.365207E-16	4.784161E-18
8.700000E+03	2.378453E-16	4.807558E-18
8.710000E+03	2.391199E-16	4.830391E-18
8.720000E+03	2.403360E-16	4.852520E-18
8.730000E+03	2.414910E-16	4.873923E-18
8.740000E+03	2.425829E-16	4.894593E-18
8.750000E+03	2.436058E-16	4.914445E-18
8.760000E+03	2.445608E-16	4.933531E-18
8.770000E+03	2.454389E-16	4.951700E-18
8.780000E+03	2.462414E-16	4.969007E-18
8.790000E+03	2.469660E-16	4.985438E-18
8.800000E+03	2.476071E-16	5.000908E-18
8.810000E+03	2.481662E-16	5.015473E-18
8.820000E+03	2.486380E-16	5.029052E-18
8.830000E+03	2.490244E-16	5.041706E-18
8.840000E+03	2.493273E-16	5.053496E-18
8.850000E+03	2.495386E-16	5.064279E-18
8.860000E+03	2.496715E-16	5.074341E-18
8.870000E+03	2.497182E-16	5.083541E-18
8.880000E+03	2.496894E-16	5.092109E-18
8.890000E+03	2.495814E-16	5.099985E-18
8.900000E+03	2.494023E-16	5.107345E-18
8.910000E+03	2.491564E-16	5.114287E-18
8.920000E+03	2.488452E-16	5.120849E-18
8.930000E+03	2.484778E-16	5.127225E-18
8.940000E+03	2.480602E-16	5.133544E-18
8.950000E+03	2.475942E-16	5.139847E-18
8.960000E+03	2.470903E-16	5.146337E-18
8.970000E+03	2.465506E-16	5.153030E-18
8.980000E+03	2.459808E-16	5.160017E-18
8.990000E+03	2.453862E-16	5.167380E-18
9.000000E+03	2.447712E-16	5.175179E-18
9.040000E+03	2.421315E-16	5.210701E-18
9.080000E+03	2.391507E-16	5.250500E-18
9.120000E+03	2.356998E-16	5.289571E-18
9.160000E+03	2.316906E-16	5.323508E-18
9.200000E+03	2.271031E-16	5.349244E-18
9.240000E+03	2.219889E-16	5.365375E-18
9.280000E+03	2.164059E-16	5.370790E-18
9.320000E+03	2.104463E-16	5.365460E-18
9.360000E+03	2.041870E-16	5.349291E-18
9.400000E+03	1.977163E-16	5.322835E-18
9.440000E+03	1.910966E-16	5.286288E-18
9.480000E+03	1.844091E-16	5.240706E-18
9.520000E+03	1.776946E-16	5.186329E-18
9.560000E+03	1.710211E-16	5.124464E-18
9.600000E+03	1.644177E-16	5.055538E-18
9.640000E+03	1.579211E-16	4.980404E-18
9.680000E+03	1.515694E-16	4.900178E-18
9.720000E+03	1.453837E-16	4.815600E-18
9.760000E+03	1.393730E-16	4.727136E-18
9.800000E+03	1.335670E-16	4.636065E-18
9.840000E+03	1.279582E-16	4.542470E-18
9.880000E+03	1.225669E-16	4.447474E-18
9.920000E+03	1.173956E-16	4.351634E-18
9.960000E+03	1.124363E-16	4.255132E-18
1.000000E+04	1.076968E-16	4.158768E-18
1.004000E+04	1.031749E-16	4.062981E-18
1.008000E+04	9.886521E-17	3.968086E-18
1.012000E+04	9.475944E-17	3.874274E-18
1.016000E+04	9.086010E-17	3.782161E-18
1.020000E+04	8.715415E-17	3.691716E-18
1.024000E+04	8.363326E-17	3.603072E-18
1.028000E+04	8.029391E-17	3.516547E-18
1.032000E+04	7.712459E-17	3.432090E-18
