#wls	flux	fluxerr	mangling_mask
3.476349E+03	3.928086E-15	5.681376E-16	3.946675E+00
3.480878E+03	4.011741E-15	5.758949E-16	3.947398E+00
3.485407E+03	4.099721E-15	5.840929E-16	3.948113E+00
3.489937E+03	4.192067E-15	5.927340E-16	3.948820E+00
3.494466E+03	4.301421E-15	6.032323E-16	3.949519E+00
3.498995E+03	4.413964E-15	6.140378E-16	3.950209E+00
3.503524E+03	4.533252E-15	6.252357E-16	3.950891E+00
3.508053E+03	4.667193E-15	6.173997E-16	3.951565E+00
3.512582E+03	4.829229E-15	7.349848E-16	3.952229E+00
3.517112E+03	4.993681E-15	7.672020E-16	3.952886E+00
3.521641E+03	5.147501E-15	7.818364E-16	3.953534E+00
3.526170E+03	5.292264E-15	7.935959E-16	3.954172E+00
3.530699E+03	5.430735E-15	7.947346E-16	3.954803E+00
3.535228E+03	5.581103E-15	8.024094E-16	3.955424E+00
3.539757E+03	5.773439E-15	8.325641E-16	3.956036E+00
3.544287E+03	5.982439E-15	8.808661E-16	3.956639E+00
3.548816E+03	6.181199E-15	8.990087E-16	3.957234E+00
3.553345E+03	6.365360E-15	9.141417E-16	3.957819E+00
3.557874E+03	6.530955E-15	9.232510E-16	3.958394E+00
3.562403E+03	6.714397E-15	8.585961E-16	3.958961E+00
3.566932E+03	6.897084E-15	8.463936E-16	3.959518E+00
3.571462E+03	7.060005E-15	8.679910E-16	3.960065E+00
3.575991E+03	7.203149E-15	8.833118E-16	3.960603E+00
3.580520E+03	7.326510E-15	8.947564E-16	3.961132E+00
3.585049E+03	7.396402E-15	9.015909E-16	3.961651E+00
3.589578E+03	7.436974E-15	9.260475E-16	3.962160E+00
3.594108E+03	7.468423E-15	9.255335E-16	3.962659E+00
3.598637E+03	7.477668E-15	9.196582E-16	3.963148E+00
3.603166E+03	7.461529E-15	9.117676E-16	3.963628E+00
3.607695E+03	7.447349E-15	9.280294E-16	3.964097E+00
3.612224E+03	7.428388E-15	9.728993E-16	3.964556E+00
3.616753E+03	7.393941E-15	9.714852E-16	3.965005E+00
3.621282E+03	7.358673E-15	9.649269E-16	3.965443E+00
3.625812E+03	7.338449E-15	9.617721E-16	3.965872E+00
3.630341E+03	7.334066E-15	9.717465E-16	3.966289E+00
3.634870E+03	7.345132E-15	1.021949E-15	3.966697E+00
3.639399E+03	7.351817E-15	1.000761E-15	3.967093E+00
3.643928E+03	7.420773E-15	9.426897E-16	3.967479E+00
3.648457E+03	7.554001E-15	9.020171E-16	3.967855E+00
3.652987E+03	7.725329E-15	8.948803E-16	3.968219E+00
3.657516E+03	7.935557E-15	9.129676E-16	3.968572E+00
3.662045E+03	8.179933E-15	9.296982E-16	3.968915E+00
3.666574E+03	8.458463E-15	9.620762E-16	3.969246E+00
3.671103E+03	8.760436E-15	9.932963E-16	3.969566E+00
3.675633E+03	9.057667E-15	1.050786E-15	3.969875E+00
3.680162E+03	9.319980E-15	1.101956E-15	3.970173E+00
3.684691E+03	9.552130E-15	1.114434E-15	3.970459E+00
3.689220E+03	9.754504E-15	1.150397E-15	3.970733E+00
3.693749E+03	9.927094E-15	1.173285E-15	3.970996E+00
3.698278E+03	1.005321E-14	1.163204E-15	3.971248E+00
3.702807E+03	1.015311E-14	1.141950E-15	3.971487E+00
3.707337E+03	1.024266E-14	1.140587E-15	3.971715E+00
3.711866E+03	1.032027E-14	1.198696E-15	3.971931E+00
3.716395E+03	1.034423E-14	1.285602E-15	3.972135E+00
3.720924E+03	1.030580E-14	1.339072E-15	3.972326E+00
3.725453E+03	1.021808E-14	1.377889E-15	3.972506E+00
3.729983E+03	1.009893E-14	1.384444E-15	3.972673E+00
3.734512E+03	9.965441E-15	1.344933E-15	3.972828E+00
3.739041E+03	9.822374E-15	1.246257E-15	3.972970E+00
3.743570E+03	9.647481E-15	1.147273E-15	3.973100E+00
3.748099E+03	9.446721E-15	1.095744E-15	3.973217E+00
3.752628E+03	9.233999E-15	1.132695E-15	3.973321E+00
3.757158E+03	9.014482E-15	1.198046E-15	3.973413E+00
3.761687E+03	8.820754E-15	1.234548E-15	3.973492E+00
3.766216E+03	8.624606E-15	1.212557E-15	3.973557E+00
3.770745E+03	8.412926E-15	1.157798E-15	3.973610E+00
3.775274E+03	8.210751E-15	1.063823E-15	3.973649E+00
3.779803E+03	8.037950E-15	9.846359E-16	3.973675E+00
3.784333E+03	7.892141E-15	9.371709E-16	3.973688E+00
3.788862E+03	7.765379E-15	9.268002E-16	3.973687E+00
3.793391E+03	7.669982E-15	9.266808E-16	3.973672E+00
3.797920E+03	7.602774E-15	9.314056E-16	3.973644E+00
3.802449E+03	7.541500E-15	9.082713E-16	3.973602E+00
3.806979E+03	7.494904E-15	8.571851E-16	3.973547E+00
3.811508E+03	7.478084E-15	7.968752E-16	3.973477E+00
3.816037E+03	7.475145E-15	7.338058E-16	3.973393E+00
3.820566E+03	7.490854E-15	6.890152E-16	3.973295E+00
3.825095E+03	7.520838E-15	6.823522E-16	3.973183E+00
3.829624E+03	7.571056E-15	6.913770E-16	3.973057E+00
3.834153E+03	7.689975E-15	6.944227E-16	3.972916E+00
3.838683E+03	7.902614E-15	7.088117E-16	3.972760E+00
3.843212E+03	8.191083E-15	7.335538E-16	3.972590E+00
3.847741E+03	8.556163E-15	7.598981E-16	3.972405E+00
3.852270E+03	9.017700E-15	7.991991E-16	3.972205E+00
3.856799E+03	9.561772E-15	8.406425E-16	3.971990E+00
3.861329E+03	1.018598E-14	8.872120E-16	3.971760E+00
3.865858E+03	1.085336E-14	9.329444E-16	3.971515E+00
3.870387E+03	1.154483E-14	9.862889E-16	3.971255E+00
3.874916E+03	1.226199E-14	1.054431E-15	3.970979E+00
3.879445E+03	1.297065E-14	1.115308E-15	3.970688E+00
3.883974E+03	1.364660E-14	1.164581E-15	3.970381E+00
3.888503E+03	1.426799E-14	1.215195E-15	3.970059E+00
3.893033E+03	1.483604E-14	1.268705E-15	3.969720E+00
3.897562E+03	1.537256E-14	1.316764E-15	3.969366E+00
3.902091E+03	1.588114E-14	1.329589E-15	3.968996E+00
3.906620E+03	1.638004E-14	1.355889E-15	3.968610E+00
3.911149E+03	1.687797E-14	1.397489E-15	3.968207E+00
3.915678E+03	1.736780E-14	1.438883E-15	3.967788E+00
3.920208E+03	1.784158E-14	1.513896E-15	3.967353E+00
3.924737E+03	1.830368E-14	1.585370E-15	3.966901E+00
3.929266E+03	1.874060E-14	1.634208E-15	3.966432E+00
3.933795E+03	1.915116E-14	1.674194E-15	3.965946E+00
3.938324E+03	1.955717E-14	1.678247E-15	3.965444E+00
3.942854E+03	1.995467E-14	1.652117E-15	3.964925E+00
3.947383E+03	2.032740E-14	1.600706E-15	3.964388E+00
3.951912E+03	2.067457E-14	1.598124E-15	3.963834E+00
3.956441E+03	2.097874E-14	1.690583E-15	3.963263E+00
3.960970E+03	2.122805E-14	1.805188E-15	3.962675E+00
3.965499E+03	2.142409E-14	1.880834E-15	3.962068E+00
3.970029E+03	2.154630E-14	1.896576E-15	3.961445E+00
3.974558E+03	2.159271E-14	1.868621E-15	3.960803E+00
3.979087E+03	2.157486E-14	1.801856E-15	3.960143E+00
3.983616E+03	2.146862E-14	1.711642E-15	3.959465E+00
3.988145E+03	2.126532E-14	1.642667E-15	3.958769E+00
3.992674E+03	2.098561E-14	1.591127E-15	3.958055E+00
3.997204E+03	2.063308E-14	1.553120E-15	3.957322E+00
4.001733E+03	2.020937E-14	1.540914E-15	3.956571E+00
4.006262E+03	1.975290E-14	1.539592E-15	3.955801E+00
4.010791E+03	1.928583E-14	1.516275E-15	3.955013E+00
4.015320E+03	1.879315E-14	1.460525E-15	3.954205E+00
4.019849E+03	1.828793E-14	1.395711E-15	3.953378E+00
4.024379E+03	1.777573E-14	1.308289E-15	3.952533E+00
4.028908E+03	1.726049E-14	1.217599E-15	3.951668E+00
4.033437E+03	1.676870E-14	1.151967E-15	3.950783E+00
4.037966E+03	1.631300E-14	1.104956E-15	3.949879E+00
4.042495E+03	1.588349E-14	1.089841E-15	3.948955E+00
4.047024E+03	1.550858E-14	1.130765E-15	3.948012E+00
4.051554E+03	1.518587E-14	1.181156E-15	3.947048E+00
4.056083E+03	1.492994E-14	1.259371E-15	3.946065E+00
4.060612E+03	1.474940E-14	1.303321E-15	3.945061E+00
4.065141E+03	1.462843E-14	1.280825E-15	3.944037E+00
4.069670E+03	1.456147E-14	1.217784E-15	3.942993E+00
4.074200E+03	1.454966E-14	1.109770E-15	3.941928E+00
4.078729E+03	1.457402E-14	1.050439E-15	3.940842E+00
4.083258E+03	1.458569E-14	1.041283E-15	3.939736E+00
4.087787E+03	1.458506E-14	1.051955E-15	3.938608E+00
4.092316E+03	1.457648E-14	1.103486E-15	3.937460E+00
4.096845E+03	1.454262E-14	1.119874E-15	3.936290E+00
4.101374E+03	1.445913E-14	1.094137E-15	3.935099E+00
4.105904E+03	1.432761E-14	1.026565E-15	3.933886E+00
4.110433E+03	1.417760E-14	9.253684E-16	3.932652E+00
4.114962E+03	1.401228E-14	8.680445E-16	3.931396E+00
4.119491E+03	1.381908E-14	8.413454E-16	3.930118E+00
4.124020E+03	1.360785E-14	8.300817E-16	3.928817E+00
4.128550E+03	1.339669E-14	8.129427E-16	3.927495E+00
4.133079E+03	1.321856E-14	7.909713E-16	3.926150E+00
4.137608E+03	1.308758E-14	7.656264E-16	3.924783E+00
4.142137E+03	1.299428E-14	7.316939E-16	3.923394E+00
4.146666E+03	1.295273E-14	7.366328E-16	3.921981E+00
4.151195E+03	1.298210E-14	7.720950E-16	3.920546E+00
4.155725E+03	1.306780E-14	7.758027E-16	3.919087E+00
4.160254E+03	1.320664E-14	7.791284E-16	3.917605E+00
4.164783E+03	1.339933E-14	7.628148E-16	3.916100E+00
4.169312E+03	1.361723E-14	7.631336E-16	3.914572E+00
4.173841E+03	1.383839E-14	8.129594E-16	3.913019E+00
4.178370E+03	1.405499E-14	8.967899E-16	3.911443E+00
4.182900E+03	1.424942E-14	9.296364E-16	3.909844E+00
4.187429E+03	1.442719E-14	9.499370E-16	3.908220E+00
4.191958E+03	1.460394E-14	9.529608E-16	3.906571E+00
4.196487E+03	1.476637E-14	9.118051E-16	3.904899E+00
4.201016E+03	1.491335E-14	8.502852E-16	3.903201E+00
4.205545E+03	1.506010E-14	8.281559E-16	3.901480E+00
4.210075E+03	1.518985E-14	8.065222E-16	3.899733E+00
4.214604E+03	1.529287E-14	8.150970E-16	3.897961E+00
4.219133E+03	1.538284E-14	8.360707E-16	3.896164E+00
4.223662E+03	1.544262E-14	8.280661E-16	3.894342E+00
4.228191E+03	1.544659E-14	7.748864E-16	3.892495E+00
4.232720E+03	1.541075E-14	7.349762E-16	3.890621E+00
4.237250E+03	1.534995E-14	6.910860E-16	3.888722E+00
4.241779E+03	1.526306E-14	6.541320E-16	3.886797E+00
4.246308E+03	1.515168E-14	6.627712E-16	3.884846E+00
4.250837E+03	1.502593E-14	6.818273E-16	3.882869E+00
4.255366E+03	1.491300E-14	6.678857E-16	3.880865E+00
4.259895E+03	1.481599E-14	6.535127E-16	3.878835E+00
4.264425E+03	1.473059E-14	6.496448E-16	3.876778E+00
4.268954E+03	1.467075E-14	6.522198E-16	3.874694E+00
4.273483E+03	1.466818E-14	6.632848E-16	3.872583E+00
4.278012E+03	1.472859E-14	6.803781E-16	3.870445E+00
4.282541E+03	1.483446E-14	6.844890E-16	3.868279E+00
4.287070E+03	1.500041E-14	6.787571E-16	3.866086E+00
4.291600E+03	1.520238E-14	6.575422E-16	3.863865E+00
4.296129E+03	1.540708E-14	6.263828E-16	3.861616E+00
4.300658E+03	1.559906E-14	6.092856E-16	3.859339E+00
4.305187E+03	1.576833E-14	6.294237E-16	3.857034E+00
4.309716E+03	1.592685E-14	6.563373E-16	3.854700E+00
4.314245E+03	1.605616E-14	6.655081E-16	3.852338E+00
4.318775E+03	1.613705E-14	6.607264E-16	3.849947E+00
4.323304E+03	1.617539E-14	6.308352E-16	3.847527E+00
4.327833E+03	1.618317E-14	5.714096E-16	3.845078E+00
4.332362E+03	1.615660E-14	5.243819E-16	3.842600E+00
4.336891E+03	1.608192E-14	4.908238E-16	3.840092E+00
4.341421E+03	1.595655E-14	4.722508E-16	3.837555E+00
4.345950E+03	1.579670E-14	5.213291E-16	3.834988E+00
4.350479E+03	1.559783E-14	5.668901E-16	3.832391E+00
4.355008E+03	1.533744E-14	5.916285E-16	3.829763E+00
4.359537E+03	1.502062E-14	5.975251E-16	3.827106E+00
4.364066E+03	1.465134E-14	5.814721E-16	3.824418E+00
4.368596E+03	1.423315E-14	5.467375E-16	3.821699E+00
4.373125E+03	1.376540E-14	5.081076E-16	3.818949E+00
4.377654E+03	1.324783E-14	4.784055E-16	3.816168E+00
4.382183E+03	1.271983E-14	4.536426E-16	3.813356E+00
4.386712E+03	1.220888E-14	4.262798E-16	3.810512E+00
4.391241E+03	1.171496E-14	4.291147E-16	3.807637E+00
4.395770E+03	1.124602E-14	4.082312E-16	3.804730E+00
4.400300E+03	1.081724E-14	3.728978E-16	3.801791E+00
4.404829E+03	1.043612E-14	3.401960E-16	3.798820E+00
4.409358E+03	1.008662E-14	3.107456E-16	3.795817E+00
4.413887E+03	9.786135E-15	3.174787E-16	3.792782E+00
4.418416E+03	9.555006E-15	3.442139E-16	3.789714E+00
4.422945E+03	9.371871E-15	3.353604E-16	3.786615E+00
4.427475E+03	9.228293E-15	3.351313E-16	3.783483E+00
4.432004E+03	9.131359E-15	3.274433E-16	3.780319E+00
4.436533E+03	9.079068E-15	3.177219E-16	3.777122E+00
4.441062E+03	9.067910E-15	3.098072E-16	3.773893E+00
4.445591E+03	9.083073E-15	3.345537E-16	3.770631E+00
4.450120E+03	9.122229E-15	3.637960E-16	3.767337E+00
4.454650E+03	9.181173E-15	3.599235E-16	3.764010E+00
4.459179E+03	9.261729E-15	3.484217E-16	3.760650E+00
4.463708E+03	9.356698E-15	3.205356E-16	3.757258E+00
4.468237E+03	9.466789E-15	2.610306E-16	3.753832E+00
4.472766E+03	9.599457E-15	2.397118E-16	3.750374E+00
4.477296E+03	9.743395E-15	2.441910E-16	3.746883E+00
4.481825E+03	9.892953E-15	2.481651E-16	3.743360E+00
4.486354E+03	1.005260E-14	2.585374E-16	3.739806E+00
4.490883E+03	1.022678E-14	2.889629E-16	3.736220E+00
4.495412E+03	1.041284E-14	2.895310E-16	3.732602E+00
4.499941E+03	1.062043E-14	2.812676E-16	3.728954E+00
4.504471E+03	1.086402E-14	2.932188E-16	3.725276E+00
4.509000E+03	1.115279E-14	3.123275E-16	3.721567E+00
4.513529E+03	1.149961E-14	3.306299E-16	3.717828E+00
4.518058E+03	1.190468E-14	3.489975E-16	3.714060E+00
4.522587E+03	1.238152E-14	3.802574E-16	3.710263E+00
4.527116E+03	1.293324E-14	4.047666E-16	3.706437E+00
4.531646E+03	1.355848E-14	4.171023E-16	3.702582E+00
4.536175E+03	1.427513E-14	4.337132E-16	3.698699E+00
4.540704E+03	1.508545E-14	4.538384E-16	3.694788E+00
4.545233E+03	1.598175E-14	4.908491E-16	3.690849E+00
4.549762E+03	1.692796E-14	5.670783E-16	3.686884E+00
4.554291E+03	1.788633E-14	6.738866E-16	3.682891E+00
4.558821E+03	1.886636E-14	7.598745E-16	3.678871E+00
4.563350E+03	1.987309E-14	8.117847E-16	3.674826E+00
4.567879E+03	2.089613E-14	8.410394E-16	3.670754E+00
4.572408E+03	2.192990E-14	8.376361E-16	3.666656E+00
4.576937E+03	2.298936E-14	8.169275E-16	3.662533E+00
4.581467E+03	2.409413E-14	7.988935E-16	3.658385E+00
4.585996E+03	2.521553E-14	8.337004E-16	3.654213E+00
4.590525E+03	2.633340E-14	9.190100E-16	3.650016E+00
4.595054E+03	2.743825E-14	1.014726E-15	3.645794E+00
4.599583E+03	2.851224E-14	1.082509E-15	3.641549E+00
4.604112E+03	2.953508E-14	1.116358E-15	3.637280E+00
4.608641E+03	3.048477E-14	1.123173E-15	3.632989E+00
4.613171E+03	3.136408E-14	1.091429E-15	3.628674E+00
4.617700E+03	3.215837E-14	1.068309E-15	3.624336E+00
4.622229E+03	3.282197E-14	1.147400E-15	3.619977E+00
4.626758E+03	3.333145E-14	1.341965E-15	3.615595E+00
4.631287E+03	3.368519E-14	1.526158E-15	3.611192E+00
4.635816E+03	3.386393E-14	1.642457E-15	3.606767E+00
4.640346E+03	3.386110E-14	1.687016E-15	3.602321E+00
4.644875E+03	3.367520E-14	1.656428E-15	3.597854E+00
4.649404E+03	3.331123E-14	1.583622E-15	3.593367E+00
4.653933E+03	3.277957E-14	1.487799E-15	3.588860E+00
4.658462E+03	3.209842E-14	1.361646E-15	3.584333E+00
4.662992E+03	3.128447E-14	1.314701E-15	3.579786E+00
4.667521E+03	3.034861E-14	1.370206E-15	3.575220E+00
4.672050E+03	2.931991E-14	1.458296E-15	3.570635E+00
4.676579E+03	2.821123E-14	1.497080E-15	3.566031E+00
4.681108E+03	2.703822E-14	1.464109E-15	3.561409E+00
4.685637E+03	2.582712E-14	1.376288E-15	3.556769E+00
4.690167E+03	2.460476E-14	1.230248E-15	3.552111E+00
4.694696E+03	2.338257E-14	1.060092E-15	3.547436E+00
4.699225E+03	2.217509E-14	9.565521E-16	3.542743E+00
4.703754E+03	2.100460E-14	9.110591E-16	3.538034E+00
4.708283E+03	1.989747E-14	9.321294E-16	3.533308E+00
4.712812E+03	1.886618E-14	1.019704E-15	3.528565E+00
4.717342E+03	1.790799E-14	1.135640E-15	3.523807E+00
4.721871E+03	1.703142E-14	1.237288E-15	3.519033E+00
4.726400E+03	1.624002E-14	1.277205E-15	3.514243E+00
4.730929E+03	1.554997E-14	1.242359E-15	3.509439E+00
4.735458E+03	1.497349E-14	1.115229E-15	3.504619E+00
4.739987E+03	1.448036E-14	9.328835E-16	3.499785E+00
4.744517E+03	1.405279E-14	8.049279E-16	3.494937E+00
4.749046E+03	1.367376E-14	7.644381E-16	3.490075E+00
4.753575E+03	1.333786E-14	8.069985E-16	3.485199E+00
4.758104E+03	1.306230E-14	9.211319E-16	3.480309E+00
4.762633E+03	1.285553E-14	1.033620E-15	3.475407E+00
4.767162E+03	1.270165E-14	1.090407E-15	3.470492E+00
4.771692E+03	1.260495E-14	1.072889E-15	3.465564E+00
4.776221E+03	1.258352E-14	9.998505E-16	3.460624E+00
4.780750E+03	1.262875E-14	8.773995E-16	3.455672E+00
4.785279E+03	1.270792E-14	7.472336E-16	3.450708E+00
4.789808E+03	1.282261E-14	6.772281E-16	3.445733E+00
4.794337E+03	1.296611E-14	7.058554E-16	3.440747E+00
4.798867E+03	1.312697E-14	8.027039E-16	3.435751E+00
4.803396E+03	1.331368E-14	9.325769E-16	3.430743E+00
4.807925E+03	1.352237E-14	1.058796E-15	3.425726E+00
4.812454E+03	1.374813E-14	1.158443E-15	3.420698E+00
4.816983E+03	1.398132E-14	1.184644E-15	3.415661E+00
4.821512E+03	1.419873E-14	1.135936E-15	3.410614E+00
4.826042E+03	1.439530E-14	1.028458E-15	3.405559E+00
4.830571E+03	1.456976E-14	9.198427E-16	3.400494E+00
4.835100E+03	1.470081E-14	8.884792E-16	3.395421E+00
4.839629E+03	1.478866E-14	9.220922E-16	3.390340E+00
4.844158E+03	1.483180E-14	1.002112E-15	3.385251E+00
4.848688E+03	1.482603E-14	1.096639E-15	3.380154E+00
4.853217E+03	1.477360E-14	1.146407E-15	3.375049E+00
4.857746E+03	1.467271E-14	1.117785E-15	3.369938E+00
4.862275E+03	1.452761E-14	1.006422E-15	3.364820E+00
4.866804E+03	1.435295E-14	8.591160E-16	3.359695E+00
4.871333E+03	1.416431E-14	7.364500E-16	3.354564E+00
4.875863E+03	1.396745E-14	6.769345E-16	3.349427E+00
4.880392E+03	1.379082E-14	6.750139E-16	3.344284E+00
4.884921E+03	1.365406E-14	6.941428E-16	3.339136E+00
4.889450E+03	1.357398E-14	7.113207E-16	3.333983E+00
4.893979E+03	1.357129E-14	7.110878E-16	3.328825E+00
4.898508E+03	1.365726E-14	6.767713E-16	3.323662E+00
4.903038E+03	1.384874E-14	6.405491E-16	3.318495E+00
4.907567E+03	1.415551E-14	6.392401E-16	3.313324E+00
4.912096E+03	1.456644E-14	6.715403E-16	3.308149E+00
4.916625E+03	1.505891E-14	7.230600E-16	3.302971E+00
4.921154E+03	1.561108E-14	7.623783E-16	3.297789E+00
4.925683E+03	1.619962E-14	7.864638E-16	3.292605E+00
4.930212E+03	1.679509E-14	8.087258E-16	3.287418E+00
4.934742E+03	1.736759E-14	8.517449E-16	3.282229E+00
4.939271E+03	1.788640E-14	9.118584E-16	3.277037E+00
4.943800E+03	1.833280E-14	9.920972E-16	3.271844E+00
4.948329E+03	1.869700E-14	1.073776E-15	3.266650E+00
4.952858E+03	1.897807E-14	1.122858E-15	3.261454E+00
4.957387E+03	1.917056E-14	1.143083E-15	3.256257E+00
4.961917E+03	1.926805E-14	1.114927E-15	3.251059E+00
4.966446E+03	1.925867E-14	1.044812E-15	3.245861E+00
4.970975E+03	1.914973E-14	9.808153E-16	3.240663E+00
4.975504E+03	1.895918E-14	9.725471E-16	3.235466E+00
4.980033E+03	1.868742E-14	1.034610E-15	3.230268E+00
4.984563E+03	1.832743E-14	1.112606E-15	3.225071E+00
4.989092E+03	1.790251E-14	1.154056E-15	3.219876E+00
4.993621E+03	1.742968E-14	1.141215E-15	3.214681E+00
4.998150E+03	1.691304E-14	1.077573E-15	3.209488E+00
5.002679E+03	1.636627E-14	9.865990E-16	3.204297E+00
5.007208E+03	1.579816E-14	8.706864E-16	3.199108E+00
5.011738E+03	1.522574E-14	7.638817E-16	3.193921E+00
5.016267E+03	1.466532E-14	7.162571E-16	3.188738E+00
5.020796E+03	1.411844E-14	7.105857E-16	3.183556E+00
5.025325E+03	1.360664E-14	7.246566E-16	3.178379E+00
5.029854E+03	1.314119E-14	7.304094E-16	3.173204E+00
5.034383E+03	1.272441E-14	7.058245E-16	3.168034E+00
5.038913E+03	1.237187E-14	6.685597E-16	3.162867E+00
5.043442E+03	1.208833E-14	6.273431E-16	3.157705E+00
5.047971E+03	1.187123E-14	5.782003E-16	3.152548E+00
5.052500E+03	1.171964E-14	5.394947E-16	3.147395E+00
5.057029E+03	1.162254E-14	5.117658E-16	3.142247E+00
5.061558E+03	1.156149E-14	5.130037E-16	3.137105E+00
5.066088E+03	1.153222E-14	5.260517E-16	3.131969E+00
5.070617E+03	1.151896E-14	5.262388E-16	3.126839E+00
5.075146E+03	1.150851E-14	5.221825E-16	3.121715E+00
5.079675E+03	1.149806E-14	5.144408E-16	3.116597E+00
5.084204E+03	1.146863E-14	5.062936E-16	3.111487E+00
5.088734E+03	1.141937E-14	4.904824E-16	3.106383E+00
5.093263E+03	1.136249E-14	4.744542E-16	3.101287E+00
5.097792E+03	1.129276E-14	4.661515E-16	3.096198E+00
5.102321E+03	1.121705E-14	4.605577E-16	3.091118E+00
5.106850E+03	1.114433E-14	4.631660E-16	3.086046E+00
5.111379E+03	1.107089E-14	4.584313E-16	3.080982E+00
5.115908E+03	1.099459E-14	4.485226E-16	3.075927E+00
5.120438E+03	1.091606E-14	4.418599E-16	3.070881E+00
5.124967E+03	1.083991E-14	4.369786E-16	3.065844E+00
5.129496E+03	1.077163E-14	4.334744E-16	3.060817E+00
5.134025E+03	1.071272E-14	4.252407E-16	3.055800E+00
5.138554E+03	1.065917E-14	4.216040E-16	3.050793E+00
5.143083E+03	1.061734E-14	4.216311E-16	3.045797E+00
5.147613E+03	1.060027E-14	4.213941E-16	3.040811E+00
5.152142E+03	1.061055E-14	4.205251E-16	3.035837E+00
5.156671E+03	1.065170E-14	4.137620E-16	3.030874E+00
5.161200E+03	1.073748E-14	4.065433E-16	3.025922E+00
5.165729E+03	1.087070E-14	4.003361E-16	3.020982E+00
5.170258E+03	1.104721E-14	3.974369E-16	3.016055E+00
5.174788E+03	1.127280E-14	4.022384E-16	3.011140E+00
5.179317E+03	1.154636E-14	4.080903E-16	3.006237E+00
5.183846E+03	1.187603E-14	4.142148E-16	3.001348E+00
5.188375E+03	1.226995E-14	4.236095E-16	2.996472E+00
5.192904E+03	1.270656E-14	4.349788E-16	2.991609E+00
5.197434E+03	1.316863E-14	4.493445E-16	2.986761E+00
5.201963E+03	1.366110E-14	4.669981E-16	2.981926E+00
5.206492E+03	1.418948E-14	4.952005E-16	2.977106E+00
5.211021E+03	1.476164E-14	5.266994E-16	2.972301E+00
5.215550E+03	1.536577E-14	5.389450E-16	2.967511E+00
5.220079E+03	1.597892E-14	5.446330E-16	2.962736E+00
5.224609E+03	1.659691E-14	5.459328E-16	2.957976E+00
5.229138E+03	1.721942E-14	5.479816E-16	2.953233E+00
5.233667E+03	1.783669E-14	5.634114E-16	2.948506E+00
5.238196E+03	1.843404E-14	5.791123E-16	2.943795E+00
5.242725E+03	1.900364E-14	5.895198E-16	2.939101E+00
5.247254E+03	1.954737E-14	5.992687E-16	2.934424E+00
5.251784E+03	2.006742E-14	6.082462E-16	2.929764E+00
5.256313E+03	2.055658E-14	6.089895E-16	2.925122E+00
5.260842E+03	2.100159E-14	5.962426E-16	2.920497E+00
5.265371E+03	2.140585E-14	5.984313E-16	2.915891E+00
5.269900E+03	2.177073E-14	6.028976E-16	2.911304E+00
5.274429E+03	2.209845E-14	5.995724E-16	2.906735E+00
5.278959E+03	2.238803E-14	5.962598E-16	2.902185E+00
5.283488E+03	2.262923E-14	5.909007E-16	2.897654E+00
5.288017E+03	2.282517E-14	5.821233E-16	2.893144E+00
5.292546E+03	2.298414E-14	5.750058E-16	2.888653E+00
5.297075E+03	2.310576E-14	5.662360E-16	2.884182E+00
5.301604E+03	2.319019E-14	5.549857E-16	2.879732E+00
5.306134E+03	2.324021E-14	5.412014E-16	2.875303E+00
5.310663E+03	2.325568E-14	5.303263E-16	2.870895E+00
5.315192E+03	2.323305E-14	5.131442E-16	2.866508E+00
5.319721E+03	2.317620E-14	4.939333E-16	2.862143E+00
5.324250E+03	2.309445E-14	4.802840E-16	2.857800E+00
5.328779E+03	2.298734E-14	4.678790E-16	2.853479E+00
5.333309E+03	2.284502E-14	4.515572E-16	2.849181E+00
5.337838E+03	2.267390E-14	4.349839E-16	2.844906E+00
5.342367E+03	2.248775E-14	4.237608E-16	2.840654E+00
5.346896E+03	2.228664E-14	4.160213E-16	2.836425E+00
5.351425E+03	2.207716E-14	4.061001E-16	2.832220E+00
5.355954E+03	2.187262E-14	3.931095E-16	2.828040E+00
5.360484E+03	2.167867E-14	3.802211E-16	2.823883E+00
5.365013E+03	2.149440E-14	3.697939E-16	2.819752E+00
5.369542E+03	2.132288E-14	3.592930E-16	2.815645E+00
5.374071E+03	2.116995E-14	3.463157E-16	2.811564E+00
5.378600E+03	2.103947E-14	3.290673E-16	2.807508E+00
5.383130E+03	2.093273E-14	3.079432E-16	2.803479E+00
5.387659E+03	2.084069E-14	3.035027E-16	2.799475E+00
5.392188E+03	2.075881E-14	2.995199E-16	2.795498E+00
5.396717E+03	2.069040E-14	2.898971E-16	2.791548E+00
5.401246E+03	2.063595E-14	2.842742E-16	2.787625E+00
5.405775E+03	2.059765E-14	2.862586E-16	2.783730E+00
5.410305E+03	2.057820E-14	2.828369E-16	2.779862E+00
5.414834E+03	2.056560E-14	2.731107E-16	2.776022E+00
5.419363E+03	2.055372E-14	2.611831E-16	2.772211E+00
5.423892E+03	2.054478E-14	2.548206E-16	2.768428E+00
5.428421E+03	2.054678E-14	2.513835E-16	2.764674E+00
5.432950E+03	2.055221E-14	2.503039E-16	2.760947E+00
5.437480E+03	2.054645E-14	2.513400E-16	2.757247E+00
5.442009E+03	2.053119E-14	2.567817E-16	2.753572E+00
5.446538E+03	2.050453E-14	2.612615E-16	2.749924E+00
5.451067E+03	2.046132E-14	2.644960E-16	2.746301E+00
5.455596E+03	2.039365E-14	2.627171E-16	2.742704E+00
5.460125E+03	2.030025E-14	2.641831E-16	2.739132E+00
5.464654E+03	2.018944E-14	2.655126E-16	2.735585E+00
5.469184E+03	2.006318E-14	2.696741E-16	2.732063E+00
5.473713E+03	1.992317E-14	2.846788E-16	2.728566E+00
5.478242E+03	1.976510E-14	2.940386E-16	2.725093E+00
5.482771E+03	1.958278E-14	3.008128E-16	2.721645E+00
5.487300E+03	1.937956E-14	3.062313E-16	2.718221E+00
5.491830E+03	1.916718E-14	3.088905E-16	2.714821E+00
5.496359E+03	1.895490E-14	3.141908E-16	2.711445E+00
5.500888E+03	1.874054E-14	3.240160E-16	2.708092E+00
5.505417E+03	1.852276E-14	3.351409E-16	2.704763E+00
5.509946E+03	1.829805E-14	3.427125E-16	2.701458E+00
5.514475E+03	1.806294E-14	3.496043E-16	2.698175E+00
5.519005E+03	1.782741E-14	3.537415E-16	2.694916E+00
5.523534E+03	1.759578E-14	3.502221E-16	2.691679E+00
5.528063E+03	1.736104E-14	3.490088E-16	2.688466E+00
5.532592E+03	1.712641E-14	3.494871E-16	2.685274E+00
5.537121E+03	1.689833E-14	3.510378E-16	2.682105E+00
5.541650E+03	1.667035E-14	3.570268E-16	2.678958E+00
5.546180E+03	1.643844E-14	3.643551E-16	2.675833E+00
5.550709E+03	1.620984E-14	3.720705E-16	2.672730E+00
5.555238E+03	1.598772E-14	3.777832E-16	2.669648E+00
5.559767E+03	1.576647E-14	3.803775E-16	2.666588E+00
5.564296E+03	1.554421E-14	3.810715E-16	2.663549E+00
5.568825E+03	1.532519E-14	3.882766E-16	2.660532E+00
5.573355E+03	1.510995E-14	3.933662E-16	2.657535E+00
5.577884E+03	1.489792E-14	3.959958E-16	2.654559E+00
5.582413E+03	1.468273E-14	3.981579E-16	2.651604E+00
5.586942E+03	1.446253E-14	3.998256E-16	2.648669E+00
5.591471E+03	1.424474E-14	4.016623E-16	2.645755E+00
5.596001E+03	1.402355E-14	4.028542E-16	2.642861E+00
5.600530E+03	1.379630E-14	4.020047E-16	2.639986E+00
5.605059E+03	1.356989E-14	3.993952E-16	2.637132E+00
5.609588E+03	1.334667E-14	3.969391E-16	2.634297E+00
5.614117E+03	1.312452E-14	3.974958E-16	2.631482E+00
5.618646E+03	1.290159E-14	3.950079E-16	2.628686E+00
5.623176E+03	1.267658E-14	3.932583E-16	2.625909E+00
5.627705E+03	1.245053E-14	3.931505E-16	2.623152E+00
5.632234E+03	1.222527E-14	3.910986E-16	2.620413E+00
5.636763E+03	1.200029E-14	3.899255E-16	2.617693E+00
5.641292E+03	1.178341E-14	3.886611E-16	2.614991E+00
5.645821E+03	1.157383E-14	3.873189E-16	2.612308E+00
5.650350E+03	1.136500E-14	3.862608E-16	2.609643E+00
5.654880E+03	1.115690E-14	3.865007E-16	2.606996E+00
5.659409E+03	1.095475E-14	3.859257E-16	2.604368E+00
5.663938E+03	1.075540E-14	3.838673E-16	2.601756E+00
5.668467E+03	1.055312E-14	3.819520E-16	2.599163E+00
5.672996E+03	1.035155E-14	3.804417E-16	2.596587E+00
5.677525E+03	1.015043E-14	3.794110E-16	2.594028E+00
5.682055E+03	9.947940E-15	3.797472E-16	2.591487E+00
5.686584E+03	9.745890E-15	3.764127E-16	2.588962E+00
5.691113E+03	9.548932E-15	3.742870E-16	2.586455E+00
5.695642E+03	9.361959E-15	3.738496E-16	2.583964E+00
5.700171E+03	9.181067E-15	3.726663E-16	2.581489E+00
5.704700E+03	9.004430E-15	3.671443E-16	2.579031E+00
5.709230E+03	8.833322E-15	3.607343E-16	2.576590E+00
5.713759E+03	8.669269E-15	3.591898E-16	2.574164E+00
5.718288E+03	8.516364E-15	3.568544E-16	2.571754E+00
5.722817E+03	8.374060E-15	3.535913E-16	2.569360E+00
5.727346E+03	8.244377E-15	3.486193E-16	2.566982E+00
5.731876E+03	8.139333E-15	3.441306E-16	2.564619E+00
5.736405E+03	8.059883E-15	3.431494E-16	2.562272E+00
5.740934E+03	8.001349E-15	3.424822E-16	2.559940E+00
5.745463E+03	7.968530E-15	3.414853E-16	2.557623E+00
5.749992E+03	7.963913E-15	3.405925E-16	2.555321E+00
5.754521E+03	7.991761E-15	3.414974E-16	2.553033E+00
5.759051E+03	8.044079E-15	3.466528E-16	2.550761E+00
5.763580E+03	8.112393E-15	3.546554E-16	2.548502E+00
5.768109E+03	8.203536E-15	3.633990E-16	2.546259E+00
5.772638E+03	8.313377E-15	3.721295E-16	2.544029E+00
5.777167E+03	8.433228E-15	3.808820E-16	2.541813E+00
5.781696E+03	8.561284E-15	3.893054E-16	2.539611E+00
5.786226E+03	8.702347E-15	3.982243E-16	2.537423E+00
5.790755E+03	8.871343E-15	4.070420E-16	2.535249E+00
5.795284E+03	9.076814E-15	4.141157E-16	2.533088E+00
5.799813E+03	9.325756E-15	4.220182E-16	2.530940E+00
5.804342E+03	9.616038E-15	4.417529E-16	2.528806E+00
5.808871E+03	9.927092E-15	4.678658E-16	2.526685E+00
5.813401E+03	1.024322E-14	4.916843E-16	2.524576E+00
5.817930E+03	1.056793E-14	5.148152E-16	2.522481E+00
5.822459E+03	1.090173E-14	5.329371E-16	2.520398E+00
5.826988E+03	1.124584E-14	5.472805E-16	2.518327E+00
5.831517E+03	1.160679E-14	5.596646E-16	2.516269E+00
5.836047E+03	1.198455E-14	5.779699E-16	2.514223E+00
5.840576E+03	1.237555E-14	6.026113E-16	2.512189E+00
5.845105E+03	1.276897E-14	6.373895E-16	2.510167E+00
5.849634E+03	1.315955E-14	6.742773E-16	2.508157E+00
5.854163E+03	1.354854E-14	6.963440E-16	2.506159E+00
5.858692E+03	1.393196E-14	7.076674E-16	2.504172E+00
5.863221E+03	1.430280E-14	7.218223E-16	2.502196E+00
5.867751E+03	1.466311E-14	7.470706E-16	2.500232E+00
5.872280E+03	1.501266E-14	7.743173E-16	2.498279E+00
5.876809E+03	1.534173E-14	7.886581E-16	2.496336E+00
5.881338E+03	1.564466E-14	8.032267E-16	2.494405E+00
5.885867E+03	1.591327E-14	8.185206E-16	2.492484E+00
5.890396E+03	1.613967E-14	8.266445E-16	2.490574E+00
5.894926E+03	1.632496E-14	8.268445E-16	2.488675E+00
5.899455E+03	1.646849E-14	8.209269E-16	2.486785E+00
5.903984E+03	1.656587E-14	8.182379E-16	2.484906E+00
5.908513E+03	1.661052E-14	8.192691E-16	2.483037E+00
5.913042E+03	1.659833E-14	8.180218E-16	2.481178E+00
5.917572E+03	1.653166E-14	8.007417E-16	2.479328E+00
5.922101E+03	1.641509E-14	7.726919E-16	2.477488E+00
5.926630E+03	1.625567E-14	7.554533E-16	2.475658E+00
5.931159E+03	1.606361E-14	7.457816E-16	2.473837E+00
5.935688E+03	1.584420E-14	7.348563E-16	2.472025E+00
5.940217E+03	1.560489E-14	7.297807E-16	2.470223E+00
5.944747E+03	1.535116E-14	7.239334E-16	2.468429E+00
5.949276E+03	1.508945E-14	7.152278E-16	2.466644E+00
5.953805E+03	1.483407E-14	7.067623E-16	2.464868E+00
5.958334E+03	1.458303E-14	6.946746E-16	2.463101E+00
5.962863E+03	1.432969E-14	6.766500E-16	2.461342E+00
5.967392E+03	1.407845E-14	6.546690E-16	2.459591E+00
5.971922E+03	1.382663E-14	6.325342E-16	2.457848E+00
5.976451E+03	1.357273E-14	6.142456E-16	2.456114E+00
5.980980E+03	1.332364E-14	6.028961E-16	2.454388E+00
5.985509E+03	1.308671E-14	6.005196E-16	2.452669E+00
5.990038E+03	1.287096E-14	5.988150E-16	2.450958E+00
5.994567E+03	1.267489E-14	5.932992E-16	2.449254E+00
5.999097E+03	1.249307E-14	5.875694E-16	2.447558E+00
6.003626E+03	1.231642E-14	5.783541E-16	2.445870E+00
6.008155E+03	1.212659E-14	5.635426E-16	2.444188E+00
6.012684E+03	1.192631E-14	5.457304E-16	2.442514E+00
6.017213E+03	1.172753E-14	5.221636E-16	2.440846E+00
6.021742E+03	1.152661E-14	5.008045E-16	2.439185E+00
6.026272E+03	1.132331E-14	4.970224E-16	2.437531E+00
6.030801E+03	1.112541E-14	4.996614E-16	2.435883E+00
6.035330E+03	1.093462E-14	5.004421E-16	2.434242E+00
6.039859E+03	1.075115E-14	5.046797E-16	2.432607E+00
6.044388E+03	1.057743E-14	5.102955E-16	2.430979E+00
6.048917E+03	1.042242E-14	5.074358E-16	2.429356E+00
6.053447E+03	1.029410E-14	4.939196E-16	2.427739E+00
6.057976E+03	1.019095E-14	4.742271E-16	2.426128E+00
6.062505E+03	1.011390E-14	4.452347E-16	2.424523E+00
6.067034E+03	1.006652E-14	4.136856E-16	2.422923E+00
6.071563E+03	1.004561E-14	4.005275E-16	2.421328E+00
6.076092E+03	1.004313E-14	4.029636E-16	2.419739E+00
6.080622E+03	1.005251E-14	4.211274E-16	2.418155E+00
6.085151E+03	1.006649E-14	4.541224E-16	2.416576E+00
6.089680E+03	1.007829E-14	4.896765E-16	2.415002E+00
6.094209E+03	1.008429E-14	5.220736E-16	2.413433E+00
6.098738E+03	1.007848E-14	5.397234E-16	2.411869E+00
6.103267E+03	1.005388E-14	5.264862E-16	2.410309E+00
6.107797E+03	9.998975E-15	4.851166E-16	2.408753E+00
6.112326E+03	9.907079E-15	4.392601E-16	2.407202E+00
6.116855E+03	9.781632E-15	4.087568E-16	2.405655E+00
6.121384E+03	9.623899E-15	4.006804E-16	2.404112E+00
6.125913E+03	9.427694E-15	4.217299E-16	2.402572E+00
6.130443E+03	9.189729E-15	4.576600E-16	2.401037E+00
6.134972E+03	8.915842E-15	4.875241E-16	2.399505E+00
6.139501E+03	8.614254E-15	5.039614E-16	2.397977E+00
6.144030E+03	8.289809E-15	4.904552E-16	2.396453E+00
6.148559E+03	7.951891E-15	4.397567E-16	2.394931E+00
6.153088E+03	7.609619E-15	3.763241E-16	2.393413E+00
6.157618E+03	7.258933E-15	3.183992E-16	2.391898E+00
6.162147E+03	6.905826E-15	2.727713E-16	2.390386E+00
6.166676E+03	6.571323E-15	2.568283E-16	2.388877E+00
6.171205E+03	6.264938E-15	2.647732E-16	2.387371E+00
6.175734E+03	5.991150E-15	2.736420E-16	2.385867E+00
6.180263E+03	5.761342E-15	2.793630E-16	2.384366E+00
6.184792E+03	5.580912E-15	2.699884E-16	2.382866E+00
6.189322E+03	5.448812E-15	2.368238E-16	2.381370E+00
6.193851E+03	5.367332E-15	1.907725E-16	2.379875E+00
6.198380E+03	5.335663E-15	1.551446E-16	2.378382E+00
6.202909E+03	5.346105E-15	1.398035E-16	2.376892E+00
6.207438E+03	5.392639E-15	1.376044E-16	2.375403E+00
6.211967E+03	5.472112E-15	1.478160E-16	2.373915E+00
6.216497E+03	5.577107E-15	1.502336E-16	2.372429E+00
6.221026E+03	5.695721E-15	1.474719E-16	2.370945E+00
6.225555E+03	5.818687E-15	1.522451E-16	2.369462E+00
6.230084E+03	5.947418E-15	1.645409E-16	2.367980E+00
6.234613E+03	6.084505E-15	1.696133E-16	2.366499E+00
6.239143E+03	6.225203E-15	1.687560E-16	2.365019E+00
6.243672E+03	6.366194E-15	1.662697E-16	2.363540E+00
6.248201E+03	6.511022E-15	1.652983E-16	2.362061E+00
6.252730E+03	6.661094E-15	1.690000E-16	2.360583E+00
6.257259E+03	6.812390E-15	1.707604E-16	2.359106E+00
6.261788E+03	6.964907E-15	1.696970E-16	2.357629E+00
6.266318E+03	7.118877E-15	1.770821E-16	2.356152E+00
6.270847E+03	7.276417E-15	1.778241E-16	2.354675E+00
6.275376E+03	7.437283E-15	1.692289E-16	2.353198E+00
6.279905E+03	7.596295E-15	1.426558E-16	2.351721E+00
6.284434E+03	7.753925E-15	1.187557E-16	2.350244E+00
6.288963E+03	7.908532E-15	1.169035E-16	2.348767E+00
6.293493E+03	8.059884E-15	1.258679E-16	2.347288E+00
6.298022E+03	8.213149E-15	1.371681E-16	2.345810E+00
6.302551E+03	8.365743E-15	1.391372E-16	2.344330E+00
6.307080E+03	8.514387E-15	1.379858E-16	2.342850E+00
6.311609E+03	8.659087E-15	1.339118E-16	2.341369E+00
6.316138E+03	8.802658E-15	1.243563E-16	2.339888E+00
6.320668E+03	8.943699E-15	1.274298E-16	2.338405E+00
6.325197E+03	9.078709E-15	1.335381E-16	2.336922E+00
6.329726E+03	9.217508E-15	1.386051E-16	2.335438E+00
6.334255E+03	9.364056E-15	1.436565E-16	2.333954E+00
6.338784E+03	9.509007E-15	1.508642E-16	2.332468E+00
6.343314E+03	9.646305E-15	1.551247E-16	2.330982E+00
6.347843E+03	9.773166E-15	1.583785E-16	2.329496E+00
6.352372E+03	9.883792E-15	1.662452E-16	2.328008E+00
6.356901E+03	9.977282E-15	1.754272E-16	2.326520E+00
6.361430E+03	1.006390E-14	1.845159E-16	2.325031E+00
6.365959E+03	1.015062E-14	1.939826E-16	2.323542E+00
6.370489E+03	1.023328E-14	2.047078E-16	2.322052E+00
6.375018E+03	1.031118E-14	2.143858E-16	2.320561E+00
6.379547E+03	1.038781E-14	2.244395E-16	2.319069E+00
6.384076E+03	1.045760E-14	2.347051E-16	2.317577E+00
6.388605E+03	1.052035E-14	2.447887E-16	2.316084E+00
6.393134E+03	1.057953E-14	2.552267E-16	2.314591E+00
6.397663E+03	1.062938E-14	2.661083E-16	2.313097E+00
6.402193E+03	1.066874E-14	2.806812E-16	2.311602E+00
6.406722E+03	1.070319E-14	2.901267E-16	2.310107E+00
6.411251E+03	1.072812E-14	3.062178E-16	2.308611E+00
6.415780E+03	1.074470E-14	3.227147E-16	2.307115E+00
6.420309E+03	1.075801E-14	3.344205E-16	2.305618E+00
6.424838E+03	1.076370E-14	3.451727E-16	2.304120E+00
6.429368E+03	1.076706E-14	3.539716E-16	2.302622E+00
6.433897E+03	1.077340E-14	3.667781E-16	2.301124E+00
6.438426E+03	1.077857E-14	3.812860E-16	2.299624E+00
6.442955E+03	1.078073E-14	3.941564E-16	2.298125E+00
6.447484E+03	1.078380E-14	4.053318E-16	2.296624E+00
6.452014E+03	1.078938E-14	4.123714E-16	2.295124E+00
6.456543E+03	1.079402E-14	4.215003E-16	2.293622E+00
6.461072E+03	1.079520E-14	4.272289E-16	2.292120E+00
6.465601E+03	1.079454E-14	4.311860E-16	2.290618E+00
6.470130E+03	1.079822E-14	4.370061E-16	2.289115E+00
6.474659E+03	1.081057E-14	4.440685E-16	2.287612E+00
6.479189E+03	1.082678E-14	4.557701E-16	2.286108E+00
6.483718E+03	1.084456E-14	4.675969E-16	2.284604E+00
6.488247E+03	1.086276E-14	4.757322E-16	2.283100E+00
6.492776E+03	1.088275E-14	4.847313E-16	2.281595E+00
6.497305E+03	1.090749E-14	4.937234E-16	2.280089E+00
6.501834E+03	1.093424E-14	5.038485E-16	2.278583E+00
6.506364E+03	1.096117E-14	5.153066E-16	2.277077E+00
6.510893E+03	1.098190E-14	5.263880E-16	2.275570E+00
6.515422E+03	1.099714E-14	5.371776E-16	2.274063E+00
6.519951E+03	1.100917E-14	5.478001E-16	2.272556E+00
6.524480E+03	1.101844E-14	5.580325E-16	2.271048E+00
6.529009E+03	1.102883E-14	5.686883E-16	2.269540E+00
6.533539E+03	1.103579E-14	5.794321E-16	2.268031E+00
6.538068E+03	1.103117E-14	5.892637E-16	2.266523E+00
6.542597E+03	1.101476E-14	5.976644E-16	2.265013E+00
6.547126E+03	1.098297E-14	6.068207E-16	2.263504E+00
6.551655E+03	1.093267E-14	6.143617E-16	2.261994E+00
6.556184E+03	1.087293E-14	6.207133E-16	2.260484E+00
6.560714E+03	1.081100E-14	6.268498E-16	2.258974E+00
6.565243E+03	1.074620E-14	6.327389E-16	2.257463E+00
6.569772E+03	1.067675E-14	6.384012E-16	2.255953E+00
6.574301E+03	1.059926E-14	6.433358E-16	2.254441E+00
6.578830E+03	1.050924E-14	6.465035E-16	2.252930E+00
6.583359E+03	1.040696E-14	6.489721E-16	2.251419E+00
6.587889E+03	1.029602E-14	6.514601E-16	2.249907E+00
6.592418E+03	1.017511E-14	6.531192E-16	2.248395E+00
6.596947E+03	1.004244E-14	6.529800E-16	2.246883E+00
6.601476E+03	9.901186E-15	6.519615E-16	2.245370E+00
6.606005E+03	9.752929E-15	6.513727E-16	2.243858E+00
6.610534E+03	9.599929E-15	6.500263E-16	2.242345E+00
6.615064E+03	9.448023E-15	6.479848E-16	2.240833E+00
6.619593E+03	9.296984E-15	6.458163E-16	2.239320E+00
6.624122E+03	9.141888E-15	6.425730E-16	2.237807E+00
6.628651E+03	8.985204E-15	6.403303E-16	2.236294E+00
6.633180E+03	8.828277E-15	6.382518E-16	2.234780E+00
6.637709E+03	8.672893E-15	6.349509E-16	2.233267E+00
6.642239E+03	8.519274E-15	6.305407E-16	2.231754E+00
6.646768E+03	8.367193E-15	6.260171E-16	2.230241E+00
6.651297E+03	8.215534E-15	6.226062E-16	2.228727E+00
6.655826E+03	8.061400E-15	6.178993E-16	2.227214E+00
6.660355E+03	7.909248E-15	6.129917E-16	2.225700E+00
6.664885E+03	7.763524E-15	6.093334E-16	2.224187E+00
6.669414E+03	7.623325E-15	6.048255E-16	2.222673E+00
6.673943E+03	7.488196E-15	6.003146E-16	2.221160E+00
6.678472E+03	7.359016E-15	5.958502E-16	2.219647E+00
6.683001E+03	7.233998E-15	5.903458E-16	2.218133E+00
6.687530E+03	7.111582E-15	5.847465E-16	2.216620E+00
6.692060E+03	6.994421E-15	5.802851E-16	2.215107E+00
6.696589E+03	6.884941E-15	5.768064E-16	2.213594E+00
6.701118E+03	6.780691E-15	5.732098E-16	2.212081E+00
6.705647E+03	6.675694E-15	5.696096E-16	2.210568E+00
6.710176E+03	6.568405E-15	5.656170E-16	2.209055E+00
6.714705E+03	6.461698E-15	5.603636E-16	2.207543E+00
6.719234E+03	6.356677E-15	5.553999E-16	2.206030E+00
6.723764E+03	6.252234E-15	5.513207E-16	2.204518E+00
6.728293E+03	6.154759E-15	5.471863E-16	2.203006E+00
6.732822E+03	6.066658E-15	5.435046E-16	2.201494E+00
6.737351E+03	5.979553E-15	5.401359E-16	2.199983E+00
6.741880E+03	5.888606E-15	5.365425E-16	2.198472E+00
6.746410E+03	5.795582E-15	5.326519E-16	2.196960E+00
6.750939E+03	5.704876E-15	5.285969E-16	2.195450E+00
6.755468E+03	5.618678E-15	5.248238E-16	2.193939E+00
6.759997E+03	5.533252E-15	5.209558E-16	2.192429E+00
6.764526E+03	5.444215E-15	5.171093E-16	2.190919E+00
6.769055E+03	5.358142E-15	5.131805E-16	2.189410E+00
6.773585E+03	5.286405E-15	5.100127E-16	2.187900E+00
6.778114E+03	5.235533E-15	5.088959E-16	2.186391E+00
6.782643E+03	5.197181E-15	5.088290E-16	2.184883E+00
6.787172E+03	5.155603E-15	5.085236E-16	2.183375E+00
6.791701E+03	5.106006E-15	5.071111E-16	2.181867E+00
6.796230E+03	5.054511E-15	5.051191E-16	2.180360E+00
6.800760E+03	5.007441E-15	5.042504E-16	2.178853E+00
6.805289E+03	4.964133E-15	5.032665E-16	2.177347E+00
6.809818E+03	4.918924E-15	5.041664E-16	2.175841E+00
6.814347E+03	4.864859E-15	5.043288E-16	2.174336E+00
6.818876E+03	4.803912E-15	5.032025E-16	2.172831E+00
6.823405E+03	4.740875E-15	5.038316E-16	2.171327E+00
6.827935E+03	4.674884E-15	5.069586E-16	2.169823E+00
6.832464E+03	4.606162E-15	5.092067E-16	2.168320E+00
6.836993E+03	4.542516E-15	5.046027E-16	2.166817E+00
6.841522E+03	4.481336E-15	5.057939E-16	2.165315E+00
6.846051E+03	4.420455E-15	5.326182E-16	2.163814E+00
6.850581E+03	4.360088E-15	5.561413E-16	2.162313E+00
6.855110E+03	4.301963E-15	5.577774E-16	2.160813E+00
6.859639E+03	4.253416E-15	5.543984E-16	2.159314E+00
6.864168E+03	4.210976E-15	5.505435E-16	2.157815E+00
6.868697E+03	4.170532E-15	5.462030E-16	2.156317E+00
6.873226E+03	4.132513E-15	5.380069E-16	2.154819E+00
6.877756E+03	4.102295E-15	5.244319E-16	2.153323E+00
6.882285E+03	4.075561E-15	5.128956E-16	2.151827E+00
6.886814E+03	4.053591E-15	5.161817E-16	2.150332E+00
6.891343E+03	4.042179E-15	5.228426E-16	2.148838E+00
6.895872E+03	4.043450E-15	5.059766E-16	2.147344E+00
6.900401E+03	4.054373E-15	4.812465E-16	2.145852E+00
6.904931E+03	4.069781E-15	4.777049E-16	2.144360E+00
6.909460E+03	4.091166E-15	4.844029E-16	2.142869E+00
6.913989E+03	4.120871E-15	4.912776E-16	2.141379E+00
6.918518E+03	4.154811E-15	4.970622E-16	2.139890E+00
6.923047E+03	4.191910E-15	5.034051E-16	2.138402E+00
6.927576E+03	4.236648E-15	5.123576E-16	2.136915E+00
6.932105E+03	4.283884E-15	5.200396E-16	2.135429E+00
6.936635E+03	4.327212E-15	5.218813E-16	2.133944E+00
6.941164E+03	4.366851E-15	5.260162E-16	2.132460E+00
6.945693E+03	4.400467E-15	5.333217E-16	2.130977E+00
6.950222E+03	4.421257E-15	5.396842E-16	2.129495E+00
6.954751E+03	4.427120E-15	5.444246E-16	2.128014E+00
6.959280E+03	4.418725E-15	5.451234E-16	2.126534E+00
6.963810E+03	4.399715E-15	5.444734E-16	2.125055E+00
6.968339E+03	4.382215E-15	5.449030E-16	2.123578E+00
6.972868E+03	4.377471E-15	5.463503E-16	2.122101E+00
6.977397E+03	4.379517E-15	5.476079E-16	2.120626E+00
6.981926E+03	4.373506E-15	5.472348E-16	2.119152E+00
6.986456E+03	4.358608E-15	5.475875E-16	2.117679E+00
6.990985E+03	4.343517E-15	5.474638E-16	2.116208E+00
6.995514E+03	4.332251E-15	5.467785E-16	2.114738E+00
7.000043E+03	4.324593E-15	5.465956E-16	2.113269E+00
7.004572E+03	4.319055E-15	5.456755E-16	2.111801E+00
7.009101E+03	4.313102E-15	5.457757E-16	2.110335E+00
7.013631E+03	4.303992E-15	5.466050E-16	2.108870E+00
7.018160E+03	4.291733E-15	5.470723E-16	2.107406E+00
7.022689E+03	4.279068E-15	5.477230E-16	2.105944E+00
7.027218E+03	4.264946E-15	5.477427E-16	2.104483E+00
7.031747E+03	4.248950E-15	5.474378E-16	2.103024E+00
7.036276E+03	4.238229E-15	5.481790E-16	2.101566E+00
7.040806E+03	4.226892E-15	5.488524E-16	2.100110E+00
7.045335E+03	4.215359E-15	5.489436E-16	2.098656E+00
7.049864E+03	4.204471E-15	5.480281E-16	2.097202E+00
7.054393E+03	4.195484E-15	5.473069E-16	2.095751E+00
7.058922E+03	4.189649E-15	5.475932E-16	2.094301E+00
7.063451E+03	4.181101E-15	5.478969E-16	2.092852E+00
7.067981E+03	4.169008E-15	5.482130E-16	2.091406E+00
7.072510E+03	4.156723E-15	5.495021E-16	2.089961E+00
7.077039E+03	4.147378E-15	5.523766E-16	2.088517E+00
7.081568E+03	4.140758E-15	5.554963E-16	2.087076E+00
7.086097E+03	4.138319E-15	5.561071E-16	2.085636E+00
7.090626E+03	4.141718E-15	5.566533E-16	2.084198E+00
7.095156E+03	4.150319E-15	5.583978E-16	2.082762E+00
7.099685E+03	4.160157E-15	5.602538E-16	2.081327E+00
7.104214E+03	4.168941E-15	5.620778E-16	2.079895E+00
7.108743E+03	4.179583E-15	5.647827E-16	2.078464E+00
7.113272E+03	4.189380E-15	5.686092E-16	2.077035E+00
7.117801E+03	4.189408E-15	5.717170E-16	2.075608E+00
7.122331E+03	4.179065E-15	5.729750E-16	2.074183E+00
7.126860E+03	4.161481E-15	5.717284E-16	2.072760E+00
7.131389E+03	4.140401E-15	5.675589E-16	2.071340E+00
7.135918E+03	4.115830E-15	5.635092E-16	2.069921E+00
7.140447E+03	4.094397E-15	5.605767E-16	2.068504E+00
7.144976E+03	4.074853E-15	5.597256E-16	2.067089E+00
7.149506E+03	4.054303E-15	5.621845E-16	2.065677E+00
7.154035E+03	4.036260E-15	5.664789E-16	2.064266E+00
7.158564E+03	4.019479E-15	5.696531E-16	2.062858E+00
7.163093E+03	3.995918E-15	5.703292E-16	2.061452E+00
7.167622E+03	3.966417E-15	5.682885E-16	2.060048E+00
7.172151E+03	3.937368E-15	5.633598E-16	2.058647E+00
7.176681E+03	3.909799E-15	5.552914E-16	2.057247E+00
7.181210E+03	3.882268E-15	5.459127E-16	2.055851E+00
7.185739E+03	3.851078E-15	5.405004E-16	2.054456E+00
7.190268E+03	3.816235E-15	5.466457E-16	2.053064E+00
7.194797E+03	3.781851E-15	5.574751E-16	2.051674E+00
7.199327E+03	3.750589E-15	5.604224E-16	2.050287E+00
7.203856E+03	3.726338E-15	5.547213E-16	2.048902E+00
7.208385E+03	3.710105E-15	5.484265E-16	2.047519E+00
7.212914E+03	3.695533E-15	5.449884E-16	2.046140E+00
7.217443E+03	3.681799E-15	5.417521E-16	2.044762E+00
7.221972E+03	3.673194E-15	5.394674E-16	2.043388E+00
7.226502E+03	3.668073E-15	5.391195E-16	2.042016E+00
7.231031E+03	3.663776E-15	5.394242E-16	2.040646E+00
7.235560E+03	3.663770E-15	5.393704E-16	2.039280E+00
7.240089E+03	3.665395E-15	5.343782E-16	2.037916E+00
7.244618E+03	3.666409E-15	5.241910E-16	2.036554E+00
7.249147E+03	3.666609E-15	5.150480E-16	2.035196E+00
7.253677E+03	3.663963E-15	5.120662E-16	2.033840E+00
7.258206E+03	3.658071E-15	5.138109E-16	2.032488E+00
7.262735E+03	3.648939E-15	5.137775E-16	2.031138E+00
7.267264E+03	3.644286E-15	5.125199E-16	2.029791E+00
7.271793E+03	3.646944E-15	5.122132E-16	2.028447E+00
7.276322E+03	3.653047E-15	5.119754E-16	2.027106E+00
7.280852E+03	3.662385E-15	5.128771E-16	2.025767E+00
7.285381E+03	3.675357E-15	5.146186E-16	2.024432E+00
7.289910E+03	3.695193E-15	5.173467E-16	2.023101E+00
7.294439E+03	3.722688E-15	5.206030E-16	2.021772E+00
7.298968E+03	3.754595E-15	5.240700E-16	2.020446E+00
7.303497E+03	3.791106E-15	5.289489E-16	2.019124E+00
7.308027E+03	3.830196E-15	5.330843E-16	2.017804E+00
7.312556E+03	3.865204E-15	5.367942E-16	2.016488E+00
7.317085E+03	3.891505E-15	5.402135E-16	2.015175E+00
7.321614E+03	3.907101E-15	5.421071E-16	2.013866E+00
7.326143E+03	3.916441E-15	5.430026E-16	2.012560E+00
7.330672E+03	3.929997E-15	5.442813E-16	2.011257E+00
7.335202E+03	3.945949E-15	5.460993E-16	2.009958E+00
7.339731E+03	3.961082E-15	5.483059E-16	2.008662E+00
7.344260E+03	3.970778E-15	5.489474E-16	2.007370E+00
7.348789E+03	3.974247E-15	5.490467E-16	2.006081E+00
7.353318E+03	3.973305E-15	5.483281E-16	2.004796E+00
7.357847E+03	3.968561E-15	5.470898E-16	2.003514E+00
7.362377E+03	3.959422E-15	5.453353E-16	2.002236E+00
7.366906E+03	3.945897E-15	5.424858E-16	2.000962E+00
7.371435E+03	3.930394E-15	5.396599E-16	1.999691E+00
7.375964E+03	3.916113E-15	5.370640E-16	1.998425E+00
7.380493E+03	3.900057E-15	5.342312E-16	1.997162E+00
7.385023E+03	3.877240E-15	5.303191E-16	1.995903E+00
7.389552E+03	3.849869E-15	5.249019E-16	1.994647E+00
7.394081E+03	3.821141E-15	5.199889E-16	1.993396E+00
7.398610E+03	3.791457E-15	5.157829E-16	1.992148E+00
7.403139E+03	3.762014E-15	5.129554E-16	1.990905E+00
7.407668E+03	3.733210E-15	5.083414E-16	1.989666E+00
7.412198E+03	3.705042E-15	5.040661E-16	1.988430E+00
7.416727E+03	3.677312E-15	4.997884E-16	1.987199E+00
7.421256E+03	3.650812E-15	4.952137E-16	1.985972E+00
7.425785E+03	3.624946E-15	4.905551E-16	1.984749E+00
7.430314E+03	3.601298E-15	4.862173E-16	1.983531E+00
7.434843E+03	3.581649E-15	4.822987E-16	1.982316E+00
7.439373E+03	3.562227E-15	4.788328E-16	1.981106E+00
7.443902E+03	3.539468E-15	4.748626E-16	1.979900E+00
7.448431E+03	3.515555E-15	4.701072E-16	1.978699E+00
7.452960E+03	3.488907E-15	4.630636E-16	1.977502E+00
7.457489E+03	3.459926E-15	4.576575E-16	1.976310E+00
7.462018E+03	3.429602E-15	4.526680E-16	1.975122E+00
7.466547E+03	3.401491E-15	4.477685E-16	1.973939E+00
7.471077E+03	3.372828E-15	4.429642E-16	1.972760E+00
7.475606E+03	3.339275E-15	4.375641E-16	1.971586E+00
7.480135E+03	3.299660E-15	4.307417E-16	1.970417E+00
7.484664E+03	3.258521E-15	4.237636E-16	1.969252E+00
7.489193E+03	3.219012E-15	4.173437E-16	1.968092E+00
7.493722E+03	3.180734E-15	4.113883E-16	1.966937E+00
7.498252E+03	3.143490E-15	4.063481E-16	1.965787E+00
7.502781E+03	3.109046E-15	4.030914E-16	1.964642E+00
7.507310E+03	3.077985E-15	3.998351E-16	1.963502E+00
7.511839E+03	3.050302E-15	3.948909E-16	1.962366E+00
7.516368E+03	3.026384E-15	3.898740E-16	1.961236E+00
7.520898E+03	3.006614E-15	3.848980E-16	1.960111E+00
7.525427E+03	2.993338E-15	3.800679E-16	1.958991E+00
7.529956E+03	2.988307E-15	3.769018E-16	1.957876E+00
7.534485E+03	2.988766E-15	3.750033E-16	1.956767E+00
7.539014E+03	2.989426E-15	3.730087E-16	1.955663E+00
7.543543E+03	2.989505E-15	3.729358E-16	1.954564E+00
7.548073E+03	2.984512E-15	3.763779E-16	1.953470E+00
7.552602E+03	2.970549E-15	3.813671E-16	1.952382E+00
7.557131E+03	2.946657E-15	3.796058E-16	1.951299E+00
7.561660E+03	2.909342E-15	3.737884E-16	1.950222E+00
7.566189E+03	2.855116E-15	3.644100E-16	1.949151E+00
7.570718E+03	2.788099E-15	3.518848E-16	1.948085E+00
7.575248E+03	2.714736E-15	3.386674E-16	1.947025E+00
7.579777E+03	2.632703E-15	3.246867E-16	1.945970E+00
7.584306E+03	2.540262E-15	3.112557E-16	1.944921E+00
7.588835E+03	2.441706E-15	2.999141E-16	1.943878E+00
7.593364E+03	2.342872E-15	2.942500E-16	1.942841E+00
7.597893E+03	2.247645E-15	2.940379E-16	1.941810E+00
7.602423E+03	2.158347E-15	2.948997E-16	1.940785E+00
7.606952E+03	2.076713E-15	3.036991E-16	1.939766E+00
7.611481E+03	2.006609E-15	3.027720E-16	1.938753E+00
7.616010E+03	1.948210E-15	2.899911E-16	1.937746E+00
7.620539E+03	1.905602E-15	2.736959E-16	1.936745E+00
7.625069E+03	1.882343E-15	2.643906E-16	1.935750E+00
7.629598E+03	1.878441E-15	2.671465E-16	1.934762E+00
7.634127E+03	1.893925E-15	2.804444E-16	1.933780E+00
7.638656E+03	1.926020E-15	2.980048E-16	1.932804E+00
7.643185E+03	1.973756E-15	3.136721E-16	1.931835E+00
7.647714E+03	2.040353E-15	3.242562E-16	1.930873E+00
7.652243E+03	2.123680E-15	3.271094E-16	1.929917E+00
7.656773E+03	2.216769E-15	3.101030E-16	1.928967E+00
7.661302E+03	2.315557E-15	2.869012E-16	1.928024E+00
7.665831E+03	2.421579E-15	2.745594E-16	1.927088E+00
7.670360E+03	2.529239E-15	2.786469E-16	1.926159E+00
7.674889E+03	2.632183E-15	2.896771E-16	1.925236E+00
7.679418E+03	2.724838E-15	3.000473E-16	1.924321E+00
7.683948E+03	2.808181E-15	3.085503E-16	1.923412E+00
7.688477E+03	2.879536E-15	3.127152E-16	1.922510E+00
7.693006E+03	2.936997E-15	3.135581E-16	1.921615E+00
7.697535E+03	2.979625E-15	3.120377E-16	1.920728E+00
7.702064E+03	3.007633E-15	3.066464E-16	1.919847E+00
7.706593E+03	3.021233E-15	3.003236E-16	1.918974E+00
7.711123E+03	3.020637E-15	2.960528E-16	1.918108E+00
7.715652E+03	3.007206E-15	2.918855E-16	1.917250E+00
7.720181E+03	2.984408E-15	2.873659E-16	1.916399E+00
7.724710E+03	2.955701E-15	2.819759E-16	1.915555E+00
7.729239E+03	2.927030E-15	2.773709E-16	1.914719E+00
7.733769E+03	2.904137E-15	2.724165E-16	1.913890E+00
7.738298E+03	2.886247E-15	2.677610E-16	1.913069E+00
7.742827E+03	2.874503E-15	2.638771E-16	1.912256E+00
7.747356E+03	2.866220E-15	2.604509E-16	1.911450E+00
7.751885E+03	2.858909E-15	2.569951E-16	1.910652E+00
7.756414E+03	2.851998E-15	2.536819E-16	1.909863E+00
7.760944E+03	2.847967E-15	2.506008E-16	1.909081E+00
7.765473E+03	2.847575E-15	2.479846E-16	1.908307E+00
7.770002E+03	2.850248E-15	2.444902E-16	1.907541E+00
7.774531E+03	2.855789E-15	2.416378E-16	1.906783E+00
7.779060E+03	2.861910E-15	2.389385E-16	1.906034E+00
7.783589E+03	2.869371E-15	2.365222E-16	1.905293E+00
7.788119E+03	2.878361E-15	2.340458E-16	1.904560E+00
7.792648E+03	2.890022E-15	2.317789E-16	1.903835E+00
7.797177E+03	2.907585E-15	2.299229E-16	1.903119E+00
7.801706E+03	2.927431E-15	2.283959E-16	1.902411E+00
7.806235E+03	2.947464E-15	2.268500E-16	1.901712E+00
7.810764E+03	2.968636E-15	2.253251E-16	1.901022E+00
7.815294E+03	2.987715E-15	2.236279E-16	1.900340E+00
7.819823E+03	3.006604E-15	2.217543E-16	1.899668E+00
7.824352E+03	3.024353E-15	2.202978E-16	1.899004E+00
7.828881E+03	3.038686E-15	2.182857E-16	1.898348E+00
7.833410E+03	3.050936E-15	2.157320E-16	1.897702E+00
7.837939E+03	3.061294E-15	2.130108E-16	1.897065E+00
7.842469E+03	3.069953E-15	2.102438E-16	1.896437E+00
7.846998E+03	3.078999E-15	2.073609E-16	1.895819E+00
7.851527E+03	3.085969E-15	2.041898E-16	1.895209E+00
7.856056E+03	3.086697E-15	2.005160E-16	1.894609E+00
7.860585E+03	3.085924E-15	1.964794E-16	1.894018E+00
7.865114E+03	3.090468E-15	1.930708E-16	1.893437E+00
7.869644E+03	3.095970E-15	1.918420E-16	1.892865E+00
7.874173E+03	3.099214E-15	1.883086E-16	1.892303E+00
7.878702E+03	3.100579E-15	1.842429E-16	1.891750E+00
7.883231E+03	3.101581E-15	1.804555E-16	1.891208E+00
7.887760E+03	3.102786E-15	1.766791E-16	1.890675E+00
7.892289E+03	3.103062E-15	1.724158E-16	1.890152E+00
7.896819E+03	3.102220E-15	1.681496E-16	1.889639E+00
7.901348E+03	3.102528E-15	1.646062E-16	1.889136E+00
7.905877E+03	3.103040E-15	1.609636E-16	1.888643E+00
7.910406E+03	3.102058E-15	1.571536E-16	1.888160E+00
7.914935E+03	3.099961E-15	1.541653E-16	1.887688E+00
7.919465E+03	3.096560E-15	1.490734E-16	1.887226E+00
7.923994E+03	3.091668E-15	1.442255E-16	1.886774E+00
7.928523E+03	3.086040E-15	1.393649E-16	1.886333E+00
7.933052E+03	3.080433E-15	1.358053E-16	1.885902E+00
7.937581E+03	3.073713E-15	1.341140E-16	1.885482E+00
7.942110E+03	3.065506E-15	1.295364E-16	1.885073E+00
7.946640E+03	3.054115E-15	1.255061E-16	1.884675E+00
7.951169E+03	3.039355E-15	1.210361E-16	1.884287E+00
7.955698E+03	3.020850E-15	1.168583E-16	1.883910E+00
7.960227E+03	3.000675E-15	1.124714E-16	1.883545E+00
7.964756E+03	2.979207E-15	1.070015E-16	1.883190E+00
7.969285E+03	2.954940E-15	1.010279E-16	1.882847E+00
7.973815E+03	2.928252E-15	9.568389E-17	1.882515E+00
7.978344E+03	2.899333E-15	9.079006E-17	1.882195E+00
7.982873E+03	2.867993E-15	8.581545E-17	1.881885E+00
7.987402E+03	2.836305E-15	7.818806E-17	1.881588E+00
7.991931E+03	2.806714E-15	7.353090E-17	1.881302E+00
7.996460E+03	2.779594E-15	6.791897E-17	1.881027E+00
8.000989E+03	2.752123E-15	6.369528E-17	1.880765E+00
8.005519E+03	2.725053E-15	5.947267E-17	1.880514E+00
8.010048E+03	2.699323E-15	5.537569E-17	1.880275E+00
8.014577E+03	2.674557E-15	5.139575E-17	1.880048E+00
8.019106E+03	2.652257E-15	4.715485E-17	1.879834E+00
8.023635E+03	2.629604E-15	4.321853E-17	1.879631E+00
8.028165E+03	2.606972E-15	4.056545E-17	1.879441E+00
8.032694E+03	2.586805E-15	3.736779E-17	1.879263E+00
8.037223E+03	2.569290E-15	3.436732E-17	1.879097E+00
8.041752E+03	2.550291E-15	3.174883E-17	1.878945E+00
8.046281E+03	2.529434E-15	2.928793E-17	1.878804E+00
8.050810E+03	2.509912E-15	2.619475E-17	1.878677E+00
8.055340E+03	2.491537E-15	2.358355E-17	1.878562E+00
8.059869E+03	2.474307E-15	2.698624E-17	1.878460E+00
8.064398E+03	2.460478E-15	2.722491E-17	1.878371E+00
8.068927E+03	2.447043E-15	2.743309E-17	1.878295E+00
8.073456E+03	2.429869E-15	2.840396E-17	1.878232E+00
8.077985E+03	2.411774E-15	2.835745E-17	1.878182E+00
8.082515E+03	2.394447E-15	2.980088E-17	1.878145E+00
8.087044E+03	2.374883E-15	3.286764E-17	1.878120E+00
8.091573E+03	2.349889E-15	3.796733E-17	1.878108E+00
8.096102E+03	2.321154E-15	4.320434E-17	1.878108E+00
8.100631E+03	2.292435E-15	4.573014E-17	1.878121E+00
8.105160E+03	2.263166E-15	4.739014E-17	1.878146E+00
8.109690E+03	2.232222E-15	4.647948E-17	1.878184E+00
8.114219E+03	2.200163E-15	4.711992E-17	1.878233E+00
8.118748E+03	2.167740E-15	4.945080E-17	1.878295E+00
8.123277E+03	2.134015E-15	5.673106E-17	1.878369E+00
8.127806E+03	2.101615E-15	6.294670E-17	1.878454E+00
8.132336E+03	2.075236E-15	6.793495E-17	1.878552E+00
8.136865E+03	2.053752E-15	7.484257E-17	1.878661E+00
8.141394E+03	2.033781E-15	7.800610E-17	1.878782E+00
8.145923E+03	2.014759E-15	7.520884E-17	1.878914E+00
8.150452E+03	1.992553E-15	7.464466E-17	1.879058E+00
8.154981E+03	1.966220E-15	7.701897E-17	1.879213E+00
8.159511E+03	1.938204E-15	8.527601E-17	1.879379E+00
8.164040E+03	1.908126E-15	9.620747E-17	1.879557E+00
8.168569E+03	1.874671E-15	1.037131E-16	1.879746E+00
8.173098E+03	1.837666E-15	1.056337E-16	1.879946E+00
8.177627E+03	1.797223E-15	1.056494E-16	1.880157E+00
8.182156E+03	1.754582E-15	1.054142E-16	1.880379E+00
8.186685E+03	1.710097E-15	9.842490E-17	1.880612E+00
8.191215E+03	1.664764E-15	8.760241E-17	1.880855E+00
8.195744E+03	1.616475E-15	8.448763E-17	1.881109E+00
8.200273E+03	1.565604E-15	9.386312E-17	1.881374E+00
8.204802E+03	1.511830E-15	1.185017E-16	1.881649E+00
8.209331E+03	1.456166E-15	1.313500E-16	1.881935E+00
8.213861E+03	1.397331E-15	1.280066E-16	1.882231E+00
8.218390E+03	1.336282E-15	1.224877E-16	1.882538E+00
8.222919E+03	1.275766E-15	1.208929E-16	1.882854E+00
8.227448E+03	1.216554E-15	1.189605E-16	1.883181E+00
8.231977E+03	1.158627E-15	1.144159E-16	1.883518E+00
8.236506E+03	1.102400E-15	1.115546E-16	1.883865E+00
8.241035E+03	1.046007E-15	1.102655E-16	1.884221E+00
8.245565E+03	9.961554E-16	1.101513E-16	1.884588E+00
8.250094E+03	9.550548E-16	1.077131E-16	1.884964E+00
8.254623E+03	9.190516E-16	9.031861E-17	1.885350E+00
8.259152E+03	8.889971E-16	7.115008E-17	1.885746E+00
8.263681E+03	8.689309E-16	7.015976E-17	1.886151E+00
8.268211E+03	8.613682E-16	7.212776E-17	1.886566E+00
8.272740E+03	8.639583E-16	7.269542E-17	1.886990E+00
8.277269E+03	8.745564E-16	7.305334E-17	1.887423E+00
8.281798E+03	8.933948E-16	7.446134E-17	1.887866E+00
8.286327E+03	9.179112E-16	7.559873E-17	1.888318E+00
8.290856E+03	9.445971E-16	7.709166E-17	1.888779E+00
8.295386E+03	9.750413E-16	7.928599E-17	1.889249E+00
8.299915E+03	1.008718E-15	8.396731E-17	1.889728E+00
8.304444E+03	1.043872E-15	9.163465E-17	1.890216E+00
8.308973E+03	1.078103E-15	9.795324E-17	1.890713E+00
8.313502E+03	1.111185E-15	1.010690E-16	1.891218E+00
8.318031E+03	1.141433E-15	1.042406E-16	1.891732E+00
8.322561E+03	1.169092E-15	1.076410E-16	1.892255E+00
8.327090E+03	1.198399E-15	1.132898E-16	1.892787E+00
8.331619E+03	1.230738E-15	1.172771E-16	1.893327E+00
8.336148E+03	1.263991E-15	1.215594E-16	1.893875E+00
8.340677E+03	1.291643E-15	1.270453E-16	1.894432E+00
8.345206E+03	1.311869E-15	1.313638E-16	1.894997E+00
8.349736E+03	1.327601E-15	1.347342E-16	1.895571E+00
8.354265E+03	1.341376E-15	1.375064E-16	1.896152E+00
8.358794E+03	1.352282E-15	1.396861E-16	1.896742E+00
8.363323E+03	1.358438E-15	1.412003E-16	1.897340E+00
8.367852E+03	1.362440E-15	1.433847E-16	1.897945E+00
8.372381E+03	1.366260E-15	1.451899E-16	1.898559E+00
8.376911E+03	1.368568E-15	1.446491E-16	1.899181E+00
8.381440E+03	1.369915E-15	1.451916E-16	1.899810E+00
8.385969E+03	1.372351E-15	1.472281E-16	1.900447E+00
8.390498E+03	1.377189E-15	1.492134E-16	1.901092E+00
8.395027E+03	1.382264E-15	1.511924E-16	1.901744E+00
8.399557E+03	1.393206E-15	1.542424E-16	1.902404E+00
8.404086E+03	1.406389E-15	1.576064E-16	1.903071E+00
8.408615E+03	1.421165E-15	1.611686E-16	1.903746E+00
8.413144E+03	1.437558E-15	1.661148E-16	1.904428E+00
8.417673E+03	1.457072E-15	1.709695E-16	1.905118E+00
8.422202E+03	1.482361E-15	1.758326E-16	1.905814E+00
8.426731E+03	1.511869E-15	1.810530E-16	1.906518E+00
8.431261E+03	1.542872E-15	1.864109E-16	1.907229E+00
8.435790E+03	1.574286E-15	1.920527E-16	1.907947E+00
8.440319E+03	1.609774E-15	1.985129E-16	1.908673E+00
8.444848E+03	1.651425E-15	2.058890E-16	1.909405E+00
8.449377E+03	1.696628E-15	2.135164E-16	1.910144E+00
8.453906E+03	1.745043E-15	2.217840E-16	1.910889E+00
8.458436E+03	1.798740E-15	2.310788E-16	1.911642E+00
8.462965E+03	1.858395E-15	2.405621E-16	1.912401E+00
8.467494E+03	1.924264E-15	2.514974E-16	1.913167E+00
8.472023E+03	1.998153E-15	2.651982E-16	1.913940E+00
8.476552E+03	2.076513E-15	2.779568E-16	1.914719E+00
8.481082E+03	2.161072E-15	2.917375E-16	1.915505E+00
8.485611E+03	2.252799E-15	3.065806E-16	1.916297E+00
8.490140E+03	2.347675E-15	3.223758E-16	1.917095E+00
8.494669E+03	2.445514E-15	3.386370E-16	1.917900E+00
8.499198E+03	2.547089E-15	3.556118E-16	1.918711E+00
8.503727E+03	2.653748E-15	3.744887E-16	1.919529E+00
8.508256E+03	2.763771E-15	3.941592E-16	1.920352E+00
8.512786E+03	2.873127E-15	4.128760E-16	1.921182E+00
8.517315E+03	2.982202E-15	4.313283E-16	1.922017E+00
8.521844E+03	3.094265E-15	4.494126E-16	1.922859E+00
8.526373E+03	3.206242E-15	4.693931E-16	1.923707E+00
8.530902E+03	3.315633E-15	4.893729E-16	1.924560E+00
8.535432E+03	3.423781E-15	5.093871E-16	1.925420E+00
8.539961E+03	3.525487E-15	5.287093E-16	1.926285E+00
8.544490E+03	3.622668E-15	5.479395E-16	1.927156E+00
8.549019E+03	3.718789E-15	5.669821E-16	1.928033E+00
8.553548E+03	3.810379E-15	5.851247E-16	1.928915E+00
8.558077E+03	3.897816E-15	6.025141E-16	1.929803E+00
8.562607E+03	3.978586E-15	6.196869E-16	1.930696E+00
8.567136E+03	4.052101E-15	6.360054E-16	1.931595E+00
8.571665E+03	4.119896E-15	6.514576E-16	1.932500E+00
8.576194E+03	4.178872E-15	6.656042E-16	1.933410E+00
8.580723E+03	4.232883E-15	6.791893E-16	1.934325E+00
8.585252E+03	4.283279E-15	6.923912E-16	1.935245E+00
8.589782E+03	4.330440E-15	7.049588E-16	1.936171E+00
8.594311E+03	4.379594E-15	7.178187E-16	1.937102E+00
8.598840E+03	4.432487E-15	7.314172E-16	1.938038E+00
8.603369E+03	4.480981E-15	7.444310E-16	1.938979E+00
8.607898E+03	4.527981E-15	7.573808E-16	1.939926E+00
8.612427E+03	4.572124E-15	7.699186E-16	1.940877E+00
8.616957E+03	4.613602E-15	7.820581E-16	1.941833E+00
8.621486E+03	4.657073E-15	7.947137E-16	1.942794E+00
8.626015E+03	4.703123E-15	8.078434E-16	1.943761E+00
8.630544E+03	4.750201E-15	8.210060E-16	1.944731E+00
8.635073E+03	4.793639E-15	8.335921E-16	1.945707E+00
8.639603E+03	4.838881E-15	8.474252E-16	1.946688E+00
8.644132E+03	4.883400E-15	8.607741E-16	1.947673E+00
8.648661E+03	4.929531E-15	8.744782E-16	1.948662E+00
8.653190E+03	4.978838E-15	8.885972E-16	1.949657E+00
8.657719E+03	5.024694E-15	9.020692E-16	1.950656E+00
8.662248E+03	5.068068E-15	9.152621E-16	1.951659E+00
8.666778E+03	5.112278E-15	9.287697E-16	1.952667E+00
8.671307E+03	5.157323E-15	9.422470E-16	1.953679E+00
8.675836E+03	5.200664E-15	9.554781E-16	1.954696E+00
8.680365E+03	5.244842E-15	9.688965E-16	1.955717E+00
8.684894E+03	5.287705E-15	9.824162E-16	1.956742E+00
8.689423E+03	5.327293E-15	9.950809E-16	1.957772E+00
8.693952E+03	5.365953E-15	1.007857E-15	1.958806E+00
8.698482E+03	5.405053E-15	1.020886E-15	1.959844E+00
8.703011E+03	5.444792E-15	1.034077E-15	1.960886E+00
8.707540E+03	5.480854E-15	1.046557E-15	1.961932E+00
8.712069E+03	5.511073E-15	1.057919E-15	1.962982E+00
8.716598E+03	5.542118E-15	1.069343E-15	1.964037E+00
8.721128E+03	5.577528E-15	1.081785E-15	1.965095E+00
8.725657E+03	5.610429E-15	1.093720E-15	1.966157E+00
8.730186E+03	5.636487E-15	1.104642E-15	1.967223E+00
8.734715E+03	5.657267E-15	1.114178E-15	1.968293E+00
8.739244E+03	5.675714E-15	1.123328E-15	1.969366E+00
8.743773E+03	5.694582E-15	1.132763E-15	1.970444E+00
8.748302E+03	5.713873E-15	1.141969E-15	1.971525E+00
8.752832E+03	5.733390E-15	1.151211E-15	1.972610E+00
8.757361E+03	5.753330E-15	1.160843E-15	1.973698E+00
8.761890E+03	5.767967E-15	1.169366E-15	1.974790E+00
8.766419E+03	5.777885E-15	1.177052E-15	1.975886E+00
8.770948E+03	5.789600E-15	1.185069E-15	1.976985E+00
8.775478E+03	5.796982E-15	1.192237E-15	1.978087E+00
8.780007E+03	5.801807E-15	1.198619E-15	1.979193E+00
8.784536E+03	5.805653E-15	1.204883E-15	1.980303E+00
8.789065E+03	5.809510E-15	1.211379E-15	1.981416E+00
8.793594E+03	5.813576E-15	1.217615E-15	1.982532E+00
8.798123E+03	5.812296E-15	1.222876E-15	1.983651E+00
8.802653E+03	5.807448E-15	1.228340E-15	1.984774E+00
8.807182E+03	5.801210E-15	1.232855E-15	1.985900E+00
8.811711E+03	5.790600E-15	1.235955E-15	1.987029E+00
8.816240E+03	5.777199E-15	1.238292E-15	1.988161E+00
8.820769E+03	5.763987E-15	1.240600E-15	1.989297E+00
8.825298E+03	5.748973E-15	1.242451E-15	1.990435E+00
8.829828E+03	5.736338E-15	1.244875E-15	1.991576E+00
8.834357E+03	5.723493E-15	1.247199E-15	1.992721E+00
8.838886E+03	5.711037E-15	1.249494E-15	1.993868E+00
8.843415E+03	5.700168E-15	1.252508E-15	1.995019E+00
8.847944E+03	5.694081E-15	1.256198E-15	1.996172E+00
8.852473E+03	5.688791E-15	1.259146E-15	1.997328E+00
8.857003E+03	5.680301E-15	1.261602E-15	1.998487E+00
8.861532E+03	5.672805E-15	1.264706E-15	1.999649E+00
8.866061E+03	5.665304E-15	1.267956E-15	2.000814E+00
8.870590E+03	5.655597E-15	1.270892E-15	2.001981E+00
8.875119E+03	5.647284E-15	1.273895E-15	2.003151E+00
8.879648E+03	5.633553E-15	1.275766E-15	2.004324E+00
8.884178E+03	5.597549E-15	1.272701E-15	2.005499E+00
8.888707E+03	5.548863E-15	1.266857E-15	2.006677E+00
8.893236E+03	5.506148E-15	1.261862E-15	2.007857E+00
8.897765E+03	5.465394E-15	1.257341E-15	2.009040E+00
8.902294E+03	5.409116E-15	1.248586E-15	2.010226E+00
8.906824E+03	5.338896E-15	1.236221E-15	2.011414E+00
8.911353E+03	5.262357E-15	1.222419E-15	2.012604E+00
8.915882E+03	5.178681E-15	1.207392E-15	2.013797E+00
8.920411E+03	5.087453E-15	1.190730E-15	2.014992E+00
8.924940E+03	4.988054E-15	1.171655E-15	2.016190E+00
8.929469E+03	4.876434E-15	1.149710E-15	2.017390E+00
8.933998E+03	4.761252E-15	1.126885E-15	2.018592E+00
8.938528E+03	4.642905E-15	1.102511E-15	2.019796E+00
8.943057E+03	4.514718E-15	1.075116E-15	2.021003E+00
8.947586E+03	4.382132E-15	1.046109E-15	2.022211E+00
8.952115E+03	4.255055E-15	1.020686E-15	2.023422E+00
8.956644E+03	4.132281E-15	9.978413E-16	2.024635E+00
8.961174E+03	4.011792E-15	9.722072E-16	2.025851E+00
8.965703E+03	3.901700E-15	9.546880E-16	2.027068E+00
8.970232E+03	3.816019E-15	9.384809E-16	2.028287E+00
8.974761E+03	3.749111E-15	9.259146E-16	2.029508E+00
8.979290E+03	3.703039E-15	9.176732E-16	2.030732E+00
8.983819E+03	3.679264E-15	9.151527E-16	2.031957E+00
8.988349E+03	3.673760E-15	9.165846E-16	2.033184E+00
8.992878E+03	3.683304E-15	9.217836E-16	2.034413E+00
8.997407E+03	3.702632E-15	9.295342E-16	2.035644E+00
9.001936E+03	3.728706E-15	9.359698E-16	2.036876E+00
9.006465E+03	3.763983E-15	9.422676E-16	2.038111E+00
9.010994E+03	3.807461E-15	9.610739E-16	2.039347E+00
9.015523E+03	3.847319E-15	9.764328E-16	2.040585E+00
9.020053E+03	3.878038E-15	9.874452E-16	2.041825E+00
9.024582E+03	3.901848E-15	9.969628E-16	2.043066E+00
9.029111E+03	3.917101E-15	1.004504E-15	2.044310E+00
9.033640E+03	3.925214E-15	1.007463E-15	2.045554E+00
9.038169E+03	3.936816E-15	1.011771E-15	2.046801E+00
9.042699E+03	3.952324E-15	1.022295E-15	2.048049E+00
9.047228E+03	3.951662E-15	1.028190E-15	2.049298E+00
9.051757E+03	3.927827E-15	1.029775E-15	2.050549E+00
9.056286E+03	3.900680E-15	1.030490E-15	2.051802E+00
9.060815E+03	3.880481E-15	1.028148E-15	2.053056E+00
9.065344E+03	3.856559E-15	1.018596E-15	2.054311E+00
9.069874E+03	3.821713E-15	1.007448E-15	2.055568E+00
9.074403E+03	3.778596E-15	9.961673E-16	2.056827E+00
9.078932E+03	3.728429E-15	9.800289E-16	2.058086E+00
9.083461E+03	3.673258E-15	9.629528E-16	2.059347E+00
9.087990E+03	3.626055E-15	9.577059E-16	2.060610E+00
9.092519E+03	3.590134E-15	9.562244E-16	2.061874E+00
9.097049E+03	3.551693E-15	9.497334E-16	2.063139E+00
9.101578E+03	3.502676E-15	9.378898E-16	2.064405E+00
9.106107E+03	3.452978E-15	9.233697E-16	2.065672E+00
9.110636E+03	3.405492E-15	9.146630E-16	2.066941E+00
9.115165E+03	3.359809E-15	9.036722E-16	2.068211E+00
9.119694E+03	3.327313E-15	8.998354E-16	2.069482E+00
9.124224E+03	3.310929E-15	8.977607E-16	2.070754E+00
9.128753E+03	3.296803E-15	8.993994E-16	2.072027E+00
9.133282E+03	3.287842E-15	9.050860E-16	2.073302E+00
9.137811E+03	3.275757E-15	9.026158E-16	2.074577E+00
9.142340E+03	3.261581E-15	8.973113E-16	2.075854E+00
9.146870E+03	3.251957E-15	8.946798E-16	2.077131E+00
9.151399E+03	3.248139E-15	8.957321E-16	2.078410E+00
9.155928E+03	3.241404E-15	8.969369E-16	2.079689E+00
9.160457E+03	3.227376E-15	8.936848E-16	2.080970E+00
9.164986E+03	3.210831E-15	8.926358E-16	2.082251E+00
9.169515E+03	3.200099E-15	8.870753E-16	2.083533E+00
9.174044E+03	3.186642E-15	8.859536E-16	2.084816E+00
9.178574E+03	3.171707E-15	8.873415E-16	2.086100E+00
9.183103E+03	3.163015E-15	8.844318E-16	2.087385E+00
9.187632E+03	3.161203E-15	8.855464E-16	2.088671E+00
9.192161E+03	3.163777E-15	8.886772E-16	2.089957E+00
9.196690E+03	3.164262E-15	8.897939E-16	2.091244E+00
9.201219E+03	3.164746E-15	8.861792E-16	2.092532E+00
9.205749E+03	3.171511E-15	8.860888E-16	2.093821E+00
9.210278E+03	3.176188E-15	8.906385E-16	2.095111E+00
9.214807E+03	3.166194E-15	8.932724E-16	2.096401E+00
9.219336E+03	3.149054E-15	8.930905E-16	2.097691E+00
9.223865E+03	3.131892E-15	8.896673E-16	2.098983E+00
9.228395E+03	3.109877E-15	8.796158E-16	2.100275E+00
9.232924E+03	3.085101E-15	8.716170E-16	2.101568E+00
9.237453E+03	3.057349E-15	8.683861E-16	2.102861E+00
9.241982E+03	3.017147E-15	8.623029E-16	2.104155E+00
9.246511E+03	2.960472E-15	8.516616E-16	2.105449E+00
9.251040E+03	2.895719E-15	8.366439E-16	2.106744E+00
9.255569E+03	2.828145E-15	8.194524E-16	2.108039E+00
9.260099E+03	2.754581E-15	7.997792E-16	2.109335E+00
9.264628E+03	2.664461E-15	7.729307E-16	2.110631E+00
9.269157E+03	2.556700E-15	7.393595E-16	2.111928E+00
9.273686E+03	2.448806E-15	7.059437E-16	2.113225E+00
9.278215E+03	2.348601E-15	6.774599E-16	2.114523E+00
9.282745E+03	2.250599E-15	6.510367E-16	2.115821E+00
9.287274E+03	2.154381E-15	6.239599E-16	2.117120E+00
9.291803E+03	2.055565E-15	5.970696E-16	2.118418E+00
9.296332E+03	1.944735E-15	5.652313E-16	2.119717E+00
9.300861E+03	1.820914E-15	5.283930E-16	2.121017E+00
9.305390E+03	1.689428E-15	4.926113E-16	2.122317E+00
9.309920E+03	1.561750E-15	4.573568E-16	2.123616E+00
9.314449E+03	1.446431E-15	4.268446E-16	2.124917E+00
9.318978E+03	1.348766E-15	4.031817E-16	2.126217E+00
9.323507E+03	1.259193E-15	3.785178E-16	2.127518E+00
9.328036E+03	1.175619E-15	3.593476E-16	2.128819E+00
9.332565E+03	1.116311E-15	3.432085E-16	2.130120E+00
9.337095E+03	1.076155E-15	3.319406E-16	2.131421E+00
9.341624E+03	1.044757E-15	3.228161E-16	2.132723E+00
9.346153E+03	1.032142E-15	3.195350E-16	2.134024E+00
9.350682E+03	1.056453E-15	3.296071E-16	2.135326E+00
9.355211E+03	1.093313E-15	3.386561E-16	2.136628E+00
9.359740E+03	1.127779E-15	3.467379E-16	2.137930E+00
9.364270E+03	1.165560E-15	3.632647E-16	2.139232E+00
9.368799E+03	1.204436E-15	3.933381E-16	2.140534E+00
9.373328E+03	1.238367E-15	4.166658E-16	2.141836E+00
9.377857E+03	1.269766E-15	4.270431E-16	2.143138E+00
9.382386E+03	1.303391E-15	4.364268E-16	2.144440E+00
9.386915E+03	1.335832E-15	4.447746E-16	2.145742E+00
9.391445E+03	1.357963E-15	4.507250E-16	2.147044E+00
9.395974E+03	1.363405E-15	4.478909E-16	2.148346E+00
9.400503E+03	1.364296E-15	4.434161E-16	2.149648E+00
9.405032E+03	1.368886E-15	4.467145E-16	2.150950E+00
9.409561E+03	1.367971E-15	4.436993E-16	2.152252E+00
9.414091E+03	1.350494E-15	4.391898E-16	2.153554E+00
9.418620E+03	1.325258E-15	4.306440E-16	2.154855E+00
9.423149E+03	1.300076E-15	4.301420E-16	2.156157E+00
9.427678E+03	1.275274E-15	4.166308E-16	2.157458E+00
9.432207E+03	1.245777E-15	4.089392E-16	2.158759E+00
9.436736E+03	1.209763E-15	3.986252E-16	2.160060E+00
9.441265E+03	1.175672E-15	3.908586E-16	2.161361E+00
9.445795E+03	1.148611E-15	3.862714E-16	2.162662E+00
9.450324E+03	1.119136E-15	3.819593E-16	2.163962E+00
9.454853E+03	1.083216E-15	3.722209E-16	2.165262E+00
9.459382E+03	1.055852E-15	3.673499E-16	2.166562E+00
9.463911E+03	1.038167E-15	3.655119E-16	2.167862E+00
9.468441E+03	1.024560E-15	3.534171E-16	2.169161E+00
9.472970E+03	1.023155E-15	3.250397E-16	2.170460E+00
9.477499E+03	1.032411E-15	3.388563E-16	2.171759E+00
9.482028E+03	1.048761E-15	3.437743E-16	2.173057E+00
9.486557E+03	1.069587E-15	3.523922E-16	2.174355E+00
9.491086E+03	1.081778E-15	3.563381E-16	2.175653E+00
9.495615E+03	1.089193E-15	3.615160E-16	2.176950E+00
9.500145E+03	1.100254E-15	3.682018E-16	2.178247E+00
9.504674E+03	1.109627E-15	3.702235E-16	2.179544E+00
9.509203E+03	1.117244E-15	3.736507E-16	2.180840E+00
9.513732E+03	1.124323E-15	3.761495E-16	2.182135E+00
9.518261E+03	1.128637E-15	3.771189E-16	2.183431E+00
9.522790E+03	1.123735E-15	3.732134E-16	2.184726E+00
9.527320E+03	1.121931E-15	3.644265E-16	2.186020E+00
9.531849E+03	1.124061E-15	3.667951E-16	2.187314E+00
9.536378E+03	1.113038E-15	3.609367E-16	2.188607E+00
9.540907E+03	1.091819E-15	3.542837E-16	2.189900E+00
9.545436E+03	1.083742E-15	3.498468E-16	2.191193E+00
9.549966E+03	1.092603E-15	3.481597E-16	2.192485E+00
9.554495E+03	1.090482E-15	3.479017E-16	2.193776E+00
9.559024E+03	1.082453E-15	3.449179E-16	2.195067E+00
9.563553E+03	1.080212E-15	3.428206E-16	2.196357E+00
9.568082E+03	1.077133E-15	3.480285E-16	2.197647E+00
9.572611E+03	1.076247E-15	3.493766E-16	2.198936E+00
9.577141E+03	1.080904E-15	3.520860E-16	2.200225E+00
9.581670E+03	1.083981E-15	3.528664E-16	2.201513E+00
9.586199E+03	1.082830E-15	3.523911E-16	2.202800E+00
9.590728E+03	1.078416E-15	3.514409E-16	2.204087E+00
9.595257E+03	1.071569E-15	3.499123E-16	2.205373E+00
9.599786E+03	1.072921E-15	3.502255E-16	2.206658E+00
9.604316E+03	1.084431E-15	3.533186E-16	2.207943E+00
9.608845E+03	1.091690E-15	3.573405E-16	2.209227E+00
9.613374E+03	1.088654E-15	3.572923E-16	2.210511E+00
9.617903E+03	1.088999E-15	3.511135E-16	2.211793E+00
9.622432E+03	1.096977E-15	3.508859E-16	2.213075E+00
9.626961E+03	1.109282E-15	3.549477E-16	2.214357E+00
9.631491E+03	1.120802E-15	3.589300E-16	2.215637E+00
9.636020E+03	1.129475E-15	3.622273E-16	2.216917E+00
9.640549E+03	1.139909E-15	3.678895E-16	2.218196E+00
9.645078E+03	1.155370E-15	3.771876E-16	2.219474E+00
9.649607E+03	1.172779E-15	3.848588E-16	2.220752E+00
9.654137E+03	1.191185E-15	3.902150E-16	2.222029E+00
9.658666E+03	1.216503E-15	3.956804E-16	2.223305E+00
9.663195E+03	1.246877E-15	4.045686E-16	2.224580E+00
9.667724E+03	1.277529E-15	4.153244E-16	2.225854E+00
9.672253E+03	1.305097E-15	4.253087E-16	2.227128E+00
9.676782E+03	1.327458E-15	4.323920E-16	2.228401E+00
9.681311E+03	1.341839E-15	4.375229E-16	2.229672E+00
9.685841E+03	1.348695E-15	4.418480E-16	2.230943E+00
9.690370E+03	1.355289E-15	4.442351E-16	2.232214E+00
9.694899E+03	1.368723E-15	4.466778E-16	2.233483E+00
9.699428E+03	1.380004E-15	4.478758E-16	2.234751E+00
9.703957E+03	1.381412E-15	4.486005E-16	2.236019E+00
9.708487E+03	1.380472E-15	4.498407E-16	2.237286E+00
9.713016E+03	1.378612E-15	4.508370E-16	2.238551E+00
9.717545E+03	1.373231E-15	4.504958E-16	2.239816E+00
9.722074E+03	1.364459E-15	4.486981E-16	2.241080E+00
9.726603E+03	1.356348E-15	4.474312E-16	2.242343E+00
9.731132E+03	1.342910E-15	4.451454E-16	2.243605E+00
9.735662E+03	1.323146E-15	4.388738E-16	2.244866E+00
9.740191E+03	1.303494E-15	4.315983E-16	2.246126E+00
9.744720E+03	1.285594E-15	4.235107E-16	2.247385E+00
9.749249E+03	1.265671E-15	4.159552E-16	2.248643E+00
9.753778E+03	1.242193E-15	4.100132E-16	2.249900E+00
9.758307E+03	1.218911E-15	4.038510E-16	2.251157E+00
9.762836E+03	1.199297E-15	3.976849E-16	2.252412E+00
9.767366E+03	1.185496E-15	3.934117E-16	2.253666E+00
9.771895E+03	1.176459E-15	3.905521E-16	2.254919E+00
9.776424E+03	1.169441E-15	3.878787E-16	2.256171E+00
9.780953E+03	1.164807E-15	3.846015E-16	2.257422E+00
9.785482E+03	1.166559E-15	3.835064E-16	2.258672E+00
9.790012E+03	1.175747E-15	3.865955E-16	2.259921E+00
9.794541E+03	1.185960E-15	3.903823E-16	2.261169E+00
9.799070E+03	1.195438E-15	3.937361E-16	2.262416E+00
9.803599E+03	1.207618E-15	3.974934E-16	2.263661E+00
9.808128E+03	1.220422E-15	4.013636E-16	2.264906E+00
9.812657E+03	1.232468E-15	4.054539E-16	2.266150E+00
9.817187E+03	1.243279E-15	4.092513E-16	2.267392E+00
9.821716E+03	1.249404E-15	4.121455E-16	2.268633E+00
9.826245E+03	1.251109E-15	4.132936E-16	2.269874E+00
9.830774E+03	1.246546E-15	4.121892E-16	2.271113E+00
9.835303E+03	1.242544E-15	4.114539E-16	2.272351E+00
9.839832E+03	1.237605E-15	4.103132E-16	2.273588E+00
9.844362E+03	1.228405E-15	4.080581E-16	2.274823E+00
9.848891E+03	1.217441E-15	4.043135E-16	2.276058E+00
9.853420E+03	1.201021E-15	3.999914E-16	2.277291E+00
9.857949E+03	1.184468E-15	3.954551E-16	2.278523E+00
9.862478E+03	1.171247E-15	3.915849E-16	2.279754E+00
9.867007E+03	1.155250E-15	3.865849E-16	2.280984E+00
9.871537E+03	1.133986E-15	3.796542E-16	2.282213E+00
9.876066E+03	1.112652E-15	3.728364E-16	2.283440E+00
9.880595E+03	1.092230E-15	3.670827E-16	2.284666E+00
9.885124E+03	1.068128E-15	3.598413E-16	2.285891E+00
9.889653E+03	1.044365E-15	3.517291E-16	2.287115E+00
9.894183E+03	1.025381E-15	3.437144E-16	2.288338E+00
9.898712E+03	1.011321E-15	3.391406E-16	2.289559E+00
9.903241E+03	9.982071E-16	3.357940E-16	2.290779E+00
9.907770E+03	9.861093E-16	3.317404E-16	2.291998E+00
9.912299E+03	9.750295E-16	3.282150E-16	2.293216E+00
9.916828E+03	9.650841E-16	3.252295E-16	2.294432E+00
9.921358E+03	9.563208E-16	3.224399E-16	2.295647E+00
9.925887E+03	9.487415E-16	3.221662E-16	2.296861E+00
9.930416E+03	9.424171E-16	3.197555E-16	2.298074E+00
9.934945E+03	9.372576E-16	3.169973E-16	2.299285E+00
9.939474E+03	9.331958E-16	3.153898E-16	2.300495E+00
9.944003E+03	9.288296E-16	3.134043E-16	2.301704E+00
9.948532E+03	9.222238E-16	3.115521E-16	2.302911E+00
9.953062E+03	9.155410E-16	3.093374E-16	2.304117E+00
9.957591E+03	9.092652E-16	3.069686E-16	2.305322E+00
9.962120E+03	9.011596E-16	3.048031E-16	2.306526E+00
9.966649E+03	8.911983E-16	3.053273E-16	2.307728E+00
9.971178E+03	8.770004E-16	3.023504E-16	2.308929E+00
9.975708E+03	8.630639E-16	2.959129E-16	2.310128E+00
9.980237E+03	8.530181E-16	2.927592E-16	2.311326E+00
9.984766E+03	8.435622E-16	2.897967E-16	2.312523E+00
9.989295E+03	8.341187E-16	2.868353E-16	2.313719E+00
9.993824E+03	8.229978E-16	2.833184E-16	2.314913E+00
9.998353E+03	8.104749E-16	2.793369E-16	2.316106E+00
