#wls	flux	fluxerr
1.589729E+03	3.364215E-02	1.696476E-03
1.629472E+03	2.851809E-02	1.424074E-03
1.669215E+03	2.403913E-02	1.188529E-03
1.708958E+03	2.016848E-02	9.871327E-04
1.748702E+03	1.685868E-02	8.167170E-04
1.788445E+03	1.405964E-02	6.740706E-04
1.828188E+03	1.171801E-02	5.559144E-04
1.867931E+03	9.780800E-03	4.590872E-04
1.907675E+03	8.193114E-03	3.804378E-04
1.947418E+03	6.907740E-03	3.172752E-04
1.987161E+03	5.879081E-03	2.670738E-04
2.026904E+03	5.069272E-03	2.277458E-04
2.066647E+03	4.445963E-03	1.975243E-04
2.106391E+03	3.985495E-03	1.750894E-04
2.146134E+03	3.675097E-03	1.596426E-04
2.185877E+03	3.508697E-03	1.507005E-04
2.225620E+03	3.489903E-03	1.482058E-04
2.265363E+03	3.630770E-03	1.524519E-04
2.305107E+03	3.949293E-03	1.639589E-04
2.344850E+03	4.469839E-03	1.834791E-04
2.384593E+03	5.228436E-03	2.121963E-04
2.424336E+03	6.271999E-03	2.516688E-04
2.464080E+03	7.651205E-03	3.035219E-04
2.503823E+03	9.408927E-03	3.689862E-04
2.543566E+03	1.156085E-02	4.481629E-04
2.583309E+03	1.407337E-02	5.392372E-04
2.623052E+03	1.685111E-02	6.381156E-04
2.662796E+03	1.975776E-02	7.393401E-04
2.702539E+03	2.264555E-02	8.372715E-04
2.742282E+03	2.535853E-02	9.262306E-04
2.782025E+03	2.774951E-02	1.001132E-03
2.821769E+03	2.971202E-02	1.058605E-03
2.861512E+03	3.118376E-02	1.097021E-03
2.901255E+03	3.216289E-02	1.116972E-03
2.940998E+03	3.270544E-02	1.121034E-03
2.980741E+03	3.290364E-02	1.112918E-03
2.990677E+03	3.291402E-02	1.109534E-03
3.000613E+03	3.291168E-02	1.105717E-03
3.010549E+03	3.290041E-02	1.101600E-03
3.020485E+03	3.288095E-02	1.097209E-03
3.030420E+03	3.285609E-02	1.092641E-03
3.040356E+03	3.282760E-02	1.087956E-03
3.050292E+03	3.279823E-02	1.083246E-03
3.060228E+03	3.277065E-02	1.078599E-03
3.070164E+03	3.274570E-02	1.074041E-03
3.080099E+03	3.272603E-02	1.069659E-03
3.090035E+03	3.271426E-02	1.065535E-03
3.099971E+03	3.271206E-02	1.061722E-03
3.109907E+03	3.272114E-02	1.058269E-03
3.119843E+03	3.274486E-02	1.055282E-03
3.129779E+03	3.278400E-02	1.052780E-03
3.139714E+03	3.284023E-02	1.050812E-03
3.149650E+03	3.291763E-02	1.049501E-03
3.159586E+03	3.301619E-02	1.048839E-03
3.169522E+03	3.313915E-02	1.048922E-03
3.179458E+03	3.328736E-02	1.049767E-03
3.189393E+03	3.346402E-02	1.051466E-03
3.199329E+03	3.367081E-02	1.054061E-03
3.209265E+03	3.390941E-02	1.057594E-03
3.219201E+03	3.418229E-02	1.062132E-03
3.229137E+03	3.449194E-02	1.067737E-03
3.239072E+03	3.483941E-02	1.074430E-03
3.249008E+03	3.522726E-02	1.082275E-03
3.258944E+03	3.565734E-02	1.091315E-03
3.268880E+03	3.613223E-02	1.101613E-03
3.278816E+03	3.665382E-02	1.113211E-03
3.288751E+03	3.722400E-02	1.126149E-03
3.298687E+03	3.784533E-02	1.140486E-03
3.308623E+03	3.851822E-02	1.156216E-03
3.318559E+03	3.924652E-02	1.173436E-03
3.328495E+03	4.003043E-02	1.192130E-03
3.338430E+03	4.087134E-02	1.212322E-03
3.348366E+03	4.177116E-02	1.234044E-03
3.358302E+03	4.273003E-02	1.257282E-03
3.368238E+03	4.374772E-02	1.282005E-03
3.378174E+03	4.482421E-02	1.308192E-03
3.388109E+03	4.595819E-02	1.335784E-03
3.398045E+03	4.714917E-02	1.364743E-03
3.407981E+03	4.839293E-02	1.394928E-03
3.417917E+03	4.968666E-02	1.426239E-03
3.427853E+03	5.102586E-02	1.458528E-03
3.437788E+03	5.240440E-02	1.491603E-03
3.447724E+03	5.381622E-02	1.525278E-03
3.457660E+03	5.525535E-02	1.559372E-03
3.467596E+03	5.671694E-02	1.593738E-03
3.477532E+03	5.819582E-02	1.628222E-03
3.487467E+03	5.968780E-02	1.662702E-03
3.497403E+03	6.118702E-02	1.697009E-03
3.507339E+03	6.268571E-02	1.730926E-03
3.517275E+03	6.417599E-02	1.764237E-03
3.527211E+03	6.564945E-02	1.796713E-03
3.537146E+03	6.709737E-02	1.828123E-03
3.547082E+03	6.851043E-02	1.858224E-03
3.557018E+03	6.988080E-02	1.886817E-03
3.566954E+03	7.120100E-02	1.913715E-03
3.576890E+03	7.246753E-02	1.938842E-03
3.586826E+03	7.367623E-02	1.962107E-03
3.596761E+03	7.482607E-02	1.983502E-03
3.606697E+03	7.591719E-02	2.003052E-03
3.616633E+03	7.695257E-02	2.020857E-03
3.626569E+03	7.793706E-02	2.037063E-03
3.636505E+03	7.887733E-02	2.051862E-03
3.646440E+03	7.978308E-02	2.065521E-03
3.656376E+03	8.066494E-02	2.078326E-03
3.666312E+03	8.153748E-02	2.090659E-03
3.676248E+03	8.241627E-02	2.102921E-03
3.686184E+03	8.332218E-02	2.115638E-03
3.696119E+03	8.427700E-02	2.129352E-03
3.706055E+03	8.530483E-02	2.144648E-03
3.715991E+03	8.643356E-02	2.162197E-03
3.725927E+03	8.769165E-02	2.182669E-03
3.735863E+03	8.910900E-02	2.206756E-03
3.745798E+03	9.071601E-02	2.235146E-03
3.755734E+03	9.254509E-02	2.268563E-03
3.765670E+03	9.462570E-02	2.307640E-03
3.775606E+03	9.698744E-02	2.353001E-03
3.785542E+03	9.965906E-02	2.405232E-03
3.795477E+03	1.026616E-01	2.464722E-03
3.805413E+03	1.060152E-01	2.531825E-03
3.815349E+03	1.097286E-01	2.606617E-03
3.825285E+03	1.137979E-01	2.688868E-03
3.835221E+03	1.182032E-01	2.777976E-03
3.845156E+03	1.229040E-01	2.872867E-03
3.855092E+03	1.278428E-01	2.972092E-03
3.865028E+03	1.329420E-01	3.073769E-03
3.874964E+03	1.381095E-01	3.175720E-03
3.884900E+03	1.432370E-01	3.275442E-03
3.894835E+03	1.482111E-01	3.370378E-03
3.904771E+03	1.529129E-01	3.457899E-03
3.914707E+03	1.572276E-01	3.535528E-03
3.924643E+03	1.610504E-01	3.601075E-03
3.934579E+03	1.642905E-01	3.652712E-03
3.944514E+03	1.668824E-01	3.689218E-03
3.954450E+03	1.687917E-01	3.710086E-03
3.964386E+03	1.700080E-01	3.715354E-03
3.974322E+03	1.705577E-01	3.705860E-03
3.984258E+03	1.704880E-01	3.682884E-03
3.994194E+03	1.698740E-01	3.648274E-03
4.004129E+03	1.688032E-01	3.604107E-03
4.014065E+03	1.673714E-01	3.552596E-03
4.024001E+03	1.656771E-01	3.495957E-03
4.033937E+03	1.638164E-01	3.436307E-03
4.043873E+03	1.618741E-01	3.375478E-03
4.053808E+03	1.599290E-01	3.315139E-03
4.063744E+03	1.580463E-01	3.256636E-03
4.073680E+03	1.562815E-01	3.201088E-03
4.083616E+03	1.546803E-01	3.149381E-03
4.093552E+03	1.532793E-01	3.102202E-03
4.103487E+03	1.521039E-01	3.059990E-03
4.113423E+03	1.511677E-01	3.022942E-03
4.123359E+03	1.504762E-01	2.991080E-03
4.133295E+03	1.500211E-01	2.964162E-03
4.143231E+03	1.497828E-01	2.941720E-03
4.153166E+03	1.497364E-01	2.923199E-03
4.163102E+03	1.498444E-01	2.907807E-03
4.173038E+03	1.500666E-01	2.894726E-03
4.182974E+03	1.503595E-01	2.883084E-03
4.192910E+03	1.506744E-01	2.871941E-03
4.202845E+03	1.509639E-01	2.860393E-03
4.212781E+03	1.511816E-01	2.847588E-03
4.222717E+03	1.512813E-01	2.832692E-03
4.232653E+03	1.512226E-01	2.814997E-03
4.242589E+03	1.509644E-01	2.793803E-03
4.252524E+03	1.504664E-01	2.768443E-03
4.262460E+03	1.496975E-01	2.738427E-03
4.272396E+03	1.486264E-01	2.703276E-03
4.282332E+03	1.472320E-01	2.662707E-03
4.292268E+03	1.455032E-01	2.616625E-03
4.302203E+03	1.434405E-01	2.565136E-03
4.312139E+03	1.410581E-01	2.508594E-03
4.322075E+03	1.383860E-01	2.447621E-03
4.332011E+03	1.354666E-01	2.383038E-03
4.341947E+03	1.323636E-01	2.316025E-03
4.351882E+03	1.291600E-01	2.248068E-03
4.361818E+03	1.259454E-01	2.180732E-03
4.371754E+03	1.228053E-01	2.115480E-03
4.381690E+03	1.198308E-01	2.053837E-03
4.391626E+03	1.171262E-01	1.997529E-03
4.401562E+03	1.148479E-01	1.949125E-03
4.411497E+03	1.131595E-01	1.911269E-03
4.421433E+03	1.122037E-01	1.886196E-03
4.431369E+03	1.120931E-01	1.875604E-03
4.441305E+03	1.129179E-01	1.880788E-03
4.451241E+03	1.147481E-01	1.902693E-03
4.461176E+03	1.176377E-01	1.941982E-03
4.471112E+03	1.216237E-01	1.999037E-03
4.481048E+03	1.267225E-01	2.073893E-03
4.490984E+03	1.329253E-01	2.166186E-03
4.500920E+03	1.401859E-01	2.274946E-03
4.510855E+03	1.484183E-01	2.398584E-03
4.520791E+03	1.574802E-01	2.534629E-03
4.530727E+03	1.671711E-01	2.679719E-03
4.540663E+03	1.772235E-01	2.829474E-03
4.550599E+03	1.873064E-01	2.978576E-03
4.560534E+03	1.970408E-01	3.121027E-03
4.570470E+03	2.060166E-01	3.250427E-03
4.580406E+03	2.138311E-01	3.360596E-03
4.590342E+03	2.201216E-01	3.446067E-03
4.600278E+03	2.246016E-01	3.502645E-03
4.610213E+03	2.271074E-01	3.528109E-03
4.620149E+03	2.275948E-01	3.522117E-03
4.630085E+03	2.261416E-01	3.486218E-03
4.640021E+03	2.229328E-01	3.423582E-03
4.649957E+03	2.182337E-01	3.338563E-03
4.659892E+03	2.123573E-01	3.236183E-03
4.669828E+03	2.056363E-01	3.121682E-03
4.679764E+03	1.983894E-01	3.000022E-03
4.689700E+03	1.909041E-01	2.875614E-03
4.699636E+03	1.834138E-01	2.751993E-03
4.709571E+03	1.761074E-01	2.631979E-03
4.719507E+03	1.691320E-01	2.517722E-03
4.729443E+03	1.625950E-01	2.410754E-03
4.739379E+03	1.565736E-01	2.312137E-03
4.749315E+03	1.511166E-01	2.222491E-03
4.759250E+03	1.462513E-01	2.142117E-03
4.769186E+03	1.419841E-01	2.071001E-03
4.779122E+03	1.383062E-01	2.008907E-03
4.789058E+03	1.351885E-01	1.955304E-03
4.798994E+03	1.325955E-01	1.909582E-03
4.808930E+03	1.304824E-01	1.871001E-03
4.818865E+03	1.288024E-01	1.838799E-03
4.828801E+03	1.275058E-01	1.812193E-03
4.838737E+03	1.265415E-01	1.790383E-03
4.848673E+03	1.258555E-01	1.772548E-03
4.858609E+03	1.253906E-01	1.757829E-03
4.868544E+03	1.250847E-01	1.745318E-03
4.878480E+03	1.248665E-01	1.733992E-03
4.888416E+03	1.246630E-01	1.722825E-03
4.898352E+03	1.243978E-01	1.710764E-03
4.908288E+03	1.240015E-01	1.696873E-03
4.918223E+03	1.234088E-01	1.680290E-03
4.928159E+03	1.225692E-01	1.660375E-03
4.938095E+03	1.214564E-01	1.636825E-03
4.948031E+03	1.200594E-01	1.609558E-03
4.957967E+03	1.183996E-01	1.578919E-03
4.967902E+03	1.165188E-01	1.545525E-03
4.977838E+03	1.144820E-01	1.510287E-03
4.987774E+03	1.123635E-01	1.474219E-03
4.997710E+03	1.102476E-01	1.438445E-03
5.007646E+03	1.082151E-01	1.404019E-03
5.017581E+03	1.063472E-01	1.371975E-03
5.027517E+03	1.047141E-01	1.343187E-03
5.037453E+03	1.033836E-01	1.318470E-03
5.047389E+03	1.024122E-01	1.298482E-03
5.057325E+03	1.018497E-01	1.283775E-03
5.067260E+03	1.017434E-01	1.274857E-03
5.077196E+03	1.021343E-01	1.272141E-03
5.087132E+03	1.030619E-01	1.276013E-03
5.097068E+03	1.045629E-01	1.286812E-03
5.107004E+03	1.066736E-01	1.304859E-03
5.116939E+03	1.094203E-01	1.330348E-03
5.126875E+03	1.128241E-01	1.363403E-03
5.136811E+03	1.168907E-01	1.403960E-03
5.146747E+03	1.216027E-01	1.451677E-03
5.156683E+03	1.269194E-01	1.505949E-03
5.166618E+03	1.327694E-01	1.565823E-03
5.176554E+03	1.390489E-01	1.629991E-03
5.186490E+03	1.456192E-01	1.696772E-03
5.196426E+03	1.523113E-01	1.764179E-03
5.206362E+03	1.589248E-01	1.829914E-03
5.216298E+03	1.652446E-01	1.891567E-03
5.226233E+03	1.710478E-01	1.946701E-03
5.236169E+03	1.761273E-01	1.993116E-03
5.246105E+03	1.803016E-01	2.028950E-03
5.256041E+03	1.834292E-01	2.052831E-03
5.265977E+03	1.854338E-01	2.064140E-03
5.275912E+03	1.862913E-01	2.062843E-03
5.285848E+03	1.860369E-01	2.049556E-03
5.295784E+03	1.847498E-01	2.025355E-03
5.305720E+03	1.825485E-01	1.991716E-03
5.315656E+03	1.795779E-01	1.950362E-03
5.325591E+03	1.759918E-01	1.903072E-03
5.335527E+03	1.719550E-01	1.851703E-03
5.345463E+03	1.676292E-01	1.798039E-03
5.355399E+03	1.631737E-01	1.743804E-03
5.365335E+03	1.587433E-01	1.690643E-03
5.375270E+03	1.544903E-01	1.640150E-03
5.385206E+03	1.505700E-01	1.593925E-03
5.395142E+03	1.471343E-01	1.553504E-03
5.405078E+03	1.443198E-01	1.520239E-03
5.415014E+03	1.422138E-01	1.494959E-03
5.424949E+03	1.407395E-01	1.476777E-03
5.434885E+03	1.397073E-01	1.463640E-03
5.444821E+03	1.389328E-01	1.453573E-03
5.454757E+03	1.382573E-01	1.444882E-03
5.464693E+03	1.375481E-01	1.436156E-03
5.474628E+03	1.367051E-01	1.426328E-03
5.484564E+03	1.356589E-01	1.414656E-03
5.494500E+03	1.343607E-01	1.400611E-03
5.504436E+03	1.327795E-01	1.383848E-03
5.514372E+03	1.309028E-01	1.364214E-03
5.524307E+03	1.287284E-01	1.341663E-03
5.534243E+03	1.262672E-01	1.316283E-03
5.544179E+03	1.235412E-01	1.288275E-03
5.554115E+03	1.205797E-01	1.257920E-03
5.564051E+03	1.174206E-01	1.225589E-03
5.573986E+03	1.141130E-01	1.191768E-03
5.583922E+03	1.107089E-01	1.156979E-03
5.593858E+03	1.072651E-01	1.121795E-03
5.603794E+03	1.038447E-01	1.086858E-03
5.613730E+03	1.005056E-01	1.052762E-03
5.623665E+03	9.730735E-02	1.020120E-03
5.633601E+03	9.430549E-02	9.895060E-04
5.643537E+03	9.155134E-02	9.614557E-04
5.653473E+03	8.909171E-02	9.364595E-04
5.663409E+03	8.697172E-02	9.149935E-04
5.673345E+03	8.522839E-02	8.974515E-04
5.683280E+03	8.389732E-02	8.842143E-04
5.693216E+03	8.300866E-02	8.756073E-04
5.703152E+03	8.259106E-02	8.719415E-04
5.713088E+03	8.266664E-02	8.734598E-04
5.723024E+03	8.325290E-02	8.803569E-04
5.732959E+03	8.436280E-02	8.927797E-04
5.742895E+03	8.599665E-02	9.107407E-04
5.752831E+03	8.814429E-02	9.341409E-04
5.762767E+03	9.078199E-02	9.627363E-04
5.772703E+03	9.386896E-02	9.961004E-04
5.782638E+03	9.734344E-02	1.033582E-03
5.792574E+03	1.011277E-01	1.074359E-03
5.802510E+03	1.051249E-01	1.117403E-03
5.812446E+03	1.092212E-01	1.161505E-03
5.822382E+03	1.132888E-01	1.205301E-03
5.832317E+03	1.171973E-01	1.247403E-03
5.842253E+03	1.208119E-01	1.286372E-03
5.852189E+03	1.240012E-01	1.320805E-03
5.862125E+03	1.266496E-01	1.349468E-03
5.872061E+03	1.286594E-01	1.371317E-03
5.881996E+03	1.299605E-01	1.385603E-03
5.891932E+03	1.305113E-01	1.391882E-03
5.901868E+03	1.303054E-01	1.390085E-03
5.911804E+03	1.293678E-01	1.380481E-03
5.921740E+03	1.277495E-01	1.363616E-03
5.931675E+03	1.255256E-01	1.340294E-03
5.941611E+03	1.227828E-01	1.311445E-03
5.951547E+03	1.196094E-01	1.278012E-03
5.961483E+03	1.160970E-01	1.240978E-03
5.971419E+03	1.123296E-01	1.201243E-03
5.981354E+03	1.083834E-01	1.159622E-03
5.991290E+03	1.043270E-01	1.116851E-03
6.001226E+03	1.002197E-01	1.073566E-03
6.011162E+03	9.610896E-02	1.030275E-03
6.021098E+03	9.203988E-02	9.874591E-04
6.031033E+03	8.804641E-02	9.454834E-04
6.040969E+03	8.416065E-02	9.046911E-04
6.050905E+03	8.041239E-02	8.654015E-04
6.060841E+03	7.682556E-02	8.278718E-04
6.070777E+03	7.342881E-02	7.924109E-04
6.080713E+03	7.024756E-02	7.592952E-04
6.090648E+03	6.730962E-02	7.288288E-04
6.100584E+03	6.464392E-02	7.013314E-04
6.110520E+03	6.227951E-02	6.771282E-04
6.120456E+03	6.024115E-02	6.565029E-04
6.130392E+03	5.855050E-02	6.397109E-04
6.140327E+03	5.722374E-02	6.269536E-04
6.150263E+03	5.627326E-02	6.183977E-04
6.160199E+03	5.570987E-02	6.141988E-04
6.170135E+03	5.553629E-02	6.144308E-04
6.180071E+03	5.575235E-02	6.191420E-04
6.190006E+03	5.634576E-02	6.282525E-04
6.199942E+03	5.729820E-02	6.416198E-04
6.209878E+03	5.858183E-02	6.589974E-04
6.219814E+03	6.016040E-02	6.800383E-04
6.229750E+03	6.198636E-02	7.042593E-04
6.239685E+03	6.400617E-02	7.311015E-04
6.249621E+03	6.615359E-02	7.598496E-04
6.259557E+03	6.835565E-02	7.896956E-04
6.269493E+03	7.053226E-02	8.197285E-04
6.279429E+03	7.260153E-02	8.489938E-04
6.289364E+03	7.448321E-02	8.765296E-04
6.299300E+03	7.610224E-02	9.014086E-04
6.309236E+03	7.740025E-02	9.228753E-04
6.319172E+03	7.833261E-02	9.403157E-04
6.329108E+03	7.888146E-02	9.534207E-04
6.339043E+03	7.905210E-02	9.621522E-04
6.348979E+03	7.887296E-02	9.667534E-04
6.358915E+03	7.839859E-02	9.677961E-04
6.368851E+03	7.769929E-02	9.660650E-04
6.378787E+03	7.686555E-02	9.626205E-04
6.388722E+03	7.598788E-02	9.585555E-04
6.398658E+03	7.516470E-02	9.550964E-04
6.408594E+03	7.448347E-02	9.533660E-04
6.418530E+03	7.402124E-02	9.543870E-04
6.428466E+03	7.380545E-02	9.585675E-04
6.438401E+03	7.380217E-02	9.655244E-04
6.448337E+03	7.395938E-02	9.746247E-04
6.458273E+03	7.421984E-02	9.851462E-04
6.468209E+03	7.452394E-02	9.963140E-04
6.478145E+03	7.481703E-02	1.007397E-03
6.488081E+03	7.504449E-02	1.017644E-03
6.498016E+03	7.516100E-02	1.026409E-03
6.507952E+03	7.512602E-02	1.033097E-03
6.517888E+03	7.490922E-02	1.037236E-03
6.527824E+03	7.449088E-02	1.038493E-03
6.537760E+03	7.385746E-02	1.036616E-03
6.547695E+03	7.300756E-02	1.031518E-03
6.557631E+03	7.194984E-02	1.023256E-03
6.567567E+03	7.069938E-02	1.011987E-03
6.577503E+03	6.927542E-02	9.979295E-04
6.587439E+03	6.770626E-02	9.814462E-04
6.597374E+03	6.601872E-02	9.628877E-04
6.607310E+03	6.424520E-02	9.426981E-04
6.617246E+03	6.241269E-02	9.212543E-04
6.627182E+03	6.055274E-02	8.990113E-04
6.637118E+03	5.868921E-02	8.763209E-04
6.647053E+03	5.684590E-02	8.535432E-04
6.656989E+03	5.504046E-02	8.309536E-04
6.666925E+03	5.329170E-02	8.088511E-04
6.676861E+03	5.160973E-02	7.874083E-04
6.686797E+03	5.000618E-02	7.668240E-04
6.696732E+03	4.848808E-02	7.472300E-04
6.706668E+03	4.705860E-02	7.286994E-04
6.716604E+03	4.572206E-02	7.113241E-04
6.726540E+03	4.447862E-02	6.951314E-04
6.736476E+03	4.332848E-02	6.801489E-04
6.746411E+03	4.226841E-02	6.663493E-04
6.756347E+03	4.129700E-02	6.537322E-04
6.766283E+03	4.041062E-02	6.422614E-04
6.776219E+03	3.960464E-02	6.318825E-04
6.786155E+03	3.887492E-02	6.225472E-04
6.796090E+03	3.821722E-02	6.142041E-04
6.806026E+03	3.762851E-02	6.068191E-04
6.815962E+03	3.710234E-02	6.003018E-04
6.825898E+03	3.663551E-02	5.946121E-04
6.835834E+03	3.622341E-02	5.896859E-04
6.845769E+03	3.586077E-02	5.854467E-04
6.855705E+03	3.554354E-02	5.818363E-04
6.865641E+03	3.526694E-02	5.787835E-04
6.875577E+03	3.502544E-02	5.762032E-04
6.885513E+03	3.481474E-02	5.740293E-04
6.895449E+03	3.462996E-02	5.721851E-04
6.905384E+03	3.446569E-02	5.705841E-04
6.915320E+03	3.431865E-02	5.691743E-04
6.925256E+03	3.418344E-02	5.678677E-04
6.935192E+03	3.405763E-02	5.666251E-04
6.945128E+03	3.393677E-02	5.653730E-04
6.955063E+03	3.381938E-02	5.640873E-04
6.964999E+03	3.370185E-02	5.627084E-04
6.974935E+03	3.358355E-02	5.612254E-04
6.984871E+03	3.346229E-02	5.596023E-04
6.994807E+03	3.333689E-02	5.578194E-04
7.004742E+03	3.320711E-02	5.558731E-04
7.014678E+03	3.307182E-02	5.537445E-04
7.024614E+03	3.293079E-02	5.514305E-04
7.034550E+03	3.278471E-02	5.489432E-04
7.044486E+03	3.263393E-02	5.462892E-04
7.054421E+03	3.247838E-02	5.434680E-04
7.064357E+03	3.231955E-02	5.405055E-04
7.074293E+03	3.215851E-02	5.374206E-04
7.084229E+03	3.199663E-02	5.342370E-04
7.094165E+03	3.183480E-02	5.309708E-04
7.104100E+03	3.167592E-02	5.276712E-04
7.114036E+03	3.152097E-02	5.243555E-04
7.123972E+03	3.137149E-02	5.210497E-04
7.133908E+03	3.122947E-02	5.177876E-04
7.143844E+03	3.109531E-02	5.145761E-04
7.153779E+03	3.096974E-02	5.114274E-04
7.163715E+03	3.085439E-02	5.083681E-04
7.173651E+03	3.074717E-02	5.053639E-04
7.183587E+03	3.064939E-02	5.024360E-04
7.193523E+03	3.055934E-02	4.995559E-04
7.203458E+03	3.047479E-02	4.966866E-04
7.213394E+03	3.039425E-02	4.938041E-04
7.223330E+03	3.031567E-02	4.908752E-04
7.233266E+03	3.023511E-02	4.878363E-04
7.243202E+03	3.014813E-02	4.846175E-04
7.253137E+03	3.005196E-02	4.811763E-04
7.263073E+03	2.994177E-02	4.774382E-04
7.273009E+03	2.981347E-02	4.733421E-04
7.282945E+03	2.966390E-02	4.688431E-04
7.292881E+03	2.948782E-02	4.638646E-04
7.302817E+03	2.928451E-02	4.584032E-04
7.312752E+03	2.905085E-02	4.524182E-04
7.322688E+03	2.878592E-02	4.459052E-04
7.332624E+03	2.848978E-02	4.388754E-04
7.342560E+03	2.816286E-02	4.313460E-04
7.352496E+03	2.780725E-02	4.233602E-04
7.362431E+03	2.742587E-02	4.149734E-04
7.372367E+03	2.702171E-02	4.062415E-04
7.382303E+03	2.659892E-02	3.972367E-04
7.392239E+03	2.616138E-02	3.880262E-04
7.402175E+03	2.571555E-02	3.787136E-04
7.412110E+03	2.526493E-02	3.693569E-04
7.422046E+03	2.481526E-02	3.600452E-04
7.431982E+03	2.437088E-02	3.508447E-04
7.441918E+03	2.393638E-02	3.418237E-04
7.451854E+03	2.351486E-02	3.330263E-04
7.461789E+03	2.311009E-02	3.245051E-04
7.471725E+03	2.272539E-02	3.163039E-04
7.481661E+03	2.236206E-02	3.084373E-04
7.491597E+03	2.202384E-02	3.009516E-04
7.501533E+03	2.171159E-02	2.938522E-04
7.511468E+03	2.142703E-02	2.871555E-04
7.521404E+03	2.117268E-02	2.808868E-04
7.531340E+03	2.094874E-02	2.750392E-04
7.541276E+03	2.075622E-02	2.696162E-04
7.551212E+03	2.059695E-02	2.646306E-04
7.561147E+03	2.047049E-02	2.600650E-04
7.571083E+03	2.037727E-02	2.559130E-04
7.581019E+03	2.031795E-02	2.521704E-04
7.590955E+03	2.029247E-02	2.488233E-04
7.600891E+03	2.029980E-02	2.458464E-04
7.610826E+03	2.033923E-02	2.432177E-04
7.620762E+03	2.040861E-02	2.408994E-04
7.630698E+03	2.050408E-02	2.388345E-04
7.640634E+03	2.062428E-02	2.369973E-04
7.650570E+03	2.076481E-02	2.353286E-04
7.660505E+03	2.092466E-02	2.338096E-04
7.670441E+03	2.109985E-02	2.323900E-04
7.680377E+03	2.128995E-02	2.310609E-04
7.690313E+03	2.149206E-02	2.297872E-04
7.700249E+03	2.170449E-02	2.285491E-04
7.710184E+03	2.192676E-02	2.273410E-04
7.720120E+03	2.215613E-02	2.261347E-04
7.730056E+03	2.239134E-02	2.249194E-04
7.739992E+03	2.262973E-02	2.236719E-04
7.749928E+03	2.287006E-02	2.223855E-04
7.759864E+03	2.310847E-02	2.210296E-04
7.769799E+03	2.334316E-02	2.195964E-04
7.779735E+03	2.356964E-02	2.180552E-04
7.789671E+03	2.378565E-02	2.163993E-04
7.799607E+03	2.398625E-02	2.146002E-04
7.809543E+03	2.416822E-02	2.126483E-04
7.819478E+03	2.432765E-02	2.105307E-04
7.829414E+03	2.446073E-02	2.082382E-04
7.839350E+03	2.456376E-02	2.057652E-04
7.849286E+03	2.463276E-02	2.031059E-04
7.859222E+03	2.466567E-02	2.002721E-04
7.869157E+03	2.465957E-02	1.972696E-04
7.879093E+03	2.461270E-02	1.941138E-04
7.889029E+03	2.452377E-02	1.908237E-04
7.898965E+03	2.439252E-02	1.874249E-04
7.908901E+03	2.421760E-02	1.839328E-04
7.918836E+03	2.399918E-02	1.803724E-04
7.928772E+03	2.373693E-02	1.767615E-04
7.938708E+03	2.343125E-02	1.731201E-04
7.948644E+03	2.308073E-02	1.694505E-04
7.958580E+03	2.268673E-02	1.657711E-04
7.968515E+03	2.224904E-02	1.620832E-04
7.978451E+03	2.176974E-02	1.583996E-04
7.988387E+03	2.125113E-02	1.547289E-04
7.998323E+03	2.069840E-02	1.510951E-04
8.008259E+03	2.011619E-02	1.475110E-04
8.018194E+03	1.950995E-02	1.439859E-04
8.028130E+03	1.888665E-02	1.405369E-04
8.038066E+03	1.825070E-02	1.371619E-04
8.048002E+03	1.760827E-02	1.338715E-04
8.057938E+03	1.696260E-02	1.306560E-04
8.067873E+03	1.631932E-02	1.275257E-04
8.077809E+03	1.568290E-02	1.244851E-04
8.087745E+03	1.505691E-02	1.215352E-04
8.097681E+03	1.444632E-02	1.186923E-04
8.107617E+03	1.385550E-02	1.159727E-04
8.117552E+03	1.328826E-02	1.133932E-04
8.127488E+03	1.274858E-02	1.109773E-04
8.137424E+03	1.224007E-02	1.087507E-04
8.147360E+03	1.176591E-02	1.067406E-04
8.157296E+03	1.132850E-02	1.049721E-04
8.167232E+03	1.093042E-02	1.034765E-04
8.177167E+03	1.057310E-02	1.022790E-04
8.187103E+03	1.025756E-02	1.014037E-04
8.197039E+03	9.985298E-03	1.008831E-04
8.206975E+03	9.756310E-03	1.007374E-04
8.216911E+03	9.570910E-03	1.009921E-04
8.226846E+03	9.429508E-03	1.016755E-04
8.236782E+03	9.331602E-03	1.028078E-04
8.246718E+03	9.277741E-03	1.044221E-04
8.256654E+03	9.267432E-03	1.065409E-04
8.266590E+03	9.301172E-03	1.091991E-04
8.276525E+03	9.379081E-03	1.124285E-04
8.286461E+03	9.501827E-03	1.162685E-04
8.296397E+03	9.670598E-03	1.207663E-04
8.306333E+03	9.886327E-03	1.259679E-04
8.316269E+03	1.015022E-02	1.319241E-04
8.326204E+03	1.046460E-02	1.387025E-04
8.336140E+03	1.083086E-02	1.463606E-04
8.346076E+03	1.125144E-02	1.549726E-04
8.356012E+03	1.172825E-02	1.646080E-04
8.365948E+03	1.226385E-02	1.753477E-04
8.375883E+03	1.285998E-02	1.872636E-04
8.385819E+03	1.351880E-02	2.004364E-04
8.395755E+03	1.424129E-02	2.149308E-04
8.405691E+03	1.502815E-02	2.308087E-04
8.415627E+03	1.587927E-02	2.481200E-04
8.425562E+03	1.679403E-02	2.669068E-04
8.435498E+03	1.776923E-02	2.871682E-04
8.445434E+03	1.880234E-02	3.089118E-04
8.455370E+03	1.988807E-02	3.320953E-04
8.465306E+03	2.102028E-02	3.566569E-04
8.475241E+03	2.219164E-02	3.825070E-04
8.485177E+03	2.339379E-02	4.095307E-04
8.495113E+03	2.461831E-02	4.376021E-04
8.505049E+03	2.585475E-02	4.665498E-04
8.514985E+03	2.709220E-02	4.961823E-04
8.524920E+03	2.832208E-02	5.263398E-04
8.534856E+03	2.953446E-02	5.568275E-04
8.544792E+03	3.071885E-02	5.874291E-04
8.554728E+03	3.186617E-02	6.179437E-04
8.564664E+03	3.296900E-02	6.481941E-04
8.574600E+03	3.401885E-02	6.779731E-04
8.584535E+03	3.501015E-02	7.071235E-04
8.594471E+03	3.593729E-02	7.354815E-04
8.604407E+03	3.679554E-02	7.628954E-04
8.614343E+03	3.757997E-02	7.892043E-04
8.624279E+03	3.828993E-02	8.143332E-04
8.634214E+03	3.892208E-02	8.381490E-04
8.644150E+03	3.947498E-02	8.605560E-04
8.654086E+03	3.994916E-02	8.815009E-04
8.664022E+03	4.034323E-02	9.008887E-04
8.673958E+03	4.065895E-02	9.186938E-04
8.683893E+03	4.089732E-02	9.348755E-04
8.693829E+03	4.105847E-02	9.493746E-04
8.703765E+03	4.114685E-02	9.622330E-04
8.713701E+03	4.116207E-02	9.733829E-04
8.723637E+03	4.110794E-02	9.828575E-04
8.733572E+03	4.098859E-02	9.907017E-04
8.743508E+03	4.080436E-02	9.968723E-04
8.753444E+03	4.055977E-02	1.001430E-03
8.763380E+03	4.025815E-02	1.004410E-03
8.773316E+03	3.990316E-02	1.005861E-03
8.783251E+03	3.949747E-02	1.005810E-03
8.793187E+03	3.904664E-02	1.004362E-03
8.803123E+03	3.855258E-02	1.001530E-03
8.813059E+03	3.802257E-02	9.974742E-04
8.822995E+03	3.745884E-02	9.922269E-04
8.832930E+03	3.686753E-02	9.859266E-04
8.842866E+03	3.625346E-02	9.786840E-04
8.852802E+03	3.562132E-02	9.706102E-04
8.862738E+03	3.497443E-02	9.617844E-04
8.872674E+03	3.431947E-02	9.523819E-04
8.882609E+03	3.365916E-02	9.424742E-04
8.892545E+03	3.299822E-02	9.321918E-04
8.902481E+03	3.233859E-02	9.215910E-04
8.912417E+03	3.168408E-02	9.107836E-04
8.922353E+03	3.103685E-02	8.998373E-04
8.932288E+03	3.039752E-02	8.887772E-04
8.942224E+03	2.976846E-02	8.776804E-04
8.981968E+03	2.736755E-02	8.334901E-04
9.021711E+03	2.514619E-02	7.899271E-04
9.061454E+03	2.307110E-02	7.465169E-04
9.101197E+03	2.110204E-02	7.024176E-04
9.140940E+03	1.922163E-02	6.574120E-04
9.180684E+03	1.743756E-02	6.120927E-04
9.220427E+03	1.578737E-02	5.681485E-04
9.260170E+03	1.432366E-02	5.279453E-04
9.299913E+03	1.308610E-02	4.935315E-04
9.339656E+03	1.208913E-02	4.660992E-04
9.379400E+03	1.131895E-02	4.457565E-04
9.419143E+03	1.075120E-02	4.321209E-04
9.458886E+03	1.035347E-02	4.243833E-04
9.498629E+03	1.009313E-02	4.216044E-04
9.538373E+03	9.935028E-03	4.226237E-04
9.578116E+03	9.844919E-03	4.262020E-04
9.617859E+03	9.788587E-03	4.309912E-04
9.657602E+03	9.735999E-03	4.357256E-04
9.697345E+03	9.665219E-03	4.394196E-04
9.737089E+03	9.565196E-03	4.415285E-04
9.776832E+03	9.432940E-03	4.418567E-04
9.816575E+03	9.273130E-03	4.405676E-04
9.856318E+03	9.094266E-03	4.380232E-04
9.896062E+03	8.906056E-03	4.346686E-04
9.935805E+03	8.716972E-03	4.309137E-04
9.975548E+03	8.531505E-03	4.269907E-04
1.001529E+04	8.352217E-03	4.230445E-04
1.005503E+04	8.179167E-03	4.190978E-04
1.009478E+04	8.013419E-03	4.152248E-04
1.013452E+04	7.855155E-03	4.114554E-04
1.017426E+04	7.705094E-03	4.078474E-04
1.021401E+04	7.563093E-03	4.044139E-04
1.025375E+04	7.428106E-03	4.011177E-04
