#wls	flux	fluxerr
1.598715E+03	4.638299E-16	2.852850E-17
1.638682E+03	6.620365E-16	3.905586E-17
1.678650E+03	9.575842E-16	5.407349E-17
1.718618E+03	1.400189E-15	7.551908E-17
1.758586E+03	2.061431E-15	1.059487E-16
1.798554E+03	3.036545E-15	1.483501E-16
1.838522E+03	4.433707E-15	2.053543E-16
1.878490E+03	6.346066E-15	2.778664E-16
1.918458E+03	8.788954E-15	3.626948E-16
1.958425E+03	1.160974E-14	4.500751E-16
1.998393E+03	1.438122E-14	5.219231E-16
2.038361E+03	1.638457E-14	5.546114E-16
2.078329E+03	1.691080E-14	5.318208E-16
2.118297E+03	1.600938E-14	4.658571E-16
2.158265E+03	1.483665E-14	3.978104E-16
2.198233E+03	1.431335E-14	3.521583E-16
2.238200E+03	1.464941E-14	3.294353E-16
2.278168E+03	1.554785E-14	3.185099E-16
2.318136E+03	1.696322E-14	3.158612E-16
2.358104E+03	1.888360E-14	3.194927E-16
2.398072E+03	2.123473E-14	3.272853E-16
2.438040E+03	2.542055E-14	3.592824E-16
2.478008E+03	3.525461E-14	4.616222E-16
2.517976E+03	5.763313E-14	7.070204E-16
2.557943E+03	9.949306E-14	1.156348E-15
2.597911E+03	1.446516E-13	1.610002E-15
2.637879E+03	1.419444E-13	1.529035E-15
2.677847E+03	1.159367E-13	1.222191E-15
2.717815E+03	1.107136E-13	1.156409E-15
2.757783E+03	1.303861E-13	1.367314E-15
2.797751E+03	1.743202E-13	1.861831E-15
2.837718E+03	2.449495E-13	2.707047E-15
2.877686E+03	3.405431E-13	3.960530E-15
2.917654E+03	4.392704E-13	5.464880E-15
2.957622E+03	5.008322E-13	6.742859E-15
2.997590E+03	5.075919E-13	7.439973E-15
3.007582E+03	5.033532E-13	7.539398E-15
3.017574E+03	4.980309E-13	7.623471E-15
3.027566E+03	4.922795E-13	7.700998E-15
3.037558E+03	4.867124E-13	7.781002E-15
3.047550E+03	4.818212E-13	7.871385E-15
3.057542E+03	4.780027E-13	7.979188E-15
3.067534E+03	4.755318E-13	8.109998E-15
3.077526E+03	4.745259E-13	8.267109E-15
3.087518E+03	4.749699E-13	8.451693E-15
3.097510E+03	4.767186E-13	8.662590E-15
3.107502E+03	4.794352E-13	8.894913E-15
3.117494E+03	4.826774E-13	9.141299E-15
3.127486E+03	4.858808E-13	9.391363E-15
3.137477E+03	4.884564E-13	9.633365E-15
3.147469E+03	4.897481E-13	9.853287E-15
3.157461E+03	4.891984E-13	1.003807E-14
3.167453E+03	4.863731E-13	1.017631E-14
3.177445E+03	4.809920E-13	1.025917E-14
3.187437E+03	4.729462E-13	1.028103E-14
3.197429E+03	4.623651E-13	1.024136E-14
3.207421E+03	4.495013E-13	1.014256E-14
3.217413E+03	4.347583E-13	9.990929E-15
3.227405E+03	4.186003E-13	9.794813E-15
3.237397E+03	4.015316E-13	9.564293E-15
3.247389E+03	3.840257E-13	9.309547E-15
3.257381E+03	3.665006E-13	9.040191E-15
3.267373E+03	3.492937E-13	8.764534E-15
3.277365E+03	3.326724E-13	8.489684E-15
3.287357E+03	3.168172E-13	8.220965E-15
3.297349E+03	3.018336E-13	7.962048E-15
3.307341E+03	2.877801E-13	7.715533E-15
3.317333E+03	2.746603E-13	7.482650E-15
3.327325E+03	2.624575E-13	7.264072E-15
3.337317E+03	2.511282E-13	7.059712E-15
3.347309E+03	2.406240E-13	6.869271E-15
3.357301E+03	2.308939E-13	6.692297E-15
3.367293E+03	2.218882E-13	6.528289E-15
3.377285E+03	2.135609E-13	6.376772E-15
3.387277E+03	2.058683E-13	6.237264E-15
3.397269E+03	1.987789E-13	6.109592E-15
3.407261E+03	1.922576E-13	5.993420E-15
3.417253E+03	1.862868E-13	5.888905E-15
3.427244E+03	1.808431E-13	5.796001E-15
3.437236E+03	1.759122E-13	5.714913E-15
3.447228E+03	1.714828E-13	5.645919E-15
3.457220E+03	1.675413E-13	5.589209E-15
3.467212E+03	1.640753E-13	5.544990E-15
3.477204E+03	1.610565E-13	5.512895E-15
3.487196E+03	1.584340E-13	5.491737E-15
3.497188E+03	1.561484E-13	5.479928E-15
3.507180E+03	1.541370E-13	5.475668E-15
3.517172E+03	1.523436E-13	5.477280E-15
3.527164E+03	1.507084E-13	5.482859E-15
3.537156E+03	1.491851E-13	5.490889E-15
3.547148E+03	1.477295E-13	5.499865E-15
3.557140E+03	1.463075E-13	5.508578E-15
3.567132E+03	1.448884E-13	5.515888E-15
3.577124E+03	1.434504E-13	5.520963E-15
3.587116E+03	1.419837E-13	5.523385E-15
3.597108E+03	1.404780E-13	5.522710E-15
3.607100E+03	1.389353E-13	5.518966E-15
3.617092E+03	1.373600E-13	5.512288E-15
3.627084E+03	1.357594E-13	5.502923E-15
3.637076E+03	1.341457E-13	5.491344E-15
3.647068E+03	1.325359E-13	5.478241E-15
3.657060E+03	1.309465E-13	5.464304E-15
3.667052E+03	1.293987E-13	5.450460E-15
3.677044E+03	1.279094E-13	5.437481E-15
3.687036E+03	1.264996E-13	5.426330E-15
3.697028E+03	1.251877E-13	5.417906E-15
3.707020E+03	1.239918E-13	5.413118E-15
3.717012E+03	1.229259E-13	5.412711E-15
3.727003E+03	1.220041E-13	5.417461E-15
3.736995E+03	1.212357E-13	5.427952E-15
3.746987E+03	1.206288E-13	5.444709E-15
3.756979E+03	1.201875E-13	5.468099E-15
3.766971E+03	1.199135E-13	5.498379E-15
3.776963E+03	1.198046E-13	5.535619E-15
3.786955E+03	1.198561E-13	5.579768E-15
3.796947E+03	1.200633E-13	5.630764E-15
3.806939E+03	1.204131E-13	5.688144E-15
3.816931E+03	1.208946E-13	5.751522E-15
3.826923E+03	1.214938E-13	5.820344E-15
3.836915E+03	1.221909E-13	5.893762E-15
3.846907E+03	1.229665E-13	5.970917E-15
3.856899E+03	1.238003E-13	6.050869E-15
3.866891E+03	1.246694E-13	6.132536E-15
3.876883E+03	1.255500E-13	6.214755E-15
3.886875E+03	1.264167E-13	6.296261E-15
3.896867E+03	1.272466E-13	6.375862E-15
3.906859E+03	1.280159E-13	6.452319E-15
3.916851E+03	1.287022E-13	6.524429E-15
3.926843E+03	1.292845E-13	6.591027E-15
3.936835E+03	1.297438E-13	6.651040E-15
3.946827E+03	1.300647E-13	6.703560E-15
3.956819E+03	1.302333E-13	6.747741E-15
3.966811E+03	1.302372E-13	6.782810E-15
3.976803E+03	1.300706E-13	6.808327E-15
3.986795E+03	1.297271E-13	6.823816E-15
3.996787E+03	1.292056E-13	6.829081E-15
4.006779E+03	1.285061E-13	6.824003E-15
4.016771E+03	1.276304E-13	6.808540E-15
4.026762E+03	1.265859E-13	6.782977E-15
4.036754E+03	1.253783E-13	6.747516E-15
4.046746E+03	1.240177E-13	6.702600E-15
4.056738E+03	1.225147E-13	6.648717E-15
4.066730E+03	1.208811E-13	6.586435E-15
4.076722E+03	1.191299E-13	6.516408E-15
4.086714E+03	1.172765E-13	6.439424E-15
4.096706E+03	1.153346E-13	6.356204E-15
4.106698E+03	1.133197E-13	6.267583E-15
4.116690E+03	1.112497E-13	6.174542E-15
4.126682E+03	1.091389E-13	6.077864E-15
4.136674E+03	1.070042E-13	5.978515E-15
4.146666E+03	1.048616E-13	5.877407E-15
4.156658E+03	1.027270E-13	5.775457E-15
4.166650E+03	1.006156E-13	5.673566E-15
4.176642E+03	9.854247E-14	5.572628E-15
4.186634E+03	9.652201E-14	5.473507E-15
4.196626E+03	9.456814E-14	5.377053E-15
4.206618E+03	9.269417E-14	5.284083E-15
4.216610E+03	9.091282E-14	5.195390E-15
4.226602E+03	8.923535E-14	5.111686E-15
4.236594E+03	8.767301E-14	5.033685E-15
4.246586E+03	8.623714E-14	4.962107E-15
4.256578E+03	8.493737E-14	4.897581E-15
4.266570E+03	8.378101E-14	4.840598E-15
4.276562E+03	8.277659E-14	4.791719E-15
4.286554E+03	8.193092E-14	4.751406E-15
4.296546E+03	8.124987E-14	4.720064E-15
4.306538E+03	8.073781E-14	4.698007E-15
4.316530E+03	8.039760E-14	4.685460E-15
4.326521E+03	8.023304E-14	4.682697E-15
4.336513E+03	8.024378E-14	4.689745E-15
4.346505E+03	8.043131E-14	4.706734E-15
4.356497E+03	8.079483E-14	4.733655E-15
4.366489E+03	8.133316E-14	4.770472E-15
4.376481E+03	8.204355E-14	4.817048E-15
4.386473E+03	8.292309E-14	4.873233E-15
4.396465E+03	8.396719E-14	4.938772E-15
4.406457E+03	8.517175E-14	5.013433E-15
4.416449E+03	8.652990E-14	5.096814E-15
4.426441E+03	8.803323E-14	5.188418E-15
4.436433E+03	8.967321E-14	5.287735E-15
4.446425E+03	9.143797E-14	5.394054E-15
4.456417E+03	9.331426E-14	5.506574E-15
4.466409E+03	9.528752E-14	5.624417E-15
4.476401E+03	9.733877E-14	5.746437E-15
4.486393E+03	9.944963E-14	5.871522E-15
4.496385E+03	1.015991E-13	5.998401E-15
4.506377E+03	1.037641E-13	6.125679E-15
4.516369E+03	1.059214E-13	6.251959E-15
4.526361E+03	1.080475E-13	6.375821E-15
4.536353E+03	1.101187E-13	6.495840E-15
4.546345E+03	1.121123E-13	6.610644E-15
4.556337E+03	1.140052E-13	6.718859E-15
4.566329E+03	1.157762E-13	6.819213E-15
4.576321E+03	1.174095E-13	6.910761E-15
4.586313E+03	1.188873E-13	6.992464E-15
4.596305E+03	1.201966E-13	7.063544E-15
4.606297E+03	1.213294E-13	7.123553E-15
4.616289E+03	1.222810E-13	7.172218E-15
4.626280E+03	1.230467E-13	7.209287E-15
4.636272E+03	1.236328E-13	7.235159E-15
4.646264E+03	1.240410E-13	7.249959E-15
4.656256E+03	1.242835E-13	7.254437E-15
4.666248E+03	1.243718E-13	7.249304E-15
4.676240E+03	1.243201E-13	7.235423E-15
4.686232E+03	1.241445E-13	7.213772E-15
4.696224E+03	1.238627E-13	7.185409E-15
4.706216E+03	1.234956E-13	7.151589E-15
4.716208E+03	1.230614E-13	7.113402E-15
4.726200E+03	1.225799E-13	7.072005E-15
4.736192E+03	1.220716E-13	7.028622E-15
4.746184E+03	1.215535E-13	6.984234E-15
4.756176E+03	1.210478E-13	6.940132E-15
4.766168E+03	1.205685E-13	6.897124E-15
4.776160E+03	1.201350E-13	6.856320E-15
4.786152E+03	1.197632E-13	6.818604E-15
4.796144E+03	1.194653E-13	6.784661E-15
4.806136E+03	1.192564E-13	6.755317E-15
4.816128E+03	1.191504E-13	6.731331E-15
4.826120E+03	1.191570E-13	6.713199E-15
4.836112E+03	1.192883E-13	6.701556E-15
4.846104E+03	1.195540E-13	6.696887E-15
4.856096E+03	1.199618E-13	6.699552E-15
4.866088E+03	1.205192E-13	6.709902E-15
4.876080E+03	1.212333E-13	6.728248E-15
4.886072E+03	1.221076E-13	6.754690E-15
4.896064E+03	1.231467E-13	6.789388E-15
4.906056E+03	1.243499E-13	6.832207E-15
4.916047E+03	1.257189E-13	6.883141E-15
4.926039E+03	1.272539E-13	6.942075E-15
4.936031E+03	1.289520E-13	7.008757E-15
4.946023E+03	1.308129E-13	7.083043E-15
4.956015E+03	1.328322E-13	7.164586E-15
4.966007E+03	1.350075E-13	7.253131E-15
4.975999E+03	1.373323E-13	7.348213E-15
4.985991E+03	1.397999E-13	7.449354E-15
4.995983E+03	1.424000E-13	7.555890E-15
5.005975E+03	1.451244E-13	7.667276E-15
5.015967E+03	1.479566E-13	7.782525E-15
5.025959E+03	1.508792E-13	7.900631E-15
5.035951E+03	1.538736E-13	8.020533E-15
5.045943E+03	1.569148E-13	8.140851E-15
5.055935E+03	1.599755E-13	8.260115E-15
5.065927E+03	1.630256E-13	8.376738E-15
5.075919E+03	1.660322E-13	8.489014E-15
5.085911E+03	1.689584E-13	8.595081E-15
5.095903E+03	1.717679E-13	8.693139E-15
5.105895E+03	1.744259E-13	8.781500E-15
5.115887E+03	1.768935E-13	8.858316E-15
5.125879E+03	1.791411E-13	8.922252E-15
5.135871E+03	1.811334E-13	8.971720E-15
5.145863E+03	1.828496E-13	9.005891E-15
5.155855E+03	1.842690E-13	9.023980E-15
5.165847E+03	1.853796E-13	9.025640E-15
5.175839E+03	1.861776E-13	9.010952E-15
5.185831E+03	1.866657E-13	8.980313E-15
5.195823E+03	1.868572E-13	8.934631E-15
5.205815E+03	1.867741E-13	8.875219E-15
5.215806E+03	1.864528E-13	8.804054E-15
5.225798E+03	1.859288E-13	8.723023E-15
5.235790E+03	1.852548E-13	8.634781E-15
5.245782E+03	1.844875E-13	8.542102E-15
5.255774E+03	1.836861E-13	8.447810E-15
5.265766E+03	1.829067E-13	8.354514E-15
5.275758E+03	1.822095E-13	8.264939E-15
5.285750E+03	1.816439E-13	8.181249E-15
5.295742E+03	1.812491E-13	8.105080E-15
5.305734E+03	1.810530E-13	8.037514E-15
5.315726E+03	1.810754E-13	7.979248E-15
5.325718E+03	1.813145E-13	7.929991E-15
5.335710E+03	1.817616E-13	7.889153E-15
5.345702E+03	1.823989E-13	7.855775E-15
5.355694E+03	1.832056E-13	7.828777E-15
5.365686E+03	1.841506E-13	7.806670E-15
5.375678E+03	1.852133E-13	7.788449E-15
5.385670E+03	1.863777E-13	7.773335E-15
5.395662E+03	1.876362E-13	7.760896E-15
5.405654E+03	1.889870E-13	7.750975E-15
5.415646E+03	1.904500E-13	7.744277E-15
5.425638E+03	1.920593E-13	7.742056E-15
5.435630E+03	1.938593E-13	7.745939E-15
5.445622E+03	1.959293E-13	7.758854E-15
5.455614E+03	1.983544E-13	7.783851E-15
5.465606E+03	2.012126E-13	7.823582E-15
5.475598E+03	2.045607E-13	7.879748E-15
5.485590E+03	2.084229E-13	7.952728E-15
5.495582E+03	2.128059E-13	8.042163E-15
5.505574E+03	2.176711E-13	8.145997E-15
5.515565E+03	2.229577E-13	8.261389E-15
5.525557E+03	2.285749E-13	8.384489E-15
5.535549E+03	2.344224E-13	8.511222E-15
5.545541E+03	2.403823E-13	8.637036E-15
5.555533E+03	2.463386E-13	8.757607E-15
5.565525E+03	2.521709E-13	8.868638E-15
5.575517E+03	2.577678E-13	8.966325E-15
5.585509E+03	2.630234E-13	9.047232E-15
5.595501E+03	2.678553E-13	9.108883E-15
5.605493E+03	2.721890E-13	9.149201E-15
5.615485E+03	2.759728E-13	9.166997E-15
5.625477E+03	2.791780E-13	9.161926E-15
5.635469E+03	2.817937E-13	9.134272E-15
5.645461E+03	2.838311E-13	9.085055E-15
5.655453E+03	2.853167E-13	9.015779E-15
5.665445E+03	2.863001E-13	8.928632E-15
5.675437E+03	2.868467E-13	8.826211E-15
5.685429E+03	2.870340E-13	8.711392E-15
5.695421E+03	2.869496E-13	8.587231E-15
5.705413E+03	2.866878E-13	8.456832E-15
5.715405E+03	2.863545E-13	8.323489E-15
5.725397E+03	2.860445E-13	8.189992E-15
5.735389E+03	2.858607E-13	8.059210E-15
5.745381E+03	2.858953E-13	7.933513E-15
5.755373E+03	2.862288E-13	7.814802E-15
5.765365E+03	2.869366E-13	7.704686E-15
5.775357E+03	2.880771E-13	7.604181E-15
5.785349E+03	2.896885E-13	7.513664E-15
5.795341E+03	2.917963E-13	7.433114E-15
5.805333E+03	2.944110E-13	7.362070E-15
5.815324E+03	2.975136E-13	7.299328E-15
5.825316E+03	3.010793E-13	7.243558E-15
5.835308E+03	3.050606E-13	7.192945E-15
5.845300E+03	3.093939E-13	7.145380E-15
5.855292E+03	3.140031E-13	7.098593E-15
5.865284E+03	3.187841E-13	7.049839E-15
5.875276E+03	3.236294E-13	6.996506E-15
5.885268E+03	3.284021E-13	6.935581E-15
5.895260E+03	3.329475E-13	6.863966E-15
5.905252E+03	3.370908E-13	6.778481E-15
5.915244E+03	3.406348E-13	6.675887E-15
5.925236E+03	3.433601E-13	6.552942E-15
5.935228E+03	3.450188E-13	6.406352E-15
5.945220E+03	3.453574E-13	6.233276E-15
5.955212E+03	3.441137E-13	6.031275E-15
5.965204E+03	3.410334E-13	5.798636E-15
5.975196E+03	3.358859E-13	5.534607E-15
5.985188E+03	3.284992E-13	5.239893E-15
5.995180E+03	3.187625E-13	4.916533E-15
6.005172E+03	3.067053E-13	4.568906E-15
6.015164E+03	2.924733E-13	4.203007E-15
6.025156E+03	2.763574E-13	3.826519E-15
6.035148E+03	2.587950E-13	3.448425E-15
6.045140E+03	2.403610E-13	3.078512E-15
6.055132E+03	2.216848E-13	2.725973E-15
6.065124E+03	2.034096E-13	2.398811E-15
6.075116E+03	1.862059E-13	2.103976E-15
6.085108E+03	1.706285E-13	1.845811E-15
6.095100E+03	1.571251E-13	1.626497E-15
6.105092E+03	1.460722E-13	1.446756E-15
6.115083E+03	1.377473E-13	1.305869E-15
6.125075E+03	1.323344E-13	1.202094E-15
6.135067E+03	1.299652E-13	1.133366E-15
6.145059E+03	1.307950E-13	1.098227E-15
6.155051E+03	1.349832E-13	1.095834E-15
6.165043E+03	1.425825E-13	1.125331E-15
6.175035E+03	1.535967E-13	1.186639E-15
6.185027E+03	1.679999E-13	1.280785E-15
6.195019E+03	1.856408E-13	1.409250E-15
6.205011E+03	2.061527E-13	1.573187E-15
6.215003E+03	2.288734E-13	1.772202E-15
6.224995E+03	2.528247E-13	2.003395E-15
6.234987E+03	2.767772E-13	2.261030E-15
6.244979E+03	2.995148E-13	2.537692E-15
6.254971E+03	3.201266E-13	2.826232E-15
6.264963E+03	3.379905E-13	3.119765E-15
6.274955E+03	3.527558E-13	3.411962E-15
6.284947E+03	3.642872E-13	3.697143E-15
6.294939E+03	3.726491E-13	3.970763E-15
6.304931E+03	3.780639E-13	4.229642E-15
6.314923E+03	3.808371E-13	4.471679E-15
6.324915E+03	3.813222E-13	4.695819E-15
6.334907E+03	3.799075E-13	4.902146E-15
6.344899E+03	3.769599E-13	5.091327E-15
6.354891E+03	3.728122E-13	5.264437E-15
6.364883E+03	3.677801E-13	5.423159E-15
6.374875E+03	3.621183E-13	5.569086E-15
6.384867E+03	3.560409E-13	5.703864E-15
6.394859E+03	3.497244E-13	5.829132E-15
6.404851E+03	3.433132E-13	5.946496E-15
6.414842E+03	3.369062E-13	6.057173E-15
6.424834E+03	3.305912E-13	6.162491E-15
6.434826E+03	3.244215E-13	6.263393E-15
6.444818E+03	3.184326E-13	6.360648E-15
6.454810E+03	3.126516E-13	6.454976E-15
6.464802E+03	3.070877E-13	6.546829E-15
6.474794E+03	3.017469E-13	6.636628E-15
6.484786E+03	2.966150E-13	6.724385E-15
6.494778E+03	2.916904E-13	6.810377E-15
6.504770E+03	2.869592E-13	6.894603E-15
6.514762E+03	2.824014E-13	6.976885E-15
6.524754E+03	2.780042E-13	7.057180E-15
6.534746E+03	2.737502E-13	7.135311E-15
6.544738E+03	2.696232E-13	7.211081E-15
6.554730E+03	2.656072E-13	7.284273E-15
6.564722E+03	2.616924E-13	7.354798E-15
6.574714E+03	2.578622E-13	7.422355E-15
6.584706E+03	2.541057E-13	7.486770E-15
6.594698E+03	2.504184E-13	7.548031E-15
6.604690E+03	2.467931E-13	7.606041E-15
6.614682E+03	2.432202E-13	7.660607E-15
6.624674E+03	2.396999E-13	7.711827E-15
6.634666E+03	2.362257E-13	7.759587E-15
6.644658E+03	2.328038E-13	7.804181E-15
6.654650E+03	2.294261E-13	7.845429E-15
6.664642E+03	2.260934E-13	7.883447E-15
6.674634E+03	2.228110E-13	7.918509E-15
6.684626E+03	2.195808E-13	7.950784E-15
6.694618E+03	2.164019E-13	7.980347E-15
6.704609E+03	2.132775E-13	8.007422E-15
6.714601E+03	2.102150E-13	8.032400E-15
6.724593E+03	2.072147E-13	8.055423E-15
6.734585E+03	2.042840E-13	8.076911E-15
6.744577E+03	2.014197E-13	8.096878E-15
6.754569E+03	1.986331E-13	8.115923E-15
6.764561E+03	1.959203E-13	8.134044E-15
6.774553E+03	1.932917E-13	8.151837E-15
6.784545E+03	1.907437E-13	8.169313E-15
6.794537E+03	1.882822E-13	8.186895E-15
6.804529E+03	1.859097E-13	8.204868E-15
6.814521E+03	1.836249E-13	8.223364E-15
6.824513E+03	1.814332E-13	8.242800E-15
6.834505E+03	1.793326E-13	8.263267E-15
6.844497E+03	1.773275E-13	8.285163E-15
6.854489E+03	1.754115E-13	8.308377E-15
6.864481E+03	1.735911E-13	8.333394E-15
6.874473E+03	1.718625E-13	8.360218E-15
6.884465E+03	1.702236E-13	8.388935E-15
6.894457E+03	1.686688E-13	8.419440E-15
6.904449E+03	1.672015E-13	8.452071E-15
6.914441E+03	1.658081E-13	8.486301E-15
6.924433E+03	1.644933E-13	8.522519E-15
6.934425E+03	1.632456E-13	8.560284E-15
6.944417E+03	1.620593E-13	8.599416E-15
6.954409E+03	1.609315E-13	8.639879E-15
6.964401E+03	1.598533E-13	8.681309E-15
6.974393E+03	1.588183E-13	8.723452E-15
6.984385E+03	1.578207E-13	8.766065E-15
6.994377E+03	1.568545E-13	8.808891E-15
7.004368E+03	1.559138E-13	8.851650E-15
7.014360E+03	1.549895E-13	8.893872E-15
7.024352E+03	1.540820E-13	8.935622E-15
7.034344E+03	1.531764E-13	8.976054E-15
7.044336E+03	1.522762E-13	9.015386E-15
7.054328E+03	1.513668E-13	9.052758E-15
7.064320E+03	1.504488E-13	9.088196E-15
7.074312E+03	1.495143E-13	9.121210E-15
7.084304E+03	1.485588E-13	9.151486E-15
7.094296E+03	1.475808E-13	9.178908E-15
7.104288E+03	1.465705E-13	9.202828E-15
7.114280E+03	1.455277E-13	9.223178E-15
7.124272E+03	1.444467E-13	9.239540E-15
7.134264E+03	1.433283E-13	9.251907E-15
7.144256E+03	1.421709E-13	9.260114E-15
7.154248E+03	1.409707E-13	9.263847E-15
7.164240E+03	1.397301E-13	9.263204E-15
7.174232E+03	1.384434E-13	9.257738E-15
7.184224E+03	1.371170E-13	9.247814E-15
7.194216E+03	1.357493E-13	9.233254E-15
7.204208E+03	1.343390E-13	9.213914E-15
7.214200E+03	1.328913E-13	9.190078E-15
7.224192E+03	1.314084E-13	9.161866E-15
7.234184E+03	1.298909E-13	9.129247E-15
7.244176E+03	1.283421E-13	9.092417E-15
7.254168E+03	1.267659E-13	9.051617E-15
7.264160E+03	1.251666E-13	9.007110E-15
7.274152E+03	1.235489E-13	8.959214E-15
7.284144E+03	1.219126E-13	8.907897E-15
7.294136E+03	1.202682E-13	8.853908E-15
7.304127E+03	1.186189E-13	8.797477E-15
7.314119E+03	1.169678E-13	8.738848E-15
7.324111E+03	1.153235E-13	8.678676E-15
7.334103E+03	1.136874E-13	8.617078E-15
7.344095E+03	1.120655E-13	8.554549E-15
7.354087E+03	1.104644E-13	8.491622E-15
7.364079E+03	1.088877E-13	8.428620E-15
7.374071E+03	1.073439E-13	8.366259E-15
7.384063E+03	1.058323E-13	8.304547E-15
7.394055E+03	1.043633E-13	8.244360E-15
7.404047E+03	1.029380E-13	8.185876E-15
7.414039E+03	1.015644E-13	8.129800E-15
7.424031E+03	1.002453E-13	8.076459E-15
7.434023E+03	9.898568E-14	8.026343E-15
7.444015E+03	9.779232E-14	7.980111E-15
7.454007E+03	9.666710E-14	7.938026E-15
7.463999E+03	9.561986E-14	7.901014E-15
7.473991E+03	9.464952E-14	7.869113E-15
7.483983E+03	9.376248E-14	7.842982E-15
7.493975E+03	9.295848E-14	7.822733E-15
7.503967E+03	9.224483E-14	7.809116E-15
7.513959E+03	9.161991E-14	7.802134E-15
7.523951E+03	9.108365E-14	7.801918E-15
7.533943E+03	9.063756E-14	7.808737E-15
7.543935E+03	9.028058E-14	7.822634E-15
7.553927E+03	9.001525E-14	7.843967E-15
7.563919E+03	8.983579E-14	7.872367E-15
7.573911E+03	8.974190E-14	7.907934E-15
7.583903E+03	8.973291E-14	7.950735E-15
7.593895E+03	8.980378E-14	8.000446E-15
7.603886E+03	8.995291E-14	8.057040E-15
7.613878E+03	9.017428E-14	8.120084E-15
7.623870E+03	9.046735E-14	8.189634E-15
7.633862E+03	9.082276E-14	8.264941E-15
7.643854E+03	9.123872E-14	8.345925E-15
7.653846E+03	9.170464E-14	8.431698E-15
7.663838E+03	9.221736E-14	8.522034E-15
7.673830E+03	9.276489E-14	8.615883E-15
7.683822E+03	9.334322E-14	8.712917E-15
7.693814E+03	9.394159E-14	8.812165E-15
7.703806E+03	9.455106E-14	8.912810E-15
7.713798E+03	9.516258E-14	9.014005E-15
7.723790E+03	9.576690E-14	9.114868E-15
7.733782E+03	9.635475E-14	9.214502E-15
7.743774E+03	9.691473E-14	9.311785E-15
7.753766E+03	9.744226E-14	9.406233E-15
7.763758E+03	9.792396E-14	9.496503E-15
7.773750E+03	9.835152E-14	9.581720E-15
7.783742E+03	9.871903E-14	9.661232E-15
7.793734E+03	9.901686E-14	9.734011E-15
7.803726E+03	9.923815E-14	9.799285E-15
7.813718E+03	9.937449E-14	9.856119E-15
7.823710E+03	9.942301E-14	9.904116E-15
7.833702E+03	9.937720E-14	9.942509E-15
7.843694E+03	9.923130E-14	9.970599E-15
7.853686E+03	9.898532E-14	9.988259E-15
7.863678E+03	9.863335E-14	9.994762E-15
7.873670E+03	9.817741E-14	9.990184E-15
7.883662E+03	9.761599E-14	9.974239E-15
7.893654E+03	9.694860E-14	9.946748E-15
7.903645E+03	9.617800E-14	9.907867E-15
7.913637E+03	9.530340E-14	9.857391E-15
7.923629E+03	9.432949E-14	9.795681E-15
7.933621E+03	9.326406E-14	9.723434E-15
7.943613E+03	9.210653E-14	9.640482E-15
7.953605E+03	9.086838E-14	9.547928E-15
7.963597E+03	8.955263E-14	9.445997E-15
7.973589E+03	8.817167E-14	9.335916E-15
7.983581E+03	8.673371E-14	9.218490E-15
7.993573E+03	8.524722E-14	9.094559E-15
8.003565E+03	8.372289E-14	8.965222E-15
8.013557E+03	8.217342E-14	8.831807E-15
8.023549E+03	8.060511E-14	8.694974E-15
8.033541E+03	7.902826E-14	8.555825E-15
8.043533E+03	7.745284E-14	8.415444E-15
8.053525E+03	7.588848E-14	8.274891E-15
8.063517E+03	7.434247E-14	8.134989E-15
8.073509E+03	7.282185E-14	7.996539E-15
8.083501E+03	7.133513E-14	7.860519E-15
8.093493E+03	6.988679E-14	7.727471E-15
8.103485E+03	6.848643E-14	7.598515E-15
8.113477E+03	6.713965E-14	7.474334E-15
8.123469E+03	6.584996E-14	7.355392E-15
8.133461E+03	6.462408E-14	7.242511E-15
8.143453E+03	6.346663E-14	7.136293E-15
8.153445E+03	6.238194E-14	7.037306E-15
8.163437E+03	6.137393E-14	6.946081E-15
8.173429E+03	6.044622E-14	6.863121E-15
8.183421E+03	5.960206E-14	6.788889E-15
8.193412E+03	5.884591E-14	6.723992E-15
8.203404E+03	5.817707E-14	6.668447E-15
8.213396E+03	5.760081E-14	6.622959E-15
8.223388E+03	5.711732E-14	6.587654E-15
8.233380E+03	5.672949E-14	6.562967E-15
8.243372E+03	5.643521E-14	6.548757E-15
8.253364E+03	5.623673E-14	6.545387E-15
8.263356E+03	5.613589E-14	6.553174E-15
8.273348E+03	5.612958E-14	6.571855E-15
8.283340E+03	5.622061E-14	6.601861E-15
8.293332E+03	5.640518E-14	6.642844E-15
8.303324E+03	5.668386E-14	6.694965E-15
8.313316E+03	5.705534E-14	6.758165E-15
8.323308E+03	5.751626E-14	6.832139E-15
8.333300E+03	5.806611E-14	6.916913E-15
8.343292E+03	5.870071E-14	7.012074E-15
8.353284E+03	5.941865E-14	7.117537E-15
8.363276E+03	6.021644E-14	7.232960E-15
8.373268E+03	6.108660E-14	7.357518E-15
8.383260E+03	6.202791E-14	7.491131E-15
8.393252E+03	6.303341E-14	7.633021E-15
8.403244E+03	6.409729E-14	7.782540E-15
8.413236E+03	6.521314E-14	7.938960E-15
8.423228E+03	6.637396E-14	8.101472E-15
8.433220E+03	6.757226E-14	8.269193E-15
8.443212E+03	6.879797E-14	8.440921E-15
8.453204E+03	7.004455E-14	8.615870E-15
8.463196E+03	7.130103E-14	8.792703E-15
8.473188E+03	7.256026E-14	8.970537E-15
8.483180E+03	7.381284E-14	9.148204E-15
8.493171E+03	7.504481E-14	9.323959E-15
8.503163E+03	7.625092E-14	9.497122E-15
8.513155E+03	7.741712E-14	9.665911E-15
8.523147E+03	7.853864E-14	9.829686E-15
8.533139E+03	7.960182E-14	9.986687E-15
8.543131E+03	8.060037E-14	1.013607E-14
8.553123E+03	8.152625E-14	1.027675E-14
8.563115E+03	8.236956E-14	1.040742E-14
8.573107E+03	8.312604E-14	1.052745E-14
8.583099E+03	8.378471E-14	1.063538E-14
8.593091E+03	8.434553E-14	1.073110E-14
8.603083E+03	8.480182E-14	1.081369E-14
8.613075E+03	8.515035E-14	1.088263E-14
8.623067E+03	8.538623E-14	1.093720E-14
8.633059E+03	8.551347E-14	1.097783E-14
8.643051E+03	8.552383E-14	1.100335E-14
8.653043E+03	8.542325E-14	1.101445E-14
8.663035E+03	8.521064E-14	1.101087E-14
8.673027E+03	8.488579E-14	1.099251E-14
8.683019E+03	8.445730E-14	1.096039E-14
8.693011E+03	8.392385E-14	1.091425E-14
8.703003E+03	8.329283E-14	1.085497E-14
8.712995E+03	8.256691E-14	1.078282E-14
8.722987E+03	8.175191E-14	1.069850E-14
8.732979E+03	8.085415E-14	1.060276E-14
8.742971E+03	7.988024E-14	1.049641E-14
8.752963E+03	7.883445E-14	1.037996E-14
8.762955E+03	7.772644E-14	1.025462E-14
8.772947E+03	7.656075E-14	1.012096E-14
8.782939E+03	7.534697E-14	9.980200E-15
8.792930E+03	7.408716E-14	9.832588E-15
8.802922E+03	7.279062E-14	9.679330E-15
8.812914E+03	7.146396E-14	9.521283E-15
8.822906E+03	7.011342E-14	9.359265E-15
8.832898E+03	6.874257E-14	9.193739E-15
8.842890E+03	6.736155E-14	9.026056E-15
8.852882E+03	6.597303E-14	8.856573E-15
8.862874E+03	6.458149E-14	8.685893E-15
8.872866E+03	6.319097E-14	8.514565E-15
8.882858E+03	6.180712E-14	8.343360E-15
8.892850E+03	6.043072E-14	8.172391E-15
8.902842E+03	5.906843E-14	8.002576E-15
8.912834E+03	5.771795E-14	7.833617E-15
8.922826E+03	5.638693E-14	7.666571E-15
8.932818E+03	5.507221E-14	7.501026E-15
8.942810E+03	5.377646E-14	7.337363E-15
8.952802E+03	5.249991E-14	7.175633E-15
8.962794E+03	5.124439E-14	7.016109E-15
8.972786E+03	5.000955E-14	6.858759E-15
8.982778E+03	4.879483E-14	6.703528E-15
8.992770E+03	4.759771E-14	6.550089E-15
9.032738E+03	4.300243E-14	5.956978E-15
9.072706E+03	3.867235E-14	5.391635E-15
9.112673E+03	3.458082E-14	4.851320E-15
9.152641E+03	3.071251E-14	4.334760E-15
9.192609E+03	2.707907E-14	3.844429E-15
9.232577E+03	2.371219E-14	3.385660E-15
9.272545E+03	2.065869E-14	2.966033E-15
9.312513E+03	1.796178E-14	2.592712E-15
9.352481E+03	1.565646E-14	2.271758E-15
9.392448E+03	1.376037E-14	2.006766E-15
9.432416E+03	1.227415E-14	1.798839E-15
9.472384E+03	1.118638E-14	1.647265E-15
9.512352E+03	1.048206E-14	1.550720E-15
9.552320E+03	1.014627E-14	1.507814E-15
9.592288E+03	1.016145E-14	1.516686E-15
9.632256E+03	1.050421E-14	1.574517E-15
9.672224E+03	1.112908E-14	1.675075E-15
9.712191E+03	1.196808E-14	1.808586E-15
9.752159E+03	1.295057E-14	1.964686E-15
9.792127E+03	1.400256E-14	2.132323E-15
9.832095E+03	1.505374E-14	2.300828E-15
9.872063E+03	1.604091E-14	2.460468E-15
9.912031E+03	1.691478E-14	2.603511E-15
9.951999E+03	1.764162E-14	2.724539E-15
9.991966E+03	1.820606E-14	2.820917E-15
1.003193E+04	1.861040E-14	2.892740E-15
1.007190E+04	1.886243E-14	2.940975E-15
1.011187E+04	1.897694E-14	2.967712E-15
1.015184E+04	1.897077E-14	2.975398E-15
1.019181E+04	1.886289E-14	2.966860E-15
1.023177E+04	1.866961E-14	2.944541E-15
1.027174E+04	1.840557E-14	2.910658E-15
1.031171E+04	1.808536E-14	2.867449E-15
