#wls	flux	fluxerr
1.598715E+03	2.279211E-05	4.434523E-07
1.638682E+03	2.224041E-05	4.316424E-07
1.678650E+03	2.172007E-05	4.204683E-07
1.718618E+03	2.123705E-05	4.100419E-07
1.758586E+03	2.079315E-05	4.003932E-07
1.798554E+03	2.039230E-05	3.915930E-07
1.838522E+03	2.003440E-05	3.836333E-07
1.878490E+03	1.971893E-05	3.764986E-07
1.918458E+03	1.945468E-05	3.703496E-07
1.958425E+03	1.924118E-05	3.651695E-07
1.998393E+03	1.908052E-05	3.609894E-07
2.038361E+03	1.898604E-05	3.580518E-07
2.078329E+03	1.897602E-05	3.566884E-07
2.118297E+03	1.908172E-05	3.574689E-07
2.158265E+03	1.932264E-05	3.607346E-07
2.198233E+03	1.972212E-05	3.668924E-07
2.238200E+03	2.027492E-05	3.758116E-07
2.278168E+03	2.097075E-05	3.872690E-07
2.318136E+03	2.180330E-05	4.011156E-07
2.358104E+03	2.276291E-05	4.171423E-07
2.398072E+03	2.385470E-05	4.354107E-07
2.438040E+03	2.508505E-05	4.560030E-07
2.478008E+03	2.645979E-05	4.789883E-07
2.517976E+03	2.798923E-05	5.045139E-07
2.557943E+03	2.968470E-05	5.327402E-07
2.597911E+03	3.156174E-05	5.638982E-07
2.637879E+03	3.362600E-05	5.980369E-07
2.677847E+03	3.589807E-05	6.354658E-07
2.717815E+03	3.839252E-05	6.763798E-07
2.757783E+03	4.112907E-05	7.210580E-07
2.797751E+03	4.413358E-05	7.698775E-07
2.837718E+03	4.742613E-05	8.231041E-07
2.877686E+03	5.102441E-05	8.809529E-07
2.917654E+03	5.493370E-05	9.434176E-07
2.957622E+03	5.918874E-05	1.010991E-06
2.997590E+03	6.380858E-05	1.083883E-06
3.007582E+03	6.502014E-05	1.102916E-06
3.017574E+03	6.626314E-05	1.122419E-06
3.027566E+03	6.753304E-05	1.142312E-06
3.037558E+03	6.883057E-05	1.162605E-06
3.047550E+03	7.015672E-05	1.183313E-06
3.057542E+03	7.151256E-05	1.204451E-06
3.067534E+03	7.289867E-05	1.226026E-06
3.077526E+03	7.431565E-05	1.248047E-06
3.087518E+03	7.576976E-05	1.270615E-06
3.097510E+03	7.725617E-05	1.293647E-06
3.107502E+03	7.877553E-05	1.317151E-06
3.117494E+03	8.033438E-05	1.341233E-06
3.127486E+03	8.192779E-05	1.365808E-06
3.137477E+03	8.356248E-05	1.390985E-06
3.147469E+03	8.523945E-05	1.416776E-06
3.157461E+03	8.695364E-05	1.443096E-06
3.167453E+03	8.871211E-05	1.470057E-06
3.177445E+03	9.052216E-05	1.497776E-06
3.187437E+03	9.237257E-05	1.526064E-06
3.197429E+03	9.427705E-05	1.555145E-06
3.207421E+03	9.622417E-05	1.584824E-06
3.217413E+03	9.823450E-05	1.615437E-06
3.227405E+03	1.002966E-04	1.646791E-06
3.237397E+03	1.024119E-04	1.678905E-06
3.247389E+03	1.045952E-04	1.712016E-06
3.257381E+03	1.068349E-04	1.745928E-06
3.267373E+03	1.091461E-04	1.780886E-06
3.277365E+03	1.115239E-04	1.816803E-06
3.287357E+03	1.139773E-04	1.853819E-06
3.297349E+03	1.165012E-04	1.891845E-06
3.307341E+03	1.191048E-04	1.931024E-06
3.317333E+03	1.217977E-04	1.971506E-06
3.327325E+03	1.245751E-04	2.013204E-06
3.337317E+03	1.274468E-04	2.056273E-06
3.347309E+03	1.304157E-04	2.100747E-06
3.357301E+03	1.334845E-04	2.146665E-06
3.367293E+03	1.366639E-04	2.194189E-06
3.377285E+03	1.399573E-04	2.243364E-06
3.387277E+03	1.433680E-04	2.294235E-06
3.397269E+03	1.469074E-04	2.346973E-06
3.407261E+03	1.505795E-04	2.401631E-06
3.417253E+03	1.544048E-04	2.458524E-06
3.427244E+03	1.583711E-04	2.517449E-06
3.437236E+03	1.624999E-04	2.578730E-06
3.447228E+03	1.668043E-04	2.642566E-06
3.457220E+03	1.712902E-04	2.709032E-06
3.467212E+03	1.759717E-04	2.778339E-06
3.477204E+03	1.808639E-04	2.850707E-06
3.487196E+03	1.859644E-04	2.926081E-06
3.497188E+03	1.913163E-04	3.005119E-06
3.507180E+03	1.969091E-04	3.087639E-06
3.517172E+03	2.027691E-04	3.174031E-06
3.527164E+03	2.089048E-04	3.264406E-06
3.537156E+03	2.153444E-04	3.359179E-06
3.547148E+03	2.220879E-04	3.458328E-06
3.557140E+03	2.291446E-04	3.561972E-06
3.567132E+03	2.365150E-04	3.670091E-06
3.577124E+03	2.442185E-04	3.782961E-06
3.587116E+03	2.522453E-04	3.900403E-06
3.597108E+03	2.606154E-04	4.022699E-06
3.607100E+03	2.693289E-04	4.149821E-06
3.617092E+03	2.783961E-04	4.281899E-06
3.627084E+03	2.878057E-04	4.418733E-06
3.637076E+03	2.975898E-04	4.560784E-06
3.647068E+03	3.077256E-04	4.707674E-06
3.657060E+03	3.182344E-04	4.859699E-06
3.667052E+03	3.291154E-04	5.016815E-06
3.677044E+03	3.403782E-04	5.179141E-06
3.687036E+03	3.520099E-04	5.346446E-06
3.697028E+03	3.640438E-04	5.519206E-06
3.707020E+03	3.764662E-04	5.697183E-06
3.717012E+03	3.892867E-04	5.880489E-06
3.727003E+03	4.025028E-04	6.069054E-06
3.736995E+03	4.161236E-04	6.262984E-06
3.746987E+03	4.301455E-04	6.462193E-06
3.756979E+03	4.445908E-04	6.666982E-06
3.766971E+03	4.594422E-04	6.877060E-06
3.776963E+03	4.747080E-04	7.092519E-06
3.786955E+03	4.903965E-04	7.313448E-06
3.796947E+03	5.065160E-04	7.539939E-06
3.806939E+03	5.230463E-04	7.771660E-06
3.816931E+03	5.400227E-04	8.009102E-06
3.826923E+03	5.574100E-04	8.251708E-06
3.836915E+03	5.752285E-04	8.499750E-06
3.846907E+03	5.934696E-04	8.753065E-06
3.856899E+03	6.121386E-04	9.011704E-06
3.866891E+03	6.312407E-04	9.275708E-06
3.876883E+03	6.507650E-04	9.544888E-06
3.886875E+03	6.706996E-04	9.819038E-06
3.896867E+03	6.910630E-04	1.009840E-05
3.906859E+03	7.118419E-04	1.038275E-05
3.916851E+03	7.330216E-04	1.067184E-05
3.926843E+03	7.546024E-04	1.096566E-05
3.936835E+03	7.765842E-04	1.126416E-05
3.946827E+03	7.989490E-04	1.156708E-05
3.956819E+03	8.216771E-04	1.187409E-05
3.966811E+03	8.447823E-04	1.218537E-05
3.976803E+03	8.682425E-04	1.250059E-05
3.986795E+03	8.920524E-04	1.281965E-05
3.996787E+03	9.161866E-04	1.314215E-05
4.006779E+03	9.406183E-04	1.346770E-05
4.016771E+03	9.653369E-04	1.379614E-05
4.026762E+03	9.903493E-04	1.412755E-05
4.036754E+03	1.015605E-03	1.446118E-05
4.046746E+03	1.041068E-03	1.479654E-05
4.056738E+03	1.066760E-03	1.513392E-05
4.066730E+03	1.092623E-03	1.547248E-05
4.076722E+03	1.118614E-03	1.581164E-05
4.086714E+03	1.144730E-03	1.615132E-05
4.096706E+03	1.170923E-03	1.649087E-05
4.106698E+03	1.197164E-03	1.682989E-05
4.116690E+03	1.223420E-03	1.716791E-05
4.126682E+03	1.249614E-03	1.750388E-05
4.136674E+03	1.275726E-03	1.783754E-05
4.146666E+03	1.301716E-03	1.816834E-05
4.156658E+03	1.327513E-03	1.849534E-05
4.166650E+03	1.353046E-03	1.881756E-05
4.176642E+03	1.378305E-03	1.913489E-05
4.186634E+03	1.403185E-03	1.944594E-05
4.196626E+03	1.427648E-03	1.975020E-05
4.206618E+03	1.451602E-03	2.004645E-05
4.216610E+03	1.475001E-03	2.033414E-05
4.226602E+03	1.497722E-03	2.061160E-05
4.236594E+03	1.519763E-03	2.087889E-05
4.246586E+03	1.541001E-03	2.113436E-05
4.256578E+03	1.561392E-03	2.137752E-05
4.266570E+03	1.580853E-03	2.160729E-05
4.276562E+03	1.599413E-03	2.182415E-05
4.286554E+03	1.617002E-03	2.202722E-05
4.296546E+03	1.633661E-03	2.221716E-05
4.306538E+03	1.649393E-03	2.239407E-05
4.316530E+03	1.664260E-03	2.255888E-05
4.326521E+03	1.678230E-03	2.271123E-05
4.336513E+03	1.691421E-03	2.285278E-05
4.346505E+03	1.703851E-03	2.298386E-05
4.356497E+03	1.715541E-03	2.310481E-05
4.366489E+03	1.726584E-03	2.321692E-05
4.376481E+03	1.737026E-03	2.332089E-05
4.386473E+03	1.746883E-03	2.341696E-05
4.396465E+03	1.756245E-03	2.350640E-05
4.406457E+03	1.765132E-03	2.358949E-05
4.416449E+03	1.773581E-03	2.366676E-05
4.426441E+03	1.781679E-03	2.373941E-05
4.436433E+03	1.789416E-03	2.380731E-05
4.446425E+03	1.796825E-03	2.387096E-05
4.456417E+03	1.803893E-03	2.393019E-05
4.466409E+03	1.810606E-03	2.398484E-05
4.476401E+03	1.816950E-03	2.403473E-05
4.486393E+03	1.822908E-03	2.407969E-05
4.496385E+03	1.828465E-03	2.411954E-05
4.506377E+03	1.833604E-03	2.415407E-05
4.516369E+03	1.838310E-03	2.418310E-05
4.526361E+03	1.842542E-03	2.420615E-05
4.536353E+03	1.846286E-03	2.422303E-05
4.546345E+03	1.849548E-03	2.423388E-05
4.556337E+03	1.852292E-03	2.423821E-05
4.566329E+03	1.854524E-03	2.423618E-05
4.576321E+03	1.856231E-03	2.422759E-05
4.586313E+03	1.857375E-03	2.421203E-05
4.596305E+03	1.857987E-03	2.418990E-05
4.606297E+03	1.858011E-03	2.416049E-05
4.616289E+03	1.857501E-03	2.412455E-05
4.626280E+03	1.856400E-03	2.408136E-05
4.636272E+03	1.854720E-03	2.403109E-05
4.646264E+03	1.852491E-03	2.397418E-05
4.656256E+03	1.849682E-03	2.391024E-05
4.666248E+03	1.846329E-03	2.383974E-05
4.676240E+03	1.842441E-03	2.376285E-05
4.686232E+03	1.838007E-03	2.367944E-05
4.696224E+03	1.833065E-03	2.359001E-05
4.706216E+03	1.827644E-03	2.349496E-05
4.716208E+03	1.821759E-03	2.339451E-05
4.726200E+03	1.815420E-03	2.328877E-05
4.736192E+03	1.808700E-03	2.317873E-05
4.746184E+03	1.801613E-03	2.306457E-05
4.756176E+03	1.794207E-03	2.294690E-05
4.766168E+03	1.786513E-03	2.282614E-05
4.776160E+03	1.778560E-03	2.270266E-05
4.786152E+03	1.770396E-03	2.257709E-05
4.796144E+03	1.762010E-03	2.244928E-05
4.806136E+03	1.753370E-03	2.231883E-05
4.816128E+03	1.744485E-03	2.218586E-05
4.826120E+03	1.735363E-03	2.205048E-05
4.836112E+03	1.725976E-03	2.191234E-05
4.846104E+03	1.716335E-03	2.177157E-05
4.856096E+03	1.706446E-03	2.162826E-05
4.866088E+03	1.696303E-03	2.148234E-05
4.876080E+03	1.685916E-03	2.133393E-05
4.886072E+03	1.675295E-03	2.118317E-05
4.896064E+03	1.664448E-03	2.103016E-05
4.906056E+03	1.653369E-03	2.087483E-05
4.916047E+03	1.642103E-03	2.071773E-05
4.926039E+03	1.630625E-03	2.055856E-05
4.936031E+03	1.618980E-03	2.039787E-05
4.946023E+03	1.607142E-03	2.023536E-05
4.956015E+03	1.595154E-03	2.007157E-05
4.966007E+03	1.583009E-03	1.990637E-05
4.975999E+03	1.570716E-03	1.973991E-05
4.985991E+03	1.558301E-03	1.957249E-05
4.995983E+03	1.545773E-03	1.940423E-05
5.005975E+03	1.533138E-03	1.923521E-05
5.015967E+03	1.520391E-03	1.906534E-05
5.025959E+03	1.507568E-03	1.889509E-05
5.035951E+03	1.494650E-03	1.872420E-05
5.045943E+03	1.481673E-03	1.855312E-05
5.055935E+03	1.468645E-03	1.838194E-05
5.065927E+03	1.455557E-03	1.821056E-05
5.075919E+03	1.442433E-03	1.803926E-05
5.085911E+03	1.429278E-03	1.786809E-05
5.095903E+03	1.416100E-03	1.769715E-05
5.105895E+03	1.402904E-03	1.752649E-05
5.115887E+03	1.389682E-03	1.735602E-05
5.125879E+03	1.376484E-03	1.718633E-05
5.135871E+03	1.363272E-03	1.701697E-05
5.145863E+03	1.350081E-03	1.684834E-05
5.155855E+03	1.336902E-03	1.668032E-05
5.165847E+03	1.323753E-03	1.651316E-05
5.175839E+03	1.310628E-03	1.634674E-05
5.185831E+03	1.297543E-03	1.618127E-05
5.195823E+03	1.284492E-03	1.601665E-05
5.205815E+03	1.271491E-03	1.585309E-05
5.215806E+03	1.258546E-03	1.569064E-05
5.225798E+03	1.245648E-03	1.552920E-05
5.235790E+03	1.232813E-03	1.536894E-05
5.245782E+03	1.220048E-03	1.520994E-05
5.255774E+03	1.207341E-03	1.505206E-05
5.265766E+03	1.194711E-03	1.489551E-05
5.275758E+03	1.182160E-03	1.474031E-05
5.285750E+03	1.169693E-03	1.458651E-05
5.295742E+03	1.157301E-03	1.443397E-05
5.305734E+03	1.144987E-03	1.428273E-05
5.315726E+03	1.132765E-03	1.413293E-05
5.325718E+03	1.120627E-03	1.398447E-05
5.335710E+03	1.108587E-03	1.383750E-05
5.345702E+03	1.096637E-03	1.369190E-05
5.355694E+03	1.084788E-03	1.354781E-05
5.365686E+03	1.073033E-03	1.340511E-05
5.375678E+03	1.061362E-03	1.326369E-05
5.385670E+03	1.049800E-03	1.312382E-05
5.395662E+03	1.038337E-03	1.298538E-05
5.405654E+03	1.026964E-03	1.284824E-05
5.415646E+03	1.015705E-03	1.271268E-05
5.425638E+03	1.004539E-03	1.257844E-05
5.435630E+03	9.934776E-04	1.244565E-05
5.445622E+03	9.825129E-04	1.231420E-05
5.455614E+03	9.716553E-04	1.218420E-05
5.465606E+03	9.608959E-04	1.205554E-05
5.475598E+03	9.502452E-04	1.192835E-05
5.485590E+03	9.396943E-04	1.180248E-05
5.495582E+03	9.292440E-04	1.167796E-05
5.505574E+03	9.189041E-04	1.155490E-05
5.515565E+03	9.086750E-04	1.143328E-05
5.525557E+03	8.985389E-04	1.131288E-05
5.535549E+03	8.885231E-04	1.119404E-05
5.545541E+03	8.786188E-04	1.107663E-05
5.555533E+03	8.688170E-04	1.096055E-05
5.565525E+03	8.591353E-04	1.084600E-05
5.575517E+03	8.495565E-04	1.073275E-05
5.585509E+03	8.401055E-04	1.062113E-05
5.595501E+03	8.307652E-04	1.051090E-05
5.605493E+03	8.215433E-04	1.040216E-05
5.615485E+03	8.124392E-04	1.029490E-05
5.625477E+03	8.034523E-04	1.018910E-05
5.635469E+03	7.945817E-04	1.008476E-05
5.645461E+03	7.858269E-04	9.981848E-06
5.655453E+03	7.771947E-04	9.880464E-06
5.665445E+03	7.686761E-04	9.780485E-06
5.675437E+03	7.602856E-04	9.682092E-06
5.685429E+03	7.519992E-04	9.584977E-06
5.695421E+03	7.438383E-04	9.489410E-06
5.705413E+03	7.357942E-04	9.395280E-06
5.715405E+03	7.278582E-04	9.302470E-06
5.725397E+03	7.200436E-04	9.211150E-06
5.735389E+03	7.123347E-04	9.121119E-06
5.745381E+03	7.047443E-04	9.032537E-06
5.755373E+03	6.972639E-04	8.945295E-06
5.765365E+03	6.898921E-04	8.859373E-06
5.775357E+03	6.826274E-04	8.774752E-06
5.785349E+03	6.754683E-04	8.691412E-06
5.795341E+03	6.684201E-04	8.609419E-06
5.805333E+03	6.614745E-04	8.528667E-06
5.815324E+03	6.546300E-04	8.449137E-06
5.825316E+03	6.478851E-04	8.370807E-06
5.835308E+03	6.412382E-04	8.293658E-06
5.845300E+03	6.346881E-04	8.217673E-06
5.855292E+03	6.282329E-04	8.142830E-06
5.865284E+03	6.218714E-04	8.069110E-06
5.875276E+03	6.156020E-04	7.996494E-06
5.885268E+03	6.094169E-04	7.924882E-06
5.895260E+03	6.033210E-04	7.854338E-06
5.905252E+03	5.973129E-04	7.784843E-06
5.915244E+03	5.913791E-04	7.716220E-06
5.925236E+03	5.855302E-04	7.648611E-06
5.935228E+03	5.797589E-04	7.581918E-06
5.945220E+03	5.740582E-04	7.516052E-06
5.955212E+03	5.684326E-04	7.451072E-06
5.965204E+03	5.628752E-04	7.386887E-06
5.975196E+03	5.573905E-04	7.323557E-06
5.985188E+03	5.519660E-04	7.260919E-06
5.995180E+03	5.466064E-04	7.199033E-06
6.005172E+03	5.413106E-04	7.137888E-06
6.015164E+03	5.360775E-04	7.077468E-06
6.025156E+03	5.308953E-04	7.017618E-06
6.035148E+03	5.257739E-04	6.958470E-06
6.045140E+03	5.207016E-04	6.899868E-06
6.055132E+03	5.156884E-04	6.841947E-06
6.065124E+03	5.107228E-04	6.784552E-06
6.075116E+03	5.058146E-04	6.727817E-06
6.085108E+03	5.009524E-04	6.671588E-06
6.095100E+03	4.961408E-04	6.615928E-06
6.105092E+03	4.913842E-04	6.560897E-06
6.115083E+03	4.866819E-04	6.506486E-06
6.125075E+03	4.820329E-04	6.452682E-06
6.135067E+03	4.774366E-04	6.399478E-06
6.145059E+03	4.728972E-04	6.346933E-06
6.155051E+03	4.684189E-04	6.295102E-06
6.165043E+03	4.640058E-04	6.244039E-06
6.175035E+03	4.596565E-04	6.193728E-06
6.185027E+03	4.553751E-04	6.144223E-06
6.195019E+03	4.511556E-04	6.095445E-06
6.205011E+03	4.470021E-04	6.047448E-06
6.215003E+03	4.429039E-04	6.000089E-06
6.224995E+03	4.388605E-04	5.953360E-06
6.234987E+03	4.348666E-04	5.907192E-06
6.244979E+03	4.309216E-04	5.861575E-06
6.254971E+03	4.270207E-04	5.816444E-06
6.264963E+03	4.231681E-04	5.771857E-06
6.274955E+03	4.193591E-04	5.727749E-06
6.284947E+03	4.155890E-04	5.684058E-06
6.294939E+03	4.118623E-04	5.640843E-06
6.304931E+03	4.081746E-04	5.598046E-06
6.314923E+03	4.045305E-04	5.555729E-06
6.324915E+03	4.009258E-04	5.513836E-06
6.334907E+03	3.973563E-04	5.472308E-06
6.344899E+03	3.938311E-04	5.431274E-06
6.354891E+03	3.903419E-04	5.390616E-06
6.364883E+03	3.868891E-04	5.350342E-06
6.374875E+03	3.834732E-04	5.310460E-06
6.384867E+03	3.800944E-04	5.270971E-06
6.394859E+03	3.767527E-04	5.231879E-06
6.404851E+03	3.734434E-04	5.193115E-06
6.414842E+03	3.701652E-04	5.154667E-06
6.424834E+03	3.669170E-04	5.116514E-06
6.434826E+03	3.636966E-04	5.078631E-06
6.444818E+03	3.605020E-04	5.040989E-06
6.454810E+03	3.573314E-04	5.003561E-06
6.464802E+03	3.541826E-04	4.966319E-06
6.474794E+03	3.510621E-04	4.929352E-06
6.484786E+03	3.479679E-04	4.892634E-06
6.494778E+03	3.449022E-04	4.856198E-06
6.504770E+03	3.418674E-04	4.820077E-06
6.514762E+03	3.388660E-04	4.784306E-06
6.524754E+03	3.358922E-04	4.748806E-06
6.534746E+03	3.329529E-04	4.713675E-06
6.544738E+03	3.300463E-04	4.678890E-06
6.554730E+03	3.271713E-04	4.644435E-06
6.564722E+03	3.243267E-04	4.610293E-06
6.574714E+03	3.215190E-04	4.576561E-06
6.584706E+03	3.187393E-04	4.543112E-06
6.594698E+03	3.159984E-04	4.510100E-06
6.604690E+03	3.132911E-04	4.477455E-06
6.614682E+03	3.106166E-04	4.445164E-06
6.624674E+03	3.079740E-04	4.413220E-06
6.634666E+03	3.053662E-04	4.381661E-06
6.644658E+03	3.027962E-04	4.350535E-06
6.654650E+03	3.002593E-04	4.319775E-06
6.664642E+03	2.977549E-04	4.289375E-06
6.674634E+03	2.952898E-04	4.259432E-06
6.684626E+03	2.928556E-04	4.229831E-06
6.694618E+03	2.904556E-04	4.200616E-06
6.704609E+03	2.880926E-04	4.171835E-06
6.714601E+03	2.857589E-04	4.143374E-06
6.724593E+03	2.834647E-04	4.115385E-06
6.734585E+03	2.812024E-04	4.087757E-06
6.744577E+03	2.789711E-04	4.060481E-06
6.754569E+03	2.767779E-04	4.033662E-06
6.764561E+03	2.746148E-04	4.007183E-06
6.774553E+03	2.724851E-04	3.981096E-06
6.784545E+03	2.703882E-04	3.955394E-06
6.794537E+03	2.683236E-04	3.930071E-06
6.804529E+03	2.662912E-04	3.905127E-06
6.814521E+03	2.642938E-04	3.880605E-06
6.824513E+03	2.623239E-04	3.856398E-06
6.834505E+03	2.603884E-04	3.832606E-06
6.844497E+03	2.584834E-04	3.809176E-06
6.854489E+03	2.566083E-04	3.786101E-06
6.864481E+03	2.547628E-04	3.763378E-06
6.874473E+03	2.529468E-04	3.741005E-06
6.884465E+03	2.511633E-04	3.719031E-06
6.894457E+03	2.494084E-04	3.697399E-06
6.904449E+03	2.476819E-04	3.676106E-06
6.914441E+03	2.459869E-04	3.655203E-06
6.924433E+03	2.443163E-04	3.634583E-06
6.934425E+03	2.426766E-04	3.614347E-06
6.944417E+03	2.410643E-04	3.594441E-06
6.954409E+03	2.394788E-04	3.574861E-06
6.964401E+03	2.379201E-04	3.555608E-06
6.974393E+03	2.363879E-04	3.536678E-06
6.984385E+03	2.348853E-04	3.518119E-06
6.994377E+03	2.334053E-04	3.499829E-06
7.004368E+03	2.319512E-04	3.481857E-06
7.014360E+03	2.305260E-04	3.464250E-06
7.024352E+03	2.291228E-04	3.446908E-06
7.034344E+03	2.277415E-04	3.429828E-06
7.044336E+03	2.263884E-04	3.413108E-06
7.054328E+03	2.250568E-04	3.396648E-06
7.064320E+03	2.237499E-04	3.380498E-06
7.074312E+03	2.224673E-04	3.364652E-06
7.084304E+03	2.212059E-04	3.349066E-06
7.094296E+03	2.199653E-04	3.333734E-06
7.104288E+03	2.187486E-04	3.318705E-06
7.114280E+03	2.175525E-04	3.303931E-06
7.124272E+03	2.163768E-04	3.289408E-06
7.134264E+03	2.152215E-04	3.275139E-06
7.144256E+03	2.140896E-04	3.261170E-06
7.154248E+03	2.129746E-04	3.247405E-06
7.164240E+03	2.118796E-04	3.233890E-06
7.174232E+03	2.108013E-04	3.220577E-06
7.184224E+03	2.097460E-04	3.207562E-06
7.194216E+03	2.087041E-04	3.194701E-06
7.204208E+03	2.076818E-04	3.182091E-06
7.214200E+03	2.066759E-04	3.169681E-06
7.224192E+03	2.056895E-04	3.157520E-06
7.234184E+03	2.047164E-04	3.145516E-06
7.244176E+03	2.037595E-04	3.133711E-06
7.254168E+03	2.028156E-04	3.122062E-06
7.264160E+03	2.018880E-04	3.110616E-06
7.274152E+03	2.009735E-04	3.099326E-06
7.284144E+03	2.000751E-04	3.088239E-06
7.294136E+03	1.991867E-04	3.077263E-06
7.304127E+03	1.983113E-04	3.066444E-06
7.314119E+03	1.974489E-04	3.055783E-06
7.324111E+03	1.965965E-04	3.045234E-06
7.334103E+03	1.957542E-04	3.034800E-06
7.344095E+03	1.949249E-04	3.024524E-06
7.354087E+03	1.941027E-04	3.014319E-06
7.364079E+03	1.932905E-04	3.004229E-06
7.374071E+03	1.924854E-04	2.994210E-06
7.384063E+03	1.916905E-04	2.984311E-06
7.394055E+03	1.908998E-04	2.974438E-06
7.404047E+03	1.901164E-04	2.964640E-06
7.414039E+03	1.893373E-04	2.954871E-06
7.424031E+03	1.885626E-04	2.945134E-06
7.434023E+03	1.877925E-04	2.935430E-06
7.444015E+03	1.870297E-04	2.925806E-06
7.454007E+03	1.862689E-04	2.916175E-06
7.463999E+03	1.855183E-04	2.906670E-06
7.473991E+03	1.847727E-04	2.897206E-06
7.483983E+03	1.840347E-04	2.887828E-06
7.493975E+03	1.833046E-04	2.878539E-06
7.503967E+03	1.825851E-04	2.869384E-06
7.513959E+03	1.818736E-04	2.860320E-06
7.523951E+03	1.811730E-04	2.851395E-06
7.533943E+03	1.804834E-04	2.842610E-06
7.543935E+03	1.798045E-04	2.833965E-06
7.553927E+03	1.791368E-04	2.825463E-06
7.563919E+03	1.784801E-04	2.817105E-06
7.573911E+03	1.778374E-04	2.808938E-06
7.583903E+03	1.772059E-04	2.800918E-06
7.593895E+03	1.765885E-04	2.793093E-06
7.603886E+03	1.759824E-04	2.785418E-06
7.613878E+03	1.753904E-04	2.777939E-06
7.623870E+03	1.748128E-04	2.770661E-06
7.633862E+03	1.742495E-04	2.763583E-06
7.643854E+03	1.737005E-04	2.756707E-06
7.653846E+03	1.731660E-04	2.750037E-06
7.663838E+03	1.726460E-04	2.743570E-06
7.673830E+03	1.721406E-04	2.737314E-06
7.683822E+03	1.716527E-04	2.731311E-06
7.693814E+03	1.711767E-04	2.725475E-06
7.703806E+03	1.707183E-04	2.719898E-06
7.713798E+03	1.702749E-04	2.714538E-06
7.723790E+03	1.698464E-04	2.709394E-06
7.733782E+03	1.694329E-04	2.704470E-06
7.743774E+03	1.690346E-04	2.699768E-06
7.753766E+03	1.686515E-04	2.695291E-06
7.763758E+03	1.682866E-04	2.691085E-06
7.773750E+03	1.679343E-04	2.687062E-06
7.783742E+03	1.675946E-04	2.683225E-06
7.793734E+03	1.672734E-04	2.679666E-06
7.803726E+03	1.669652E-04	2.676299E-06
7.813718E+03	1.666698E-04	2.673123E-06
7.823710E+03	1.663904E-04	2.670186E-06
7.833702E+03	1.661243E-04	2.667449E-06
7.843694E+03	1.658715E-04	2.664910E-06
7.853686E+03	1.656291E-04	2.662526E-06
7.863678E+03	1.654003E-04	2.660347E-06
7.873670E+03	1.651823E-04	2.658330E-06
7.883662E+03	1.649752E-04	2.656475E-06
7.893654E+03	1.647819E-04	2.654831E-06
7.903645E+03	1.645941E-04	2.653263E-06
7.913637E+03	1.644174E-04	2.651865E-06
7.923629E+03	1.642491E-04	2.650590E-06
7.933621E+03	1.640894E-04	2.649445E-06
7.943613E+03	1.639352E-04	2.648380E-06
7.953605E+03	1.637870E-04	2.647401E-06
7.963597E+03	1.636474E-04	2.646553E-06
7.973589E+03	1.635108E-04	2.645745E-06
7.983581E+03	1.633832E-04	2.645075E-06
7.993573E+03	1.632615E-04	2.644493E-06
8.003565E+03	1.631487E-04	2.644048E-06
8.013557E+03	1.630452E-04	2.643746E-06
8.023549E+03	1.629507E-04	2.643584E-06
8.033541E+03	1.628684E-04	2.643614E-06
8.043533E+03	1.627982E-04	2.643836E-06
8.053525E+03	1.627404E-04	2.644253E-06
8.063517E+03	1.626947E-04	2.644864E-06
8.073509E+03	1.626676E-04	2.645772E-06
8.083501E+03	1.626528E-04	2.646877E-06
8.093493E+03	1.626536E-04	2.648234E-06
8.103485E+03	1.626729E-04	2.649890E-06
8.113477E+03	1.627080E-04	2.651801E-06
8.123469E+03	1.627618E-04	2.654017E-06
8.133461E+03	1.628345E-04	2.656539E-06
8.143453E+03	1.629230E-04	2.659322E-06
8.153445E+03	1.630338E-04	2.662467E-06
8.163437E+03	1.631605E-04	2.665874E-06
8.173429E+03	1.633096E-04	2.669649E-06
8.183421E+03	1.634779E-04	2.673741E-06
8.193412E+03	1.636655E-04	2.678154E-06
8.203404E+03	1.638756E-04	2.682937E-06
8.213396E+03	1.641054E-04	2.688048E-06
8.223388E+03	1.643546E-04	2.693482E-06
8.233380E+03	1.646235E-04	2.699245E-06
8.243372E+03	1.649151E-04	2.705388E-06
8.253364E+03	1.652263E-04	2.711859E-06
8.263356E+03	1.655573E-04	2.718665E-06
8.273348E+03	1.659112E-04	2.725855E-06
8.283340E+03	1.662816E-04	2.733325E-06
8.293332E+03	1.666749E-04	2.741182E-06
8.303324E+03	1.670879E-04	2.749375E-06
8.313316E+03	1.675203E-04	2.757900E-06
8.323308E+03	1.679724E-04	2.766761E-06
8.333300E+03	1.684406E-04	2.775900E-06
8.343292E+03	1.689315E-04	2.785428E-06
8.353284E+03	1.694383E-04	2.795232E-06
8.363276E+03	1.699640E-04	2.805364E-06
8.373268E+03	1.705052E-04	2.815769E-06
8.383260E+03	1.710652E-04	2.826500E-06
8.393252E+03	1.716400E-04	2.837494E-06
8.403244E+03	1.722295E-04	2.848751E-06
8.413236E+03	1.728369E-04	2.860322E-06
8.423228E+03	1.734549E-04	2.872088E-06
8.433220E+03	1.740899E-04	2.884158E-06
8.443212E+03	1.747346E-04	2.896409E-06
8.453204E+03	1.753921E-04	2.908896E-06
8.463196E+03	1.760582E-04	2.921547E-06
8.473188E+03	1.767362E-04	2.934419E-06
8.483180E+03	1.774215E-04	2.947439E-06
8.493171E+03	1.781139E-04	2.960600E-06
8.503163E+03	1.788125E-04	2.973891E-06
8.513155E+03	1.795166E-04	2.987299E-06
8.523147E+03	1.802255E-04	3.000816E-06
8.533139E+03	1.809349E-04	3.014367E-06
8.543131E+03	1.816476E-04	3.028003E-06
8.553123E+03	1.823591E-04	3.041647E-06
8.563115E+03	1.830685E-04	3.055288E-06
8.573107E+03	1.837751E-04	3.068910E-06
8.583099E+03	1.844780E-04	3.082503E-06
8.593091E+03	1.851725E-04	3.095986E-06
8.603083E+03	1.858617E-04	3.109412E-06
8.613075E+03	1.865410E-04	3.122705E-06
8.623067E+03	1.872056E-04	3.135785E-06
8.633059E+03	1.878629E-04	3.148775E-06
8.643051E+03	1.885043E-04	3.161533E-06
8.653043E+03	1.891293E-04	3.174050E-06
8.663035E+03	1.897377E-04	3.186320E-06
8.673027E+03	1.903289E-04	3.198338E-06
8.683019E+03	1.909033E-04	3.210105E-06
8.693011E+03	1.914567E-04	3.221552E-06
8.703003E+03	1.919854E-04	3.232614E-06
8.712995E+03	1.924982E-04	3.243440E-06
8.722987E+03	1.929877E-04	3.253905E-06
8.732979E+03	1.934549E-04	3.264023E-06
8.742971E+03	1.939011E-04	3.273817E-06
8.752963E+03	1.943236E-04	3.283239E-06
8.762955E+03	1.947287E-04	3.292394E-06
8.772947E+03	1.951137E-04	3.301237E-06
8.782939E+03	1.954753E-04	3.309712E-06
8.792930E+03	1.958193E-04	3.317913E-06
8.802922E+03	1.961451E-04	3.325832E-06
8.812914E+03	1.964422E-04	3.333289E-06
8.822906E+03	1.967170E-04	3.340389E-06
8.832898E+03	1.969662E-04	3.347078E-06
8.842890E+03	1.971813E-04	3.353209E-06
8.852882E+03	1.973683E-04	3.358882E-06
8.862874E+03	1.975235E-04	3.364035E-06
8.872866E+03	1.976488E-04	3.368696E-06
8.882858E+03	1.977412E-04	3.372814E-06
8.892850E+03	1.977982E-04	3.376344E-06
8.902842E+03	1.978275E-04	3.379417E-06
8.912834E+03	1.978272E-04	3.381998E-06
8.922826E+03	1.977961E-04	3.384065E-06
8.932818E+03	1.977429E-04	3.385765E-06
8.942810E+03	1.976562E-04	3.386905E-06
8.952802E+03	1.975459E-04	3.387648E-06
8.962794E+03	1.974111E-04	3.387979E-06
8.972786E+03	1.972567E-04	3.387984E-06
8.982778E+03	1.970774E-04	3.387567E-06
8.992770E+03	1.968782E-04	3.386814E-06
9.032738E+03	1.959172E-04	3.381021E-06
9.072706E+03	1.947419E-04	3.371565E-06
9.112673E+03	1.934433E-04	3.359973E-06
9.152641E+03	1.920628E-04	3.346924E-06
9.192609E+03	1.906651E-04	3.333515E-06
9.232577E+03	1.892859E-04	3.320354E-06
9.272545E+03	1.879497E-04	3.307859E-06
9.312513E+03	1.866836E-04	3.296496E-06
9.352481E+03	1.854970E-04	3.286434E-06
9.392448E+03	1.844042E-04	3.277926E-06
9.432416E+03	1.833946E-04	3.270786E-06
9.472384E+03	1.824860E-04	3.265337E-06
9.512352E+03	1.816732E-04	3.261490E-06
9.552320E+03	1.809585E-04	3.259293E-06
9.592288E+03	1.803183E-04	3.258331E-06
9.632256E+03	1.797724E-04	3.258965E-06
9.672224E+03	1.792974E-04	3.260776E-06
9.712191E+03	1.788972E-04	3.263843E-06
9.752159E+03	1.785575E-04	3.267906E-06
9.792127E+03	1.782843E-04	3.273083E-06
9.832095E+03	1.780531E-04	3.278925E-06
9.872063E+03	1.778829E-04	3.285787E-06
9.912031E+03	1.777377E-04	3.293003E-06
9.951999E+03	1.776383E-04	3.300962E-06
9.991966E+03	1.775590E-04	3.309186E-06
1.003193E+04	1.775107E-04	3.317880E-06
1.007190E+04	1.774794E-04	3.326779E-06
1.011187E+04	1.774496E-04	3.335594E-06
1.015184E+04	1.774476E-04	3.344815E-06
1.019181E+04	1.774439E-04	3.353889E-06
1.023177E+04	1.774361E-04	3.362763E-06
1.027174E+04	1.774215E-04	3.371385E-06
1.031171E+04	1.774131E-04	3.380002E-06
