#wls	flux	fluxerr
1.600000E+03	4.042556E-18	2.302340E-19
1.640000E+03	4.054940E-18	2.307766E-19
1.680000E+03	4.068340E-18	2.313711E-19
1.720000E+03	4.083468E-18	2.320578E-19
1.760000E+03	4.101742E-18	2.329168E-19
1.800000E+03	4.121784E-18	2.338691E-19
1.840000E+03	4.145014E-18	2.349950E-19
1.880000E+03	4.172160E-18	2.363350E-19
1.920000E+03	4.202548E-18	2.378500E-19
1.960000E+03	4.238317E-18	2.396604E-19
2.000000E+03	4.278803E-18	2.417275E-19
2.040000E+03	4.325458E-18	2.441321E-19
2.080000E+03	4.379743E-18	2.469552E-19
2.120000E+03	4.441009E-18	2.501589E-19
2.160000E+03	4.511446E-18	2.538644E-19
2.200000E+03	4.592552E-18	2.581540E-19
2.240000E+03	4.683709E-18	2.629905E-19
2.280000E+03	4.784296E-18	2.683366E-19
2.320000E+03	4.895842E-18	2.742753E-19
2.360000E+03	5.016308E-18	2.806897E-19
2.400000E+03	5.147233E-18	2.876632E-19
2.440000E+03	5.287299E-18	2.951192E-19
2.480000E+03	5.436621E-18	3.030610E-19
2.520000E+03	5.595316E-18	3.114921E-19
2.560000E+03	5.762784E-18	3.203759E-19
2.600000E+03	5.939874E-18	3.297562E-19
2.640000E+03	6.126719E-18	3.396368E-19
2.680000E+03	6.322719E-18	3.499807E-19
2.720000E+03	6.528741E-18	3.608319E-19
2.760000E+03	6.745661E-18	3.722347E-19
2.800000E+03	6.975107E-18	3.842741E-19
2.840000E+03	7.217985E-18	3.969947E-19
2.880000E+03	7.470735E-18	4.101954E-19
2.920000E+03	7.734232E-18	4.239190E-19
2.960000E+03	8.006345E-18	4.380437E-19
3.000000E+03	8.287926E-18	4.526111E-19
3.010000E+03	8.359126E-18	4.562846E-19
3.020000E+03	8.432011E-18	4.600451E-19
3.030000E+03	8.505072E-18	4.638101E-19
3.040000E+03	8.579066E-18	4.676207E-19
3.050000E+03	8.653236E-18	4.714356E-19
3.060000E+03	8.728342E-18	4.752961E-19
3.070000E+03	8.804385E-18	4.792023E-19
3.080000E+03	8.881370E-18	4.831541E-19
3.090000E+03	8.958534E-18	4.871101E-19
3.100000E+03	9.037403E-18	4.911531E-19
3.110000E+03	9.117220E-18	4.952418E-19
3.120000E+03	9.197218E-18	4.993344E-19
3.130000E+03	9.278930E-18	5.035140E-19
3.140000E+03	9.361594E-18	5.077392E-19
3.150000E+03	9.445210E-18	5.120098E-19
3.160000E+03	9.529782E-18	5.163258E-19
3.170000E+03	9.616077E-18	5.207288E-19
3.180000E+03	9.703332E-18	5.251771E-19
3.190000E+03	9.792317E-18	5.297124E-19
3.200000E+03	9.883037E-18	5.343347E-19
3.210000E+03	9.974723E-18	5.390022E-19
3.220000E+03	1.006815E-17	5.437565E-19
3.230000E+03	1.016409E-17	5.486394E-19
3.240000E+03	1.026101E-17	5.535675E-19
3.250000E+03	1.036045E-17	5.586242E-19
3.260000E+03	1.046242E-17	5.638094E-19
3.270000E+03	1.056616E-17	5.690815E-19
3.280000E+03	1.067243E-17	5.744821E-19
3.290000E+03	1.078047E-17	5.799694E-19
3.300000E+03	1.089184E-17	5.856272E-19
3.310000E+03	1.100654E-17	5.914552E-19
3.320000E+03	1.112380E-17	5.974118E-19
3.330000E+03	1.124441E-17	6.035384E-19
3.340000E+03	1.136839E-17	6.098362E-19
3.350000E+03	1.149571E-17	6.163035E-19
3.360000E+03	1.162720E-17	6.229838E-19
3.370000E+03	1.176284E-17	6.298759E-19
3.380000E+03	1.190265E-17	6.369803E-19
3.390000E+03	1.204821E-17	6.443808E-19
3.400000E+03	1.219796E-17	6.519939E-19
3.410000E+03	1.235269E-17	6.598605E-19
3.420000E+03	1.251399E-17	6.680657E-19
3.430000E+03	1.268109E-17	6.765671E-19
3.440000E+03	1.285477E-17	6.854064E-19
3.450000E+03	1.303507E-17	6.945837E-19
3.460000E+03	1.322357E-17	7.041835E-19
3.470000E+03	1.341949E-17	7.141628E-19
3.480000E+03	1.362363E-17	7.245634E-19
3.490000E+03	1.383682E-17	7.354281E-19
3.500000E+03	1.405904E-17	7.467555E-19
3.510000E+03	1.429192E-17	7.586301E-19
3.520000E+03	1.453467E-17	7.710097E-19
3.530000E+03	1.478808E-17	7.839348E-19
3.540000E+03	1.505298E-17	7.974473E-19
3.550000E+03	1.532936E-17	8.115465E-19
3.560000E+03	1.561723E-17	8.262305E-19
3.570000E+03	1.591580E-17	8.414565E-19
3.580000E+03	1.622664E-17	8.573064E-19
3.590000E+03	1.654817E-17	8.736947E-19
3.600000E+03	1.688035E-17	8.906185E-19
3.610000E+03	1.722317E-17	9.080755E-19
3.620000E+03	1.757659E-17	9.260622E-19
3.630000E+03	1.794060E-17	9.445769E-19
3.640000E+03	1.831352E-17	9.635294E-19
3.650000E+03	1.869692E-17	9.830015E-19
3.660000E+03	1.908914E-17	1.002904E-18
3.670000E+03	1.949089E-17	1.023274E-18
3.680000E+03	1.990131E-17	1.044064E-18
3.690000E+03	2.032030E-17	1.065267E-18
3.700000E+03	2.074695E-17	1.086836E-18
3.710000E+03	2.118117E-17	1.108764E-18
3.720000E+03	2.162362E-17	1.131084E-18
3.730000E+03	2.207257E-17	1.153704E-18
3.740000E+03	2.252786E-17	1.176616E-18
3.750000E+03	2.298934E-17	1.199811E-18
3.760000E+03	2.345685E-17	1.223278E-18
3.770000E+03	2.392939E-17	1.246966E-18
3.780000E+03	2.440678E-17	1.270862E-18
3.790000E+03	2.488881E-17	1.294957E-18
3.800000E+03	2.537446E-17	1.319195E-18
3.810000E+03	2.586352E-17	1.343566E-18
3.820000E+03	2.635494E-17	1.368013E-18
3.830000E+03	2.684848E-17	1.392524E-18
3.840000E+03	2.734391E-17	1.417087E-18
3.850000E+03	2.784096E-17	1.441686E-18
3.860000E+03	2.833776E-17	1.466225E-18
3.870000E+03	2.883487E-17	1.490732E-18
3.880000E+03	2.933203E-17	1.515193E-18
3.890000E+03	2.982737E-17	1.539511E-18
3.900000E+03	3.032063E-17	1.563674E-18
3.910000E+03	3.081238E-17	1.587709E-18
3.920000E+03	3.130076E-17	1.611522E-18
3.930000E+03	3.178635E-17	1.635142E-18
3.940000E+03	3.226732E-17	1.658476E-18
3.950000E+03	3.274350E-17	1.681514E-18
3.960000E+03	3.321549E-17	1.704288E-18
3.970000E+03	3.368154E-17	1.726708E-18
3.980000E+03	3.414151E-17	1.748768E-18
3.990000E+03	3.459531E-17	1.770464E-18
4.000000E+03	3.504286E-17	1.791791E-18
4.010000E+03	3.548254E-17	1.812668E-18
4.020000E+03	3.591514E-17	1.833135E-18
4.030000E+03	3.633912E-17	1.853116E-18
4.040000E+03	3.675614E-17	1.872695E-18
4.050000E+03	3.716397E-17	1.891760E-18
4.060000E+03	3.756435E-17	1.910399E-18
4.070000E+03	3.795593E-17	1.928546E-18
4.080000E+03	3.833898E-17	1.946214E-18
4.090000E+03	3.871381E-17	1.963421E-18
4.100000E+03	3.908002E-17	1.980147E-18
4.110000E+03	3.943802E-17	1.996413E-18
4.120000E+03	3.978826E-17	2.012244E-18
4.130000E+03	4.013126E-17	2.027666E-18
4.140000E+03	4.046601E-17	2.042631E-18
4.150000E+03	4.079464E-17	2.057244E-18
4.160000E+03	4.111625E-17	2.071463E-18
4.170000E+03	4.143225E-17	2.085359E-18
4.180000E+03	4.174257E-17	2.098928E-18
4.190000E+03	4.204791E-17	2.112207E-18
4.200000E+03	4.234900E-17	2.125233E-18
4.210000E+03	4.264732E-17	2.138081E-18
4.220000E+03	4.294212E-17	2.150712E-18
4.230000E+03	4.323566E-17	2.163241E-18
4.240000E+03	4.352793E-17	2.175667E-18
4.250000E+03	4.381894E-17	2.187990E-18
4.260000E+03	4.411161E-17	2.200357E-18
4.270000E+03	4.440520E-17	2.212729E-18
4.280000E+03	4.470187E-17	2.225214E-18
4.290000E+03	4.500081E-17	2.237771E-18
4.300000E+03	4.530485E-17	2.250540E-18
4.310000E+03	4.561383E-17	2.263512E-18
4.320000E+03	4.592908E-17	2.276752E-18
4.330000E+03	4.625109E-17	2.290283E-18
4.340000E+03	4.658180E-17	2.304200E-18
4.350000E+03	4.692090E-17	2.318486E-18
4.360000E+03	4.727023E-17	2.333229E-18
4.370000E+03	4.763082E-17	2.348480E-18
4.380000E+03	4.800295E-17	2.364249E-18
4.390000E+03	4.838756E-17	2.380581E-18
4.400000E+03	4.878554E-17	2.397518E-18
4.410000E+03	4.919698E-17	2.415060E-18
4.420000E+03	4.962408E-17	2.433314E-18
4.430000E+03	5.006537E-17	2.452206E-18
4.440000E+03	5.052295E-17	2.471834E-18
4.450000E+03	5.099591E-17	2.492151E-18
4.460000E+03	5.148403E-17	2.513145E-18
4.470000E+03	5.198626E-17	2.534760E-18
4.480000E+03	5.250220E-17	2.556975E-18
4.490000E+03	5.303064E-17	2.579728E-18
4.500000E+03	5.357029E-17	2.602954E-18
4.510000E+03	5.411897E-17	2.626545E-18
4.520000E+03	5.467670E-17	2.650500E-18
4.530000E+03	5.524186E-17	2.674739E-18
4.540000E+03	5.581203E-17	2.699143E-18
4.550000E+03	5.638615E-17	2.723660E-18
4.560000E+03	5.696234E-17	2.748197E-18
4.570000E+03	5.753935E-17	2.772694E-18
4.580000E+03	5.811436E-17	2.797015E-18
4.590000E+03	5.868669E-17	2.821127E-18
4.600000E+03	5.925411E-17	2.844923E-18
4.610000E+03	5.981352E-17	2.868255E-18
4.620000E+03	6.036405E-17	2.891082E-18
4.630000E+03	6.090398E-17	2.913324E-18
4.640000E+03	6.143004E-17	2.934825E-18
4.650000E+03	6.194200E-17	2.955577E-18
4.660000E+03	6.243571E-17	2.975385E-18
4.670000E+03	6.291172E-17	2.994277E-18
4.680000E+03	6.336585E-17	3.012058E-18
4.690000E+03	6.379869E-17	3.028759E-18
4.700000E+03	6.420695E-17	3.044229E-18
4.710000E+03	6.458894E-17	3.058391E-18
4.720000E+03	6.494468E-17	3.071251E-18
4.730000E+03	6.527194E-17	3.082708E-18
4.740000E+03	6.557019E-17	3.092743E-18
4.750000E+03	6.583832E-17	3.101309E-18
4.760000E+03	6.607465E-17	3.108331E-18
4.770000E+03	6.628012E-17	3.113860E-18
4.780000E+03	6.645359E-17	3.117849E-18
4.790000E+03	6.659510E-17	3.120305E-18
4.800000E+03	6.670508E-17	3.121253E-18
4.810000E+03	6.678449E-17	3.120746E-18
4.820000E+03	6.683505E-17	3.118869E-18
4.830000E+03	6.685921E-17	3.115742E-18
4.840000E+03	6.685986E-17	3.111504E-18
4.850000E+03	6.684022E-17	3.106310E-18
4.860000E+03	6.680375E-17	3.100325E-18
4.870000E+03	6.675328E-17	3.093682E-18
4.880000E+03	6.669401E-17	3.086625E-18
4.890000E+03	6.662812E-17	3.079257E-18
4.900000E+03	6.655924E-17	3.071747E-18
4.910000E+03	6.649170E-17	3.064296E-18
4.920000E+03	6.642892E-17	3.057059E-18
4.930000E+03	6.637421E-17	3.050189E-18
4.940000E+03	6.633069E-17	3.043827E-18
4.950000E+03	6.630057E-17	3.038072E-18
4.960000E+03	6.628731E-17	3.033080E-18
4.970000E+03	6.629421E-17	3.028998E-18
4.980000E+03	6.632214E-17	3.025862E-18
4.990000E+03	6.637469E-17	3.023832E-18
5.000000E+03	6.645238E-17	3.022925E-18
5.010000E+03	6.655840E-17	3.023283E-18
5.020000E+03	6.669434E-17	3.024971E-18
5.030000E+03	6.686087E-17	3.028013E-18
5.040000E+03	6.705997E-17	3.032494E-18
5.050000E+03	6.729270E-17	3.038454E-18
5.060000E+03	6.755931E-17	3.045897E-18
5.070000E+03	6.786202E-17	3.054916E-18
5.080000E+03	6.820079E-17	3.065503E-18
5.090000E+03	6.857541E-17	3.077639E-18
5.100000E+03	6.898848E-17	3.091435E-18
5.110000E+03	6.943884E-17	3.106830E-18
5.120000E+03	6.992668E-17	3.123825E-18
5.130000E+03	7.045279E-17	3.142446E-18
5.140000E+03	7.101712E-17	3.162685E-18
5.150000E+03	7.161953E-17	3.184526E-18
5.160000E+03	7.225900E-17	3.207915E-18
5.170000E+03	7.293664E-17	3.232894E-18
5.180000E+03	7.365045E-17	3.259367E-18
5.190000E+03	7.440130E-17	3.287363E-18
5.200000E+03	7.518771E-17	3.316810E-18
5.210000E+03	7.600880E-17	3.347661E-18
5.220000E+03	7.686433E-17	3.379897E-18
5.230000E+03	7.775238E-17	3.413427E-18
5.240000E+03	7.867164E-17	3.448186E-18
5.250000E+03	7.962146E-17	3.484139E-18
5.260000E+03	8.059942E-17	3.521174E-18
5.270000E+03	8.160374E-17	3.559205E-18
5.280000E+03	8.263328E-17	3.598179E-18
5.290000E+03	8.368592E-17	3.637995E-18
5.300000E+03	8.475846E-17	3.678512E-18
5.310000E+03	8.584837E-17	3.719613E-18
5.320000E+03	8.695378E-17	3.761215E-18
5.330000E+03	8.807087E-17	3.803150E-18
5.340000E+03	8.919737E-17	3.845315E-18
5.350000E+03	9.032903E-17	3.887526E-18
5.360000E+03	9.146225E-17	3.929627E-18
5.370000E+03	9.259420E-17	3.971496E-18
5.380000E+03	9.371996E-17	4.012923E-18
5.390000E+03	9.483632E-17	4.053772E-18
5.400000E+03	9.593706E-17	4.093778E-18
5.410000E+03	9.701960E-17	4.132835E-18
5.420000E+03	9.807838E-17	4.170712E-18
5.430000E+03	9.910970E-17	4.207255E-18
5.440000E+03	1.001068E-16	4.242185E-18
5.450000E+03	1.010668E-16	4.275389E-18
5.460000E+03	1.019831E-16	4.306594E-18
5.470000E+03	1.028528E-16	4.335686E-18
5.480000E+03	1.036693E-16	4.362402E-18
5.490000E+03	1.044300E-16	4.386645E-18
5.500000E+03	1.051287E-16	4.408165E-18
5.510000E+03	1.057623E-16	4.426846E-18
5.520000E+03	1.063270E-16	4.442546E-18
5.530000E+03	1.068194E-16	4.455137E-18
5.540000E+03	1.072362E-16	4.464504E-18
5.550000E+03	1.075760E-16	4.470595E-18
5.560000E+03	1.078354E-16	4.473297E-18
5.570000E+03	1.080149E-16	4.472645E-18
5.580000E+03	1.081121E-16	4.468556E-18
5.590000E+03	1.081264E-16	4.461027E-18
5.600000E+03	1.080584E-16	4.450105E-18
5.610000E+03	1.079077E-16	4.435787E-18
5.620000E+03	1.076761E-16	4.418169E-18
5.630000E+03	1.073650E-16	4.397327E-18
5.640000E+03	1.069763E-16	4.373360E-18
5.650000E+03	1.065116E-16	4.346341E-18
5.660000E+03	1.059744E-16	4.316442E-18
5.670000E+03	1.053693E-16	4.283863E-18
5.680000E+03	1.046979E-16	4.248683E-18
5.690000E+03	1.039662E-16	4.211166E-18
5.700000E+03	1.031775E-16	4.171451E-18
5.710000E+03	1.023363E-16	4.129739E-18
5.720000E+03	1.014474E-16	4.086234E-18
5.730000E+03	1.005167E-16	4.041187E-18
5.740000E+03	9.954795E-17	3.994756E-18
5.750000E+03	9.854631E-17	3.947157E-18
5.760000E+03	9.751769E-17	3.898634E-18
5.770000E+03	9.646697E-17	3.849390E-18
5.780000E+03	9.539705E-17	3.799544E-18
5.790000E+03	9.431452E-17	3.749364E-18
5.800000E+03	9.322386E-17	3.699030E-18
5.810000E+03	9.212845E-17	3.648680E-18
5.820000E+03	9.103235E-17	3.598474E-18
5.830000E+03	8.993944E-17	3.548566E-18
5.840000E+03	8.885419E-17	3.499132E-18
5.850000E+03	8.777901E-17	3.450266E-18
5.860000E+03	8.671609E-17	3.402051E-18
5.870000E+03	8.566993E-17	3.354661E-18
5.880000E+03	8.464219E-17	3.308157E-18
5.890000E+03	8.363507E-17	3.262622E-18
5.900000E+03	8.264975E-17	3.218097E-18
5.910000E+03	8.168794E-17	3.174644E-18
5.920000E+03	8.075201E-17	3.132350E-18
5.930000E+03	7.984319E-17	3.091257E-18
5.940000E+03	7.896097E-17	3.051340E-18
5.950000E+03	7.810703E-17	3.012658E-18
5.960000E+03	7.728211E-17	2.975232E-18
5.970000E+03	7.648596E-17	2.939049E-18
5.980000E+03	7.571905E-17	2.904119E-18
5.990000E+03	7.498167E-17	2.870447E-18
6.000000E+03	7.427401E-17	2.838036E-18
6.010000E+03	7.359620E-17	2.806882E-18
6.020000E+03	7.294752E-17	2.776953E-18
6.030000E+03	7.232723E-17	2.748215E-18
6.040000E+03	7.173670E-17	2.720714E-18
6.050000E+03	7.117510E-17	2.694412E-18
6.060000E+03	7.064156E-17	2.669270E-18
6.070000E+03	7.013594E-17	2.645278E-18
6.080000E+03	6.965806E-17	2.622423E-18
6.090000E+03	6.920774E-17	2.600693E-18
6.100000E+03	6.878481E-17	2.580076E-18
6.110000E+03	6.838909E-17	2.560560E-18
6.120000E+03	6.802041E-17	2.542134E-18
6.130000E+03	6.767791E-17	2.524760E-18
6.140000E+03	6.736215E-17	2.508453E-18
6.150000E+03	6.707230E-17	2.493179E-18
6.160000E+03	6.680824E-17	2.478928E-18
6.170000E+03	6.657053E-17	2.465715E-18
6.180000E+03	6.635769E-17	2.453483E-18
6.190000E+03	6.616966E-17	2.442223E-18
6.200000E+03	6.600633E-17	2.431927E-18
6.210000E+03	6.586898E-17	2.422639E-18
6.220000E+03	6.575752E-17	2.414350E-18
6.230000E+03	6.567052E-17	2.407004E-18
6.240000E+03	6.560993E-17	2.400668E-18
6.250000E+03	6.557432E-17	2.395286E-18
6.260000E+03	6.556428E-17	2.390875E-18
6.270000E+03	6.557901E-17	2.387402E-18
6.280000E+03	6.561910E-17	2.384885E-18
6.290000E+03	6.568374E-17	2.383291E-18
6.300000E+03	6.577350E-17	2.382636E-18
6.310000E+03	6.588750E-17	2.382886E-18
6.320000E+03	6.602624E-17	2.384055E-18
6.330000E+03	6.618882E-17	2.386107E-18
6.340000E+03	6.637563E-17	2.389055E-18
6.350000E+03	6.658564E-17	2.392856E-18
6.360000E+03	6.681911E-17	2.397519E-18
6.370000E+03	6.707553E-17	2.403022E-18
6.380000E+03	6.735350E-17	2.409313E-18
6.390000E+03	6.765292E-17	2.416385E-18
6.400000E+03	6.797348E-17	2.424226E-18
6.410000E+03	6.831322E-17	2.432761E-18
6.420000E+03	6.867135E-17	2.441960E-18
6.430000E+03	6.904683E-17	2.451783E-18
6.440000E+03	6.943836E-17	2.462181E-18
6.450000E+03	6.984449E-17	2.473102E-18
6.460000E+03	7.026457E-17	2.484519E-18
6.470000E+03	7.069535E-17	2.496316E-18
6.480000E+03	7.113642E-17	2.508478E-18
6.490000E+03	7.158398E-17	2.520868E-18
6.500000E+03	7.203394E-17	2.533344E-18
6.510000E+03	7.248279E-17	2.545781E-18
6.520000E+03	7.292601E-17	2.558021E-18
6.530000E+03	7.335979E-17	2.569931E-18
6.540000E+03	7.378022E-17	2.581376E-18
6.550000E+03	7.418342E-17	2.592222E-18
6.560000E+03	7.456549E-17	2.602336E-18
6.570000E+03	7.492351E-17	2.611619E-18
6.580000E+03	7.525385E-17	2.619947E-18
6.590000E+03	7.555301E-17	2.627201E-18
6.600000E+03	7.581772E-17	2.633274E-18
6.610000E+03	7.604589E-17	2.638094E-18
6.620000E+03	7.623567E-17	2.641604E-18
6.630000E+03	7.638287E-17	2.643661E-18
6.640000E+03	7.648817E-17	2.644295E-18
6.650000E+03	7.654801E-17	2.643388E-18
6.660000E+03	7.656294E-17	2.640962E-18
6.670000E+03	7.653111E-17	2.636959E-18
6.680000E+03	7.645290E-17	2.631397E-18
6.690000E+03	7.632818E-17	2.624275E-18
6.700000E+03	7.615717E-17	2.615606E-18
6.710000E+03	7.594145E-17	2.605449E-18
6.720000E+03	7.568012E-17	2.593776E-18
6.730000E+03	7.537732E-17	2.580734E-18
6.740000E+03	7.503282E-17	2.566318E-18
6.750000E+03	7.465043E-17	2.550662E-18
6.760000E+03	7.423049E-17	2.533780E-18
6.770000E+03	7.377729E-17	2.515822E-18
6.780000E+03	7.329257E-17	2.496850E-18
6.790000E+03	7.277911E-17	2.476960E-18
6.800000E+03	7.224080E-17	2.456286E-18
6.810000E+03	7.167977E-17	2.434903E-18
6.820000E+03	7.110003E-17	2.412947E-18
6.830000E+03	7.050477E-17	2.390528E-18
6.840000E+03	6.989621E-17	2.367722E-18
6.850000E+03	6.927842E-17	2.344665E-18
6.860000E+03	6.865537E-17	2.321493E-18
6.870000E+03	6.802829E-17	2.298247E-18
6.880000E+03	6.740101E-17	2.275055E-18
6.890000E+03	6.677635E-17	2.252012E-18
6.900000E+03	6.615612E-17	2.229178E-18
6.910000E+03	6.554463E-17	2.206696E-18
6.920000E+03	6.494343E-17	2.184617E-18
6.930000E+03	6.435475E-17	2.163015E-18
6.940000E+03	6.378070E-17	2.141958E-18
6.950000E+03	6.322321E-17	2.121509E-18
6.960000E+03	6.268406E-17	2.101726E-18
6.970000E+03	6.216487E-17	2.082662E-18
6.980000E+03	6.166707E-17	2.064362E-18
6.990000E+03	6.119114E-17	2.046839E-18
7.000000E+03	6.073990E-17	2.030186E-18
7.010000E+03	6.031270E-17	2.014379E-18
7.020000E+03	5.991205E-17	1.999498E-18
7.030000E+03	5.953705E-17	1.985513E-18
7.040000E+03	5.918833E-17	1.972441E-18
7.050000E+03	5.886799E-17	1.960350E-18
7.060000E+03	5.857399E-17	1.949171E-18
7.070000E+03	5.830901E-17	1.938989E-18
7.080000E+03	5.807164E-17	1.929757E-18
7.090000E+03	5.786194E-17	1.921473E-18
7.100000E+03	5.767988E-17	1.914135E-18
7.110000E+03	5.752618E-17	1.907765E-18
7.120000E+03	5.739903E-17	1.902301E-18
7.130000E+03	5.729896E-17	1.897759E-18
7.140000E+03	5.722642E-17	1.894151E-18
7.150000E+03	5.717858E-17	1.891384E-18
7.160000E+03	5.715732E-17	1.889517E-18
7.170000E+03	5.715968E-17	1.888451E-18
7.180000E+03	5.718657E-17	1.888215E-18
7.190000E+03	5.723649E-17	1.888759E-18
7.200000E+03	5.730861E-17	1.890053E-18
7.210000E+03	5.740126E-17	1.892043E-18
7.220000E+03	5.751349E-17	1.894696E-18
7.230000E+03	5.764508E-17	1.898003E-18
7.240000E+03	5.779415E-17	1.901903E-18
7.250000E+03	5.795870E-17	1.906330E-18
7.260000E+03	5.813835E-17	1.911270E-18
7.270000E+03	5.833015E-17	1.916626E-18
7.280000E+03	5.853442E-17	1.922410E-18
7.290000E+03	5.874810E-17	1.928520E-18
7.300000E+03	5.896973E-17	1.934909E-18
7.310000E+03	5.919697E-17	1.941500E-18
7.320000E+03	5.942912E-17	1.948271E-18
7.330000E+03	5.966378E-17	1.955144E-18
7.340000E+03	5.989936E-17	1.962068E-18
7.350000E+03	6.013339E-17	1.968962E-18
7.360000E+03	6.036340E-17	1.975746E-18
7.370000E+03	6.058866E-17	1.982397E-18
7.380000E+03	6.080584E-17	1.988808E-18
7.390000E+03	6.101514E-17	1.994987E-18
7.400000E+03	6.121243E-17	2.000798E-18
7.410000E+03	6.139800E-17	2.006253E-18
7.420000E+03	6.156871E-17	2.011251E-18
7.430000E+03	6.172415E-17	2.015779E-18
7.440000E+03	6.186221E-17	2.019771E-18
7.450000E+03	6.198268E-17	2.023219E-18
7.460000E+03	6.208456E-17	2.026094E-18
7.470000E+03	6.216699E-17	2.028368E-18
7.480000E+03	6.222921E-17	2.030016E-18
7.490000E+03	6.227058E-17	2.031021E-18
7.500000E+03	6.229244E-17	2.031427E-18
7.510000E+03	6.229259E-17	2.031162E-18
7.520000E+03	6.227261E-17	2.030280E-18
7.530000E+03	6.223238E-17	2.028777E-18
7.540000E+03	6.217184E-17	2.026652E-18
7.550000E+03	6.209297E-17	2.023971E-18
7.560000E+03	6.199405E-17	2.020678E-18
7.570000E+03	6.187627E-17	2.016813E-18
7.580000E+03	6.174086E-17	2.012416E-18
7.590000E+03	6.158821E-17	2.007500E-18
7.600000E+03	6.141873E-17	2.002080E-18
7.610000E+03	6.123377E-17	1.996199E-18
7.620000E+03	6.103288E-17	1.989843E-18
7.630000E+03	6.081742E-17	1.983058E-18
7.640000E+03	6.058694E-17	1.975827E-18
7.650000E+03	6.034369E-17	1.968225E-18
7.660000E+03	6.008718E-17	1.960235E-18
7.670000E+03	5.981774E-17	1.951870E-18
7.680000E+03	5.953665E-17	1.943169E-18
7.690000E+03	5.924323E-17	1.934111E-18
7.700000E+03	5.893772E-17	1.924703E-18
7.710000E+03	5.862119E-17	1.914981E-18
7.720000E+03	5.829284E-17	1.904916E-18
7.730000E+03	5.795364E-17	1.894542E-18
7.740000E+03	5.760267E-17	1.883827E-18
7.750000E+03	5.723992E-17	1.872769E-18
7.760000E+03	5.686527E-17	1.861366E-18
7.770000E+03	5.647953E-17	1.849642E-18
7.780000E+03	5.608075E-17	1.837532E-18
7.790000E+03	5.566967E-17	1.825060E-18
7.800000E+03	5.524611E-17	1.812219E-18
7.810000E+03	5.480905E-17	1.798974E-18
7.820000E+03	5.435836E-17	1.785320E-18
7.830000E+03	5.389394E-17	1.771252E-18
7.840000E+03	5.341574E-17	1.756766E-18
7.850000E+03	5.292292E-17	1.741833E-18
7.860000E+03	5.241557E-17	1.726454E-18
7.870000E+03	5.189387E-17	1.710633E-18
7.880000E+03	5.135810E-17	1.694374E-18
7.890000E+03	5.080781E-17	1.677660E-18
7.900000E+03	5.024350E-17	1.660503E-18
7.910000E+03	4.966578E-17	1.642919E-18
7.920000E+03	4.907458E-17	1.624904E-18
7.930000E+03	4.847156E-17	1.606507E-18
7.940000E+03	4.785686E-17	1.587730E-18
7.950000E+03	4.723230E-17	1.568631E-18
7.960000E+03	4.659821E-17	1.549215E-18
7.970000E+03	4.595726E-17	1.529569E-18
7.980000E+03	4.530986E-17	1.509703E-18
7.990000E+03	4.465720E-17	1.489654E-18
8.000000E+03	4.400055E-17	1.469461E-18
8.010000E+03	4.334045E-17	1.449140E-18
8.020000E+03	4.267897E-17	1.428757E-18
8.030000E+03	4.201752E-17	1.408356E-18
8.040000E+03	4.135750E-17	1.387983E-18
8.050000E+03	4.070042E-17	1.367686E-18
8.060000E+03	4.004848E-17	1.347537E-18
8.070000E+03	3.940250E-17	1.327563E-18
8.080000E+03	3.876471E-17	1.307838E-18
8.090000E+03	3.813724E-17	1.288432E-18
8.100000E+03	3.752157E-17	1.269396E-18
8.110000E+03	3.691848E-17	1.250755E-18
8.120000E+03	3.633062E-17	1.232600E-18
8.130000E+03	3.575864E-17	1.214952E-18
8.140000E+03	3.520442E-17	1.197877E-18
8.150000E+03	3.466904E-17	1.181412E-18
8.160000E+03	3.415295E-17	1.165575E-18
8.170000E+03	3.365833E-17	1.150440E-18
8.180000E+03	3.318539E-17	1.136018E-18
8.190000E+03	3.273545E-17	1.122355E-18
8.200000E+03	3.230861E-17	1.109458E-18
8.210000E+03	3.190595E-17	1.097366E-18
8.220000E+03	3.152793E-17	1.086098E-18
8.230000E+03	3.117433E-17	1.075649E-18
8.240000E+03	3.084600E-17	1.066052E-18
8.250000E+03	3.054257E-17	1.057297E-18
8.260000E+03	3.026470E-17	1.049411E-18
8.270000E+03	3.001297E-17	1.042417E-18
8.280000E+03	2.978572E-17	1.036261E-18
8.290000E+03	2.958449E-17	1.031001E-18
8.300000E+03	2.940805E-17	1.026598E-18
8.310000E+03	2.925622E-17	1.023048E-18
8.320000E+03	2.912928E-17	1.020367E-18
8.330000E+03	2.902696E-17	1.018548E-18
8.340000E+03	2.894836E-17	1.017564E-18
8.350000E+03	2.889316E-17	1.017407E-18
8.360000E+03	2.886091E-17	1.018066E-18
8.370000E+03	2.885174E-17	1.019549E-18
8.380000E+03	2.886462E-17	1.021825E-18
8.390000E+03	2.889850E-17	1.024858E-18
8.400000E+03	2.895394E-17	1.028674E-18
8.410000E+03	2.902925E-17	1.033216E-18
8.420000E+03	2.912381E-17	1.038465E-18
8.430000E+03	2.923807E-17	1.044442E-18
8.440000E+03	2.936966E-17	1.051065E-18
8.450000E+03	2.951896E-17	1.058351E-18
8.460000E+03	2.968518E-17	1.066275E-18
8.470000E+03	2.986633E-17	1.074769E-18
8.480000E+03	3.006210E-17	1.083825E-18
8.490000E+03	3.027153E-17	1.093410E-18
8.500000E+03	3.049302E-17	1.103470E-18
8.510000E+03	3.072607E-17	1.113990E-18
8.520000E+03	3.096896E-17	1.124908E-18
8.530000E+03	3.122108E-17	1.136205E-18
8.540000E+03	3.147993E-17	1.147791E-18
8.550000E+03	3.174478E-17	1.159642E-18
8.560000E+03	3.201418E-17	1.171706E-18
8.570000E+03	3.228668E-17	1.183929E-18
8.580000E+03	3.256006E-17	1.196232E-18
8.590000E+03	3.283268E-17	1.208555E-18
8.600000E+03	3.310220E-17	1.220810E-18
8.610000E+03	3.336819E-17	1.232982E-18
8.620000E+03	3.362751E-17	1.244954E-18
8.630000E+03	3.387833E-17	1.256655E-18
8.640000E+03	3.411877E-17	1.268015E-18
8.650000E+03	3.434696E-17	1.278962E-18
8.660000E+03	3.456030E-17	1.289396E-18
8.670000E+03	3.475692E-17	1.299244E-18
8.680000E+03	3.493498E-17	1.308433E-18
8.690000E+03	3.509271E-17	1.316893E-18
8.700000E+03	3.522694E-17	1.324501E-18
8.710000E+03	3.533677E-17	1.331216E-18
8.720000E+03	3.542000E-17	1.336951E-18
8.730000E+03	3.547526E-17	1.341649E-18
8.740000E+03	3.550138E-17	1.345257E-18
8.750000E+03	3.549587E-17	1.347676E-18
8.760000E+03	3.545796E-17	1.348869E-18
8.770000E+03	3.538711E-17	1.348808E-18
8.780000E+03	3.528302E-17	1.347473E-18
8.790000E+03	3.514418E-17	1.344800E-18
8.800000E+03	3.497081E-17	1.340790E-18
8.810000E+03	3.476272E-17	1.335426E-18
8.820000E+03	3.452151E-17	1.328762E-18
8.830000E+03	3.424752E-17	1.320804E-18
8.840000E+03	3.394218E-17	1.311599E-18
8.850000E+03	3.360789E-17	1.301233E-18
8.860000E+03	3.324732E-17	1.289803E-18
8.870000E+03	3.286258E-17	1.277384E-18
8.880000E+03	3.245746E-17	1.264119E-18
8.890000E+03	3.203439E-17	1.250096E-18
8.900000E+03	3.159739E-17	1.235470E-18
8.910000E+03	3.114910E-17	1.220339E-18
8.920000E+03	3.069286E-17	1.204832E-18
8.930000E+03	3.023208E-17	1.189081E-18
8.940000E+03	2.976936E-17	1.173186E-18
8.950000E+03	2.930797E-17	1.157276E-18
8.960000E+03	2.885175E-17	1.141504E-18
8.970000E+03	2.840156E-17	1.125902E-18
8.980000E+03	2.796088E-17	1.110612E-18
8.990000E+03	2.753221E-17	1.095734E-18
9.000000E+03	2.711555E-17	1.081271E-18
9.040000E+03	2.559735E-17	1.028754E-18
9.080000E+03	2.430980E-17	9.846527E-19
9.120000E+03	2.322310E-17	9.479538E-19
9.160000E+03	2.230450E-17	9.174887E-19
9.200000E+03	2.152554E-17	8.922287E-19
9.240000E+03	2.086452E-17	8.713914E-19
9.280000E+03	2.030505E-17	8.543932E-19
9.320000E+03	1.983660E-17	8.408781E-19
9.360000E+03	1.945126E-17	8.305900E-19
9.400000E+03	1.914132E-17	8.232708E-19
9.440000E+03	1.890157E-17	8.187615E-19
9.480000E+03	1.872402E-17	8.167758E-19
9.520000E+03	1.860135E-17	8.170455E-19
9.560000E+03	1.852364E-17	8.191791E-19
9.600000E+03	1.848108E-17	8.227775E-19
9.640000E+03	1.846364E-17	8.274191E-19
9.680000E+03	1.846153E-17	8.326829E-19
9.720000E+03	1.846380E-17	8.380818E-19
9.760000E+03	1.846454E-17	8.433472E-19
9.800000E+03	1.845534E-17	8.480898E-19
9.840000E+03	1.843019E-17	8.520215E-19
9.880000E+03	1.838574E-17	8.549712E-19
9.920000E+03	1.832015E-17	8.568370E-19
9.960000E+03	1.823294E-17	8.575786E-19
1.000000E+04	1.812096E-17	8.570297E-19
1.004000E+04	1.798805E-17	8.553544E-19
1.008000E+04	1.783365E-17	8.525098E-19
1.012000E+04	1.766139E-17	8.486563E-19
1.016000E+04	1.747110E-17	8.437731E-19
1.020000E+04	1.726665E-17	8.380382E-19
1.024000E+04	1.705054E-17	8.315644E-19
1.028000E+04	1.682364E-17	8.243899E-19
1.032000E+04	1.658657E-17	8.165393E-19
