#wls	flux	fluxerr
1.600000E+03	4.759312E-19	0.000000E+00
1.640000E+03	4.873618E-19	0.000000E+00
1.680000E+03	4.992962E-19	0.000000E+00
1.720000E+03	5.119299E-19	0.000000E+00
1.760000E+03	5.251139E-19	0.000000E+00
1.800000E+03	5.389607E-19	0.000000E+00
1.840000E+03	5.534968E-19	0.000000E+00
1.880000E+03	5.688452E-19	0.000000E+00
1.920000E+03	5.849420E-19	0.000000E+00
1.960000E+03	6.019153E-19	0.000000E+00
2.000000E+03	6.196980E-19	0.000000E+00
2.040000E+03	6.385277E-19	0.000000E+00
2.080000E+03	6.582329E-19	0.000000E+00
2.120000E+03	6.790608E-19	0.000000E+00
2.160000E+03	7.009420E-19	0.000000E+00
2.200000E+03	7.239109E-19	0.000000E+00
2.240000E+03	7.482354E-19	0.000000E+00
2.280000E+03	7.738435E-19	0.000000E+00
2.320000E+03	8.007737E-19	0.000000E+00
2.360000E+03	8.290622E-19	0.000000E+00
2.400000E+03	8.589991E-19	0.000000E+00
2.440000E+03	8.903683E-19	0.000000E+00
2.480000E+03	9.235983E-19	0.000000E+00
2.520000E+03	9.584605E-19	0.000000E+00
2.560000E+03	9.951163E-19	0.000000E+00
2.600000E+03	1.033590E-18	0.000000E+00
2.640000E+03	1.074189E-18	0.000000E+00
2.680000E+03	1.116785E-18	0.000000E+00
2.720000E+03	1.161377E-18	0.000000E+00
2.760000E+03	1.208265E-18	0.000000E+00
2.800000E+03	1.257434E-18	0.000000E+00
2.840000E+03	1.308853E-18	0.000000E+00
2.880000E+03	1.362467E-18	0.000000E+00
2.920000E+03	1.418536E-18	0.000000E+00
2.960000E+03	1.476972E-18	0.000000E+00
3.000000E+03	1.537654E-18	0.000000E+00
3.010000E+03	1.553208E-18	0.000000E+00
3.020000E+03	1.568946E-18	0.000000E+00
3.030000E+03	1.584866E-18	0.000000E+00
3.040000E+03	1.600787E-18	0.000000E+00
3.050000E+03	1.616882E-18	0.000000E+00
3.060000E+03	1.633151E-18	0.000000E+00
3.070000E+03	1.649590E-18	0.000000E+00
3.080000E+03	1.666195E-18	0.000000E+00
3.090000E+03	1.682782E-18	0.000000E+00
3.100000E+03	1.699527E-18	0.000000E+00
3.110000E+03	1.716612E-18	0.000000E+00
3.120000E+03	1.733665E-18	0.000000E+00
3.130000E+03	1.750866E-18	0.000000E+00
3.140000E+03	1.768210E-18	0.000000E+00
3.150000E+03	1.785507E-18	0.000000E+00
3.160000E+03	1.803124E-18	0.000000E+00
3.170000E+03	1.820872E-18	0.000000E+00
3.180000E+03	1.838745E-18	0.000000E+00
3.190000E+03	1.856549E-18	0.000000E+00
3.200000E+03	1.874656E-18	0.000000E+00
3.210000E+03	1.892873E-18	0.000000E+00
3.220000E+03	1.911003E-18	0.000000E+00
3.230000E+03	1.929421E-18	0.000000E+00
3.240000E+03	1.947931E-18	0.000000E+00
3.250000E+03	1.966334E-18	0.000000E+00
3.260000E+03	1.985008E-18	0.000000E+00
3.270000E+03	2.003755E-18	0.000000E+00
3.280000E+03	2.022567E-18	0.000000E+00
3.290000E+03	2.041438E-18	0.000000E+00
3.300000E+03	2.060361E-18	0.000000E+00
3.310000E+03	2.079329E-18	0.000000E+00
3.320000E+03	2.098527E-18	0.000000E+00
3.330000E+03	2.117561E-18	0.000000E+00
3.340000E+03	2.136810E-18	0.000000E+00
3.350000E+03	2.156074E-18	0.000000E+00
3.360000E+03	2.175343E-18	0.000000E+00
3.370000E+03	2.194610E-18	0.000000E+00
3.380000E+03	2.213865E-18	0.000000E+00
3.390000E+03	2.233296E-18	0.000000E+00
3.400000E+03	2.252698E-18	0.000000E+00
3.410000E+03	2.272064E-18	0.000000E+00
3.420000E+03	2.291579E-18	0.000000E+00
3.430000E+03	2.310842E-18	0.000000E+00
3.440000E+03	2.330237E-18	0.000000E+00
3.450000E+03	2.349558E-18	0.000000E+00
3.460000E+03	2.368990E-18	0.000000E+00
3.470000E+03	2.388330E-18	0.000000E+00
3.480000E+03	2.407568E-18	0.000000E+00
3.490000E+03	2.426887E-18	0.000000E+00
3.500000E+03	2.446085E-18	0.000000E+00
3.510000E+03	2.465150E-18	0.000000E+00
3.520000E+03	2.484267E-18	0.000000E+00
3.530000E+03	2.503233E-18	0.000000E+00
3.540000E+03	2.522035E-18	0.000000E+00
3.550000E+03	2.540860E-18	0.000000E+00
3.560000E+03	2.559502E-18	0.000000E+00
3.570000E+03	2.578145E-18	0.000000E+00
3.580000E+03	2.596585E-18	0.000000E+00
3.590000E+03	2.614812E-18	0.000000E+00
3.600000E+03	2.633010E-18	0.000000E+00
3.610000E+03	2.651167E-18	0.000000E+00
3.620000E+03	2.669080E-18	0.000000E+00
3.630000E+03	2.686740E-18	0.000000E+00
3.640000E+03	2.704330E-18	0.000000E+00
3.650000E+03	2.721647E-18	0.000000E+00
3.660000E+03	2.738872E-18	0.000000E+00
3.670000E+03	2.755807E-18	0.000000E+00
3.680000E+03	2.772631E-18	0.000000E+00
3.690000E+03	2.789333E-18	0.000000E+00
3.700000E+03	2.805527E-18	0.000000E+00
3.710000E+03	2.821771E-18	0.000000E+00
3.720000E+03	2.837678E-18	0.000000E+00
3.730000E+03	2.853240E-18	0.000000E+00
3.740000E+03	2.868636E-18	0.000000E+00
3.750000E+03	2.883671E-18	0.000000E+00
3.760000E+03	2.898524E-18	0.000000E+00
3.770000E+03	2.913187E-18	0.000000E+00
3.780000E+03	2.927466E-18	0.000000E+00
3.790000E+03	2.941356E-18	0.000000E+00
3.800000E+03	2.955032E-18	0.000000E+00
3.810000E+03	2.968309E-18	0.000000E+00
3.820000E+03	2.981360E-18	0.000000E+00
3.830000E+03	2.994178E-18	0.000000E+00
3.840000E+03	3.006577E-18	0.000000E+00
3.850000E+03	3.018555E-18	0.000000E+00
3.860000E+03	3.030286E-18	0.000000E+00
3.870000E+03	3.041587E-18	0.000000E+00
3.880000E+03	3.052631E-18	0.000000E+00
3.890000E+03	3.063240E-18	0.000000E+00
3.900000E+03	3.073411E-18	0.000000E+00
3.910000E+03	3.083316E-18	0.000000E+00
3.920000E+03	3.092950E-18	0.000000E+00
3.930000E+03	3.101972E-18	0.000000E+00
3.940000E+03	3.110721E-18	0.000000E+00
3.950000E+03	3.119196E-18	0.000000E+00
3.960000E+03	3.127061E-18	0.000000E+00
3.970000E+03	3.134651E-18	0.000000E+00
3.980000E+03	3.141965E-18	0.000000E+00
3.990000E+03	3.148677E-18	0.000000E+00
4.000000E+03	3.155116E-18	0.000000E+00
4.010000E+03	3.160960E-18	0.000000E+00
4.020000E+03	3.166536E-18	0.000000E+00
4.030000E+03	3.171844E-18	0.000000E+00
4.040000E+03	3.176571E-18	0.000000E+00
4.050000E+03	3.180882E-18	0.000000E+00
4.060000E+03	3.184780E-18	0.000000E+00
4.070000E+03	3.188425E-18	0.000000E+00
4.080000E+03	3.191517E-18	0.000000E+00
4.090000E+03	3.194213E-18	0.000000E+00
4.100000E+03	3.196522E-18	0.000000E+00
4.110000E+03	3.198452E-18	0.000000E+00
4.120000E+03	3.200007E-18	0.000000E+00
4.130000E+03	3.201197E-18	0.000000E+00
4.140000E+03	3.201883E-18	0.000000E+00
4.150000E+03	3.202222E-18	0.000000E+00
4.160000E+03	3.202078E-18	0.000000E+00
4.170000E+03	3.201748E-18	0.000000E+00
4.180000E+03	3.200814E-18	0.000000E+00
4.190000E+03	3.199710E-18	0.000000E+00
4.200000E+03	3.198028E-18	0.000000E+00
4.210000E+03	3.196194E-18	0.000000E+00
4.220000E+03	3.193808E-18	0.000000E+00
4.230000E+03	3.191155E-18	0.000000E+00
4.240000E+03	3.188111E-18	0.000000E+00
4.250000E+03	3.184689E-18	0.000000E+00
4.260000E+03	3.181033E-18	0.000000E+00
4.270000E+03	3.176893E-18	0.000000E+00
4.280000E+03	3.172543E-18	0.000000E+00
4.290000E+03	3.167867E-18	0.000000E+00
4.300000E+03	3.162750E-18	0.000000E+00
4.310000E+03	3.157458E-18	0.000000E+00
4.320000E+03	3.151755E-18	0.000000E+00
4.330000E+03	3.145779E-18	0.000000E+00
4.340000E+03	3.139543E-18	0.000000E+00
4.350000E+03	3.132940E-18	0.000000E+00
4.360000E+03	3.126224E-18	0.000000E+00
4.370000E+03	3.119049E-18	0.000000E+00
4.380000E+03	3.111670E-18	0.000000E+00
4.390000E+03	3.104097E-18	0.000000E+00
4.400000E+03	3.096229E-18	0.000000E+00
4.410000E+03	3.088193E-18	0.000000E+00
4.420000E+03	3.079776E-18	0.000000E+00
4.430000E+03	3.071221E-18	0.000000E+00
4.440000E+03	3.062427E-18	0.000000E+00
4.450000E+03	3.053515E-18	0.000000E+00
4.460000E+03	3.044284E-18	0.000000E+00
4.470000E+03	3.034855E-18	0.000000E+00
4.480000E+03	3.025347E-18	0.000000E+00
4.490000E+03	3.015562E-18	0.000000E+00
4.500000E+03	3.005722E-18	0.000000E+00
4.510000E+03	2.995629E-18	0.000000E+00
4.520000E+03	2.985404E-18	0.000000E+00
4.530000E+03	2.974953E-18	0.000000E+00
4.540000E+03	2.964495E-18	0.000000E+00
4.550000E+03	2.953836E-18	0.000000E+00
4.560000E+03	2.943091E-18	0.000000E+00
4.570000E+03	2.932171E-18	0.000000E+00
4.580000E+03	2.921187E-18	0.000000E+00
4.590000E+03	2.910051E-18	0.000000E+00
4.600000E+03	2.898871E-18	0.000000E+00
4.610000E+03	2.887562E-18	0.000000E+00
4.620000E+03	2.876229E-18	0.000000E+00
4.630000E+03	2.864788E-18	0.000000E+00
4.640000E+03	2.853340E-18	0.000000E+00
4.650000E+03	2.841803E-18	0.000000E+00
4.660000E+03	2.830188E-18	0.000000E+00
4.670000E+03	2.818504E-18	0.000000E+00
4.680000E+03	2.806846E-18	0.000000E+00
4.690000E+03	2.795137E-18	0.000000E+00
4.700000E+03	2.783382E-18	0.000000E+00
4.710000E+03	2.771592E-18	0.000000E+00
4.720000E+03	2.759857E-18	0.000000E+00
4.730000E+03	2.748015E-18	0.000000E+00
4.740000E+03	2.736244E-18	0.000000E+00
4.750000E+03	2.724463E-18	0.000000E+00
4.760000E+03	2.712679E-18	0.000000E+00
4.770000E+03	2.700899E-18	0.000000E+00
4.780000E+03	2.689209E-18	0.000000E+00
4.790000E+03	2.677453E-18	0.000000E+00
4.800000E+03	2.665717E-18	0.000000E+00
4.810000E+03	2.654084E-18	0.000000E+00
4.820000E+03	2.642401E-18	0.000000E+00
4.830000E+03	2.630828E-18	0.000000E+00
4.840000E+03	2.619291E-18	0.000000E+00
4.850000E+03	2.607718E-18	0.000000E+00
4.860000E+03	2.596264E-18	0.000000E+00
4.870000E+03	2.584855E-18	0.000000E+00
4.880000E+03	2.573496E-18	0.000000E+00
4.890000E+03	2.562188E-18	0.000000E+00
4.900000E+03	2.550932E-18	0.000000E+00
4.910000E+03	2.539732E-18	0.000000E+00
4.920000E+03	2.528588E-18	0.000000E+00
4.930000E+03	2.517502E-18	0.000000E+00
4.940000E+03	2.506476E-18	0.000000E+00
4.950000E+03	2.495510E-18	0.000000E+00
4.960000E+03	2.484675E-18	0.000000E+00
4.970000E+03	2.473831E-18	0.000000E+00
4.980000E+03	2.463118E-18	0.000000E+00
4.990000E+03	2.452465E-18	0.000000E+00
5.000000E+03	2.441873E-18	0.000000E+00
5.010000E+03	2.431342E-18	0.000000E+00
5.020000E+03	2.420871E-18	0.000000E+00
5.030000E+03	2.410458E-18	0.000000E+00
5.040000E+03	2.400171E-18	0.000000E+00
5.050000E+03	2.389875E-18	0.000000E+00
5.060000E+03	2.379700E-18	0.000000E+00
5.070000E+03	2.369578E-18	0.000000E+00
5.080000E+03	2.359510E-18	0.000000E+00
5.090000E+03	2.349557E-18	0.000000E+00
5.100000E+03	2.339590E-18	0.000000E+00
5.110000E+03	2.329732E-18	0.000000E+00
5.120000E+03	2.319921E-18	0.000000E+00
5.130000E+03	2.310215E-18	0.000000E+00
5.140000E+03	2.300486E-18	0.000000E+00
5.150000E+03	2.290859E-18	0.000000E+00
5.160000E+03	2.281267E-18	0.000000E+00
5.170000E+03	2.271770E-18	0.000000E+00
5.180000E+03	2.262305E-18	0.000000E+00
5.190000E+03	2.252867E-18	0.000000E+00
5.200000E+03	2.243455E-18	0.000000E+00
5.210000E+03	2.234128E-18	0.000000E+00
5.220000E+03	2.224820E-18	0.000000E+00
5.230000E+03	2.215531E-18	0.000000E+00
5.240000E+03	2.206316E-18	0.000000E+00
5.250000E+03	2.197114E-18	0.000000E+00
5.260000E+03	2.187981E-18	0.000000E+00
5.270000E+03	2.178854E-18	0.000000E+00
5.280000E+03	2.169734E-18	0.000000E+00
5.290000E+03	2.160674E-18	0.000000E+00
5.300000E+03	2.151614E-18	0.000000E+00
5.310000E+03	2.142608E-18	0.000000E+00
5.320000E+03	2.133598E-18	0.000000E+00
5.330000E+03	2.124580E-18	0.000000E+00
5.340000E+03	2.115610E-18	0.000000E+00
5.350000E+03	2.106685E-18	0.000000E+00
5.360000E+03	2.097747E-18	0.000000E+00
5.370000E+03	2.088793E-18	0.000000E+00
5.380000E+03	2.079878E-18	0.000000E+00
5.390000E+03	2.070998E-18	0.000000E+00
5.400000E+03	2.062098E-18	0.000000E+00
5.410000E+03	2.053230E-18	0.000000E+00
5.420000E+03	2.044339E-18	0.000000E+00
5.430000E+03	2.035424E-18	0.000000E+00
5.440000E+03	2.026589E-18	0.000000E+00
5.450000E+03	2.017727E-18	0.000000E+00
5.460000E+03	2.008838E-18	0.000000E+00
5.470000E+03	1.999973E-18	0.000000E+00
5.480000E+03	1.991129E-18	0.000000E+00
5.490000E+03	1.982257E-18	0.000000E+00
5.500000E+03	1.973405E-18	0.000000E+00
5.510000E+03	1.964573E-18	0.000000E+00
5.520000E+03	1.955761E-18	0.000000E+00
5.530000E+03	1.946919E-18	0.000000E+00
5.540000E+03	1.938094E-18	0.000000E+00
5.550000E+03	1.929238E-18	0.000000E+00
5.560000E+03	1.920451E-18	0.000000E+00
5.570000E+03	1.911633E-18	0.000000E+00
5.580000E+03	1.902833E-18	0.000000E+00
5.590000E+03	1.894002E-18	0.000000E+00
5.600000E+03	1.885240E-18	0.000000E+00
5.610000E+03	1.876448E-18	0.000000E+00
5.620000E+03	1.867675E-18	0.000000E+00
5.630000E+03	1.858923E-18	0.000000E+00
5.640000E+03	1.850191E-18	0.000000E+00
5.650000E+03	1.841480E-18	0.000000E+00
5.660000E+03	1.832790E-18	0.000000E+00
5.670000E+03	1.824123E-18	0.000000E+00
5.680000E+03	1.815431E-18	0.000000E+00
5.690000E+03	1.806811E-18	0.000000E+00
5.700000E+03	1.798167E-18	0.000000E+00
5.710000E+03	1.789596E-18	0.000000E+00
5.720000E+03	1.781049E-18	0.000000E+00
5.730000E+03	1.772484E-18	0.000000E+00
5.740000E+03	1.763991E-18	0.000000E+00
5.750000E+03	1.755527E-18	0.000000E+00
5.760000E+03	1.747091E-18	0.000000E+00
5.770000E+03	1.738685E-18	0.000000E+00
5.780000E+03	1.730309E-18	0.000000E+00
5.790000E+03	1.721965E-18	0.000000E+00
5.800000E+03	1.713652E-18	0.000000E+00
5.810000E+03	1.705415E-18	0.000000E+00
5.820000E+03	1.697211E-18	0.000000E+00
5.830000E+03	1.689041E-18	0.000000E+00
5.840000E+03	1.680904E-18	0.000000E+00
5.850000E+03	1.672801E-18	0.000000E+00
5.860000E+03	1.664777E-18	0.000000E+00
5.870000E+03	1.656788E-18	0.000000E+00
5.880000E+03	1.648833E-18	0.000000E+00
5.890000E+03	1.640914E-18	0.000000E+00
5.900000E+03	1.633073E-18	0.000000E+00
5.910000E+03	1.625269E-18	0.000000E+00
5.920000E+03	1.617498E-18	0.000000E+00
5.930000E+03	1.609806E-18	0.000000E+00
5.940000E+03	1.602149E-18	0.000000E+00
5.950000E+03	1.594568E-18	0.000000E+00
5.960000E+03	1.586981E-18	0.000000E+00
5.970000E+03	1.579469E-18	0.000000E+00
5.980000E+03	1.572033E-18	0.000000E+00
5.990000E+03	1.564629E-18	0.000000E+00
6.000000E+03	1.557258E-18	0.000000E+00
6.010000E+03	1.549959E-18	0.000000E+00
6.020000E+03	1.542692E-18	0.000000E+00
6.030000E+03	1.535495E-18	0.000000E+00
6.040000E+03	1.528327E-18	0.000000E+00
6.050000E+03	1.521227E-18	0.000000E+00
6.060000E+03	1.514155E-18	0.000000E+00
6.070000E+03	1.507148E-18	0.000000E+00
6.080000E+03	1.500166E-18	0.000000E+00
6.090000E+03	1.493208E-18	0.000000E+00
6.100000E+03	1.486311E-18	0.000000E+00
6.110000E+03	1.479475E-18	0.000000E+00
6.120000E+03	1.472658E-18	0.000000E+00
6.130000E+03	1.465897E-18	0.000000E+00
6.140000E+03	1.459154E-18	0.000000E+00
6.150000E+03	1.452463E-18	0.000000E+00
6.160000E+03	1.445786E-18	0.000000E+00
6.170000E+03	1.439159E-18	0.000000E+00
6.180000E+03	1.432580E-18	0.000000E+00
6.190000E+03	1.426010E-18	0.000000E+00
6.200000E+03	1.419485E-18	0.000000E+00
6.210000E+03	1.412963E-18	0.000000E+00
6.220000E+03	1.406484E-18	0.000000E+00
6.230000E+03	1.400042E-18	0.000000E+00
6.240000E+03	1.393601E-18	0.000000E+00
6.250000E+03	1.387194E-18	0.000000E+00
6.260000E+03	1.380822E-18	0.000000E+00
6.270000E+03	1.374443E-18	0.000000E+00
6.280000E+03	1.368095E-18	0.000000E+00
6.290000E+03	1.361774E-18	0.000000E+00
6.300000E+03	1.355443E-18	0.000000E+00
6.310000E+03	1.349173E-18	0.000000E+00
6.320000E+03	1.342888E-18	0.000000E+00
6.330000E+03	1.336589E-18	0.000000E+00
6.340000E+03	1.330344E-18	0.000000E+00
6.350000E+03	1.324082E-18	0.000000E+00
6.360000E+03	1.317835E-18	0.000000E+00
6.370000E+03	1.311604E-18	0.000000E+00
6.380000E+03	1.305349E-18	0.000000E+00
6.390000E+03	1.299141E-18	0.000000E+00
6.400000E+03	1.292909E-18	0.000000E+00
6.410000E+03	1.286686E-18	0.000000E+00
6.420000E+03	1.280471E-18	0.000000E+00
6.430000E+03	1.274263E-18	0.000000E+00
6.440000E+03	1.268061E-18	0.000000E+00
6.450000E+03	1.261863E-18	0.000000E+00
6.460000E+03	1.255634E-18	0.000000E+00
6.470000E+03	1.249445E-18	0.000000E+00
6.480000E+03	1.243256E-18	0.000000E+00
6.490000E+03	1.237036E-18	0.000000E+00
6.500000E+03	1.230851E-18	0.000000E+00
6.510000E+03	1.224631E-18	0.000000E+00
6.520000E+03	1.218447E-18	0.000000E+00
6.530000E+03	1.212229E-18	0.000000E+00
6.540000E+03	1.206045E-18	0.000000E+00
6.550000E+03	1.199826E-18	0.000000E+00
6.560000E+03	1.193641E-18	0.000000E+00
6.570000E+03	1.187455E-18	0.000000E+00
6.580000E+03	1.181269E-18	0.000000E+00
6.590000E+03	1.175083E-18	0.000000E+00
6.600000E+03	1.168897E-18	0.000000E+00
6.610000E+03	1.162711E-18	0.000000E+00
6.620000E+03	1.156560E-18	0.000000E+00
6.630000E+03	1.150377E-18	0.000000E+00
6.640000E+03	1.144229E-18	0.000000E+00
6.650000E+03	1.138083E-18	0.000000E+00
6.660000E+03	1.131940E-18	0.000000E+00
6.670000E+03	1.125833E-18	0.000000E+00
6.680000E+03	1.119700E-18	0.000000E+00
6.690000E+03	1.113604E-18	0.000000E+00
6.700000E+03	1.107514E-18	0.000000E+00
6.710000E+03	1.101463E-18	0.000000E+00
6.720000E+03	1.095420E-18	0.000000E+00
6.730000E+03	1.089355E-18	0.000000E+00
6.740000E+03	1.083363E-18	0.000000E+00
6.750000E+03	1.077352E-18	0.000000E+00
6.760000E+03	1.071384E-18	0.000000E+00
6.770000E+03	1.065429E-18	0.000000E+00
6.780000E+03	1.059519E-18	0.000000E+00
6.790000E+03	1.053626E-18	0.000000E+00
6.800000E+03	1.047748E-18	0.000000E+00
6.810000E+03	1.041920E-18	0.000000E+00
6.820000E+03	1.036080E-18	0.000000E+00
6.830000E+03	1.030321E-18	0.000000E+00
6.840000E+03	1.024552E-18	0.000000E+00
6.850000E+03	1.018835E-18	0.000000E+00
6.860000E+03	1.013172E-18	0.000000E+00
6.870000E+03	1.007503E-18	0.000000E+00
6.880000E+03	1.001889E-18	0.000000E+00
6.890000E+03	9.963299E-19	0.000000E+00
6.900000E+03	9.907981E-19	0.000000E+00
6.910000E+03	9.852942E-19	0.000000E+00
6.920000E+03	9.798191E-19	0.000000E+00
6.930000E+03	9.744017E-19	0.000000E+00
6.940000E+03	9.690437E-19	0.000000E+00
6.950000E+03	9.636884E-19	0.000000E+00
6.960000E+03	9.583927E-19	0.000000E+00
6.970000E+03	9.531286E-19	0.000000E+00
6.980000E+03	9.479257E-19	0.000000E+00
6.990000E+03	9.427564E-19	0.000000E+00
7.000000E+03	9.376474E-19	0.000000E+00
7.010000E+03	9.325449E-19	0.000000E+00
7.020000E+03	9.275048E-19	0.000000E+00
7.030000E+03	9.224986E-19	0.000000E+00
7.040000E+03	9.175542E-19	0.000000E+00
7.050000E+03	9.126445E-19	0.000000E+00
7.060000E+03	9.077693E-19	0.000000E+00
7.070000E+03	9.029287E-19	0.000000E+00
7.080000E+03	8.981498E-19	0.000000E+00
7.090000E+03	8.934050E-19	0.000000E+00
7.100000E+03	8.886945E-19	0.000000E+00
7.110000E+03	8.840443E-19	0.000000E+00
7.120000E+03	8.794013E-19	0.000000E+00
7.130000E+03	8.748179E-19	0.000000E+00
7.140000E+03	8.702673E-19	0.000000E+00
7.150000E+03	8.657489E-19	0.000000E+00
7.160000E+03	8.612623E-19	0.000000E+00
7.170000E+03	8.568070E-19	0.000000E+00
7.180000E+03	8.524082E-19	0.000000E+00
7.190000E+03	8.480391E-19	0.000000E+00
7.200000E+03	8.436735E-19	0.000000E+00
7.210000E+03	8.393620E-19	0.000000E+00
7.220000E+03	8.350780E-19	0.000000E+00
7.230000E+03	8.308209E-19	0.000000E+00
7.240000E+03	8.265645E-19	0.000000E+00
7.250000E+03	8.223584E-19	0.000000E+00
7.260000E+03	8.181764E-19	0.000000E+00
7.270000E+03	8.140177E-19	0.000000E+00
7.280000E+03	8.098812E-19	0.000000E+00
7.290000E+03	8.057413E-19	0.000000E+00
7.300000E+03	8.016465E-19	0.000000E+00
7.310000E+03	7.975465E-19	0.000000E+00
7.320000E+03	7.934893E-19	0.000000E+00
7.330000E+03	7.894251E-19	0.000000E+00
7.340000E+03	7.853772E-19	0.000000E+00
7.350000E+03	7.813448E-19	0.000000E+00
7.360000E+03	7.773266E-19	0.000000E+00
7.370000E+03	7.732979E-19	0.000000E+00
7.380000E+03	7.692817E-19	0.000000E+00
7.390000E+03	7.652771E-19	0.000000E+00
7.400000E+03	7.612829E-19	0.000000E+00
7.410000E+03	7.572983E-19	0.000000E+00
7.420000E+03	7.532988E-19	0.000000E+00
7.430000E+03	7.493072E-19	0.000000E+00
7.440000E+03	7.452993E-19	0.000000E+00
7.450000E+03	7.412977E-19	0.000000E+00
7.460000E+03	7.373014E-19	0.000000E+00
7.470000E+03	7.333097E-19	0.000000E+00
7.480000E+03	7.292990E-19	0.000000E+00
7.490000E+03	7.252916E-19	0.000000E+00
7.500000E+03	7.212642E-19	0.000000E+00
7.510000E+03	7.172388E-19	0.000000E+00
7.520000E+03	7.131924E-19	0.000000E+00
7.530000E+03	7.091471E-19	0.000000E+00
7.540000E+03	7.051023E-19	0.000000E+00
7.550000E+03	7.010355E-19	0.000000E+00
7.560000E+03	6.969466E-19	0.000000E+00
7.570000E+03	6.928791E-19	0.000000E+00
7.580000E+03	6.887671E-19	0.000000E+00
7.590000E+03	6.846543E-19	0.000000E+00
7.600000E+03	6.805404E-19	0.000000E+00
7.610000E+03	6.764039E-19	0.000000E+00
7.620000E+03	6.722448E-19	0.000000E+00
7.630000E+03	6.680846E-19	0.000000E+00
7.640000E+03	6.639021E-19	0.000000E+00
7.650000E+03	6.597189E-19	0.000000E+00
7.660000E+03	6.555140E-19	0.000000E+00
7.670000E+03	6.512878E-19	0.000000E+00
7.680000E+03	6.470615E-19	0.000000E+00
7.690000E+03	6.428148E-19	0.000000E+00
7.700000E+03	6.385688E-19	0.000000E+00
7.710000E+03	6.342830E-19	0.000000E+00
7.720000E+03	6.300192E-19	0.000000E+00
7.730000E+03	6.257172E-19	0.000000E+00
7.740000E+03	6.214181E-19	0.000000E+00
7.750000E+03	6.171224E-19	0.000000E+00
7.760000E+03	6.127910E-19	0.000000E+00
7.770000E+03	6.084647E-19	0.000000E+00
7.780000E+03	6.041244E-19	0.000000E+00
7.790000E+03	5.997907E-19	0.000000E+00
7.800000E+03	5.954448E-19	0.000000E+00
7.810000E+03	5.910880E-19	0.000000E+00
7.820000E+03	5.867211E-19	0.000000E+00
7.830000E+03	5.823646E-19	0.000000E+00
7.840000E+03	5.780003E-19	0.000000E+00
7.850000E+03	5.736293E-19	0.000000E+00
7.860000E+03	5.692717E-19	0.000000E+00
7.870000E+03	5.648910E-19	0.000000E+00
7.880000E+03	5.605261E-19	0.000000E+00
7.890000E+03	5.561777E-19	0.000000E+00
7.900000E+03	5.518102E-19	0.000000E+00
7.910000E+03	5.474617E-19	0.000000E+00
7.920000E+03	5.431152E-19	0.000000E+00
7.930000E+03	5.387898E-19	0.000000E+00
7.940000E+03	5.344509E-19	0.000000E+00
7.950000E+03	5.301356E-19	0.000000E+00
7.960000E+03	5.258273E-19	0.000000E+00
7.970000E+03	5.215274E-19	0.000000E+00
7.980000E+03	5.172547E-19	0.000000E+00
7.990000E+03	5.129927E-19	0.000000E+00
8.000000E+03	5.087429E-19	0.000000E+00
8.010000E+03	5.045064E-19	0.000000E+00
8.020000E+03	5.003017E-19	0.000000E+00
8.030000E+03	4.960959E-19	0.000000E+00
8.040000E+03	4.919411E-19	0.000000E+00
8.050000E+03	4.877875E-19	0.000000E+00
8.060000E+03	4.836534E-19	0.000000E+00
8.070000E+03	4.795566E-19	0.000000E+00
8.080000E+03	4.754814E-19	0.000000E+00
8.090000E+03	4.714456E-19	0.000000E+00
8.100000E+03	4.674172E-19	0.000000E+00
8.110000E+03	4.634300E-19	0.000000E+00
8.120000E+03	4.594688E-19	0.000000E+00
8.130000E+03	4.555504E-19	0.000000E+00
8.140000E+03	4.516440E-19	0.000000E+00
8.150000E+03	4.477823E-19	0.000000E+00
8.160000E+03	4.439660E-19	0.000000E+00
8.170000E+03	4.401644E-19	0.000000E+00
8.180000E+03	4.364098E-19	0.000000E+00
8.190000E+03	4.326874E-19	0.000000E+00
8.200000E+03	4.289978E-19	0.000000E+00
8.210000E+03	4.253571E-19	0.000000E+00
8.220000E+03	4.217505E-19	0.000000E+00
8.230000E+03	4.181940E-19	0.000000E+00
8.240000E+03	4.146577E-19	0.000000E+00
8.250000E+03	4.111724E-19	0.000000E+00
8.260000E+03	4.077386E-19	0.000000E+00
8.270000E+03	4.043267E-19	0.000000E+00
8.280000E+03	4.009671E-19	0.000000E+00
8.290000E+03	3.976599E-19	0.000000E+00
8.300000E+03	3.943761E-19	0.000000E+00
8.310000E+03	3.911454E-19	0.000000E+00
8.320000E+03	3.879679E-19	0.000000E+00
8.330000E+03	3.848148E-19	0.000000E+00
8.340000E+03	3.817297E-19	0.000000E+00
8.350000E+03	3.786695E-19	0.000000E+00
8.360000E+03	3.756632E-19	0.000000E+00
8.370000E+03	3.726964E-19	0.000000E+00
8.380000E+03	3.697833E-19	0.000000E+00
8.390000E+03	3.669099E-19	0.000000E+00
8.400000E+03	3.640901E-19	0.000000E+00
8.410000E+03	3.613100E-19	0.000000E+00
8.420000E+03	3.585694E-19	0.000000E+00
8.430000E+03	3.558822E-19	0.000000E+00
8.440000E+03	3.532344E-19	0.000000E+00
8.450000E+03	3.506396E-19	0.000000E+00
8.460000E+03	3.480839E-19	0.000000E+00
8.470000E+03	3.455671E-19	0.000000E+00
8.480000E+03	3.431026E-19	0.000000E+00
8.490000E+03	3.406900E-19	0.000000E+00
8.500000E+03	3.383156E-19	0.000000E+00
8.510000E+03	3.359790E-19	0.000000E+00
8.520000E+03	3.336934E-19	0.000000E+00
8.530000E+03	3.314585E-19	0.000000E+00
8.540000E+03	3.292605E-19	0.000000E+00
8.550000E+03	3.270990E-19	0.000000E+00
8.560000E+03	3.249868E-19	0.000000E+00
8.570000E+03	3.229238E-19	0.000000E+00
8.580000E+03	3.208959E-19	0.000000E+00
8.590000E+03	3.189031E-19	0.000000E+00
8.600000E+03	3.169710E-19	0.000000E+00
8.610000E+03	3.150597E-19	0.000000E+00
8.620000E+03	3.132082E-19	0.000000E+00
8.630000E+03	3.113897E-19	0.000000E+00
8.640000E+03	3.096037E-19	0.000000E+00
8.650000E+03	3.078628E-19	0.000000E+00
8.660000E+03	3.061666E-19	0.000000E+00
8.670000E+03	3.045012E-19	0.000000E+00
8.680000E+03	3.028793E-19	0.000000E+00
8.690000E+03	3.013004E-19	0.000000E+00
8.700000E+03	2.997508E-19	0.000000E+00
8.710000E+03	2.982430E-19	0.000000E+00
8.720000E+03	2.967635E-19	0.000000E+00
8.730000E+03	2.953376E-19	0.000000E+00
8.740000E+03	2.939388E-19	0.000000E+00
8.750000E+03	2.925665E-19	0.000000E+00
8.760000E+03	2.912461E-19	0.000000E+00
8.770000E+03	2.899510E-19	0.000000E+00
8.780000E+03	2.886938E-19	0.000000E+00
8.790000E+03	2.874606E-19	0.000000E+00
8.800000E+03	2.862771E-19	0.000000E+00
8.810000E+03	2.851164E-19	0.000000E+00
8.820000E+03	2.839912E-19	0.000000E+00
8.830000E+03	2.828876E-19	0.000000E+00
8.840000E+03	2.818313E-19	0.000000E+00
8.850000E+03	2.808088E-19	0.000000E+00
8.860000E+03	2.798060E-19	0.000000E+00
8.870000E+03	2.788356E-19	0.000000E+00
8.880000E+03	2.778972E-19	0.000000E+00
8.890000E+03	2.769899E-19	0.000000E+00
8.900000E+03	2.761133E-19	0.000000E+00
8.910000E+03	2.752668E-19	0.000000E+00
8.920000E+03	2.744498E-19	0.000000E+00
8.930000E+03	2.736482E-19	0.000000E+00
8.940000E+03	2.728883E-19	0.000000E+00
8.950000E+03	2.721563E-19	0.000000E+00
8.960000E+03	2.714378E-19	0.000000E+00
8.970000E+03	2.707594E-19	0.000000E+00
8.980000E+03	2.701070E-19	0.000000E+00
8.990000E+03	2.694801E-19	0.000000E+00
9.000000E+03	2.688781E-19	0.000000E+00
9.040000E+03	2.667066E-19	0.000000E+00
9.080000E+03	2.649293E-19	0.000000E+00
9.120000E+03	2.635257E-19	0.000000E+00
9.160000E+03	2.624626E-19	0.000000E+00
9.200000E+03	2.617369E-19	0.000000E+00
9.240000E+03	2.613177E-19	0.000000E+00
9.280000E+03	2.612065E-19	0.000000E+00
9.320000E+03	2.613592E-19	0.000000E+00
9.360000E+03	2.617811E-19	0.000000E+00
9.400000E+03	2.624642E-19	0.000000E+00
9.440000E+03	2.633853E-19	0.000000E+00
9.480000E+03	2.645222E-19	0.000000E+00
9.520000E+03	2.658531E-19	0.000000E+00
9.560000E+03	2.673964E-19	0.000000E+00
9.600000E+03	2.691153E-19	0.000000E+00
9.640000E+03	2.710136E-19	0.000000E+00
9.680000E+03	2.730553E-19	0.000000E+00
9.720000E+03	2.752477E-19	0.000000E+00
9.760000E+03	2.775557E-19	0.000000E+00
9.800000E+03	2.799907E-19	0.000000E+00
9.840000E+03	2.825186E-19	0.000000E+00
9.880000E+03	2.851296E-19	0.000000E+00
9.920000E+03	2.878149E-19	0.000000E+00
9.960000E+03	2.905403E-19	0.000000E+00
1.000000E+04	2.933257E-19	0.000000E+00
1.004000E+04	2.961382E-19	0.000000E+00
1.008000E+04	2.989731E-19	0.000000E+00
1.012000E+04	3.017962E-19	0.000000E+00
1.016000E+04	3.046353E-19	0.000000E+00
1.020000E+04	3.074247E-19	0.000000E+00
1.024000E+04	3.101950E-19	0.000000E+00
1.028000E+04	3.129468E-19	0.000000E+00
1.032000E+04	3.156115E-19	0.000000E+00
