#wls	flux	fluxerr
1.600000E+03	3.061666E-15	4.280371E-16
1.640000E+03	4.150368E-15	4.951910E-16
1.680000E+03	5.702770E-15	5.713369E-16
1.720000E+03	7.922633E-15	6.556171E-16
1.760000E+03	1.108233E-14	7.468788E-16
1.800000E+03	1.550839E-14	8.454469E-16
1.840000E+03	2.150945E-14	9.546886E-16
1.880000E+03	2.925533E-14	1.075530E-15
1.920000E+03	3.853819E-14	1.185635E-15
1.960000E+03	4.845129E-14	1.218526E-15
2.000000E+03	5.701339E-14	1.073296E-15
2.040000E+03	6.126887E-14	6.978497E-16
2.080000E+03	5.885651E-14	3.470916E-16
2.120000E+03	5.101820E-14	4.982316E-16
2.160000E+03	4.279794E-14	5.340011E-16
2.200000E+03	3.717213E-14	4.078259E-16
2.240000E+03	3.415922E-14	2.328465E-16
2.280000E+03	3.257497E-14	2.315872E-16
2.320000E+03	3.203977E-14	3.050423E-16
2.360000E+03	3.213665E-14	3.269346E-16
2.400000E+03	3.244042E-14	3.471984E-16
2.440000E+03	3.506518E-14	4.057803E-16
2.480000E+03	4.471600E-14	5.450793E-16
2.520000E+03	6.856666E-14	8.096331E-16
2.560000E+03	1.125163E-13	1.079057E-15
2.600000E+03	1.555032E-13	8.961476E-16
2.640000E+03	1.418197E-13	8.820697E-16
2.680000E+03	1.086496E-13	9.301142E-16
2.720000E+03	1.016052E-13	9.670652E-16
2.760000E+03	1.197359E-13	1.240832E-15
2.800000E+03	1.601693E-13	1.821382E-15
2.840000E+03	2.251643E-13	2.762339E-15
2.880000E+03	3.148739E-13	4.017833E-15
2.920000E+03	4.113805E-13	5.269551E-15
2.960000E+03	4.783283E-13	6.098737E-15
3.000000E+03	4.974922E-13	6.175328E-15
3.010000E+03	4.968944E-13	6.068344E-15
3.020000E+03	4.952529E-13	5.922558E-15
3.030000E+03	4.931505E-13	5.750155E-15
3.040000E+03	4.911416E-13	5.566875E-15
3.050000E+03	4.896719E-13	5.390152E-15
3.060000E+03	4.891052E-13	5.238199E-15
3.070000E+03	4.896981E-13	5.126078E-15
3.080000E+03	4.915469E-13	5.061698E-15
3.090000E+03	4.946199E-13	5.047352E-15
3.100000E+03	4.987570E-13	5.080239E-15
3.110000E+03	5.035947E-13	5.151209E-15
3.120000E+03	5.086672E-13	5.249028E-15
3.130000E+03	5.134011E-13	5.362761E-15
3.140000E+03	5.172173E-13	5.482886E-15
3.150000E+03	5.194777E-13	5.601596E-15
3.160000E+03	5.196626E-13	5.713402E-15
3.170000E+03	5.173990E-13	5.813032E-15
3.180000E+03	5.124664E-13	5.896211E-15
3.190000E+03	5.048032E-13	5.959859E-15
3.200000E+03	4.945858E-13	6.002048E-15
3.210000E+03	4.820920E-13	6.021627E-15
3.220000E+03	4.677287E-13	6.019099E-15
3.230000E+03	4.519501E-13	5.995241E-15
3.240000E+03	4.352423E-13	5.951889E-15
3.250000E+03	4.180516E-13	5.891375E-15
3.260000E+03	4.007674E-13	5.815831E-15
3.270000E+03	3.837028E-13	5.727261E-15
3.280000E+03	3.671070E-13	5.627654E-15
3.290000E+03	3.511452E-13	5.518184E-15
3.300000E+03	3.359130E-13	5.399582E-15
3.310000E+03	3.214666E-13	5.272566E-15
3.320000E+03	3.078116E-13	5.137354E-15
3.330000E+03	2.949369E-13	4.994365E-15
3.340000E+03	2.828075E-13	4.844101E-15
3.350000E+03	2.713878E-13	4.687369E-15
3.360000E+03	2.606406E-13	4.525363E-15
3.370000E+03	2.505321E-13	4.359695E-15
3.380000E+03	2.410345E-13	4.192334E-15
3.390000E+03	2.321227E-13	4.025642E-15
3.400000E+03	2.237839E-13	3.862555E-15
3.410000E+03	2.160018E-13	3.706217E-15
3.420000E+03	2.087770E-13	3.560448E-15
3.430000E+03	2.021010E-13	3.429246E-15
3.440000E+03	1.959744E-13	3.316886E-15
3.450000E+03	1.903977E-13	3.227596E-15
3.460000E+03	1.853666E-13	3.165068E-15
3.470000E+03	1.808769E-13	3.131881E-15
3.480000E+03	1.769064E-13	3.128408E-15
3.490000E+03	1.734110E-13	3.152015E-15
3.500000E+03	1.703379E-13	3.198289E-15
3.510000E+03	1.676299E-13	3.262281E-15
3.520000E+03	1.652352E-13	3.339315E-15
3.530000E+03	1.630972E-13	3.425054E-15
3.540000E+03	1.611728E-13	3.516026E-15
3.550000E+03	1.594203E-13	3.609403E-15
3.560000E+03	1.578065E-13	3.703063E-15
3.570000E+03	1.563010E-13	3.795397E-15
3.580000E+03	1.548822E-13	3.885356E-15
3.590000E+03	1.535389E-13	3.972410E-15
3.600000E+03	1.522586E-13	4.056198E-15
3.610000E+03	1.510418E-13	4.136840E-15
3.620000E+03	1.498905E-13	4.214587E-15
3.630000E+03	1.488091E-13	4.289822E-15
3.640000E+03	1.478075E-13	4.363113E-15
3.650000E+03	1.468999E-13	4.435173E-15
3.660000E+03	1.460993E-13	4.506689E-15
3.670000E+03	1.454245E-13	4.578539E-15
3.680000E+03	1.448887E-13	4.651425E-15
3.690000E+03	1.445094E-13	4.726195E-15
3.700000E+03	1.443020E-13	4.803629E-15
3.710000E+03	1.442817E-13	4.884512E-15
3.720000E+03	1.444587E-13	4.969463E-15
3.730000E+03	1.448440E-13	5.059119E-15
3.740000E+03	1.454443E-13	5.153959E-15
3.750000E+03	1.462649E-13	5.254392E-15
3.760000E+03	1.473062E-13	5.360647E-15
3.770000E+03	1.485673E-13	5.472853E-15
3.780000E+03	1.500419E-13	5.590935E-15
3.790000E+03	1.517207E-13	5.714647E-15
3.800000E+03	1.535951E-13	5.843738E-15
3.810000E+03	1.556458E-13	5.977492E-15
3.820000E+03	1.578558E-13	6.115238E-15
3.830000E+03	1.602048E-13	6.256121E-15
3.840000E+03	1.626646E-13	6.398932E-15
3.850000E+03	1.652075E-13	6.542412E-15
3.860000E+03	1.678043E-13	6.685214E-15
3.870000E+03	1.704226E-13	6.825808E-15
3.880000E+03	1.730282E-13	6.962567E-15
3.890000E+03	1.755847E-13	7.093733E-15
3.900000E+03	1.780584E-13	7.217652E-15
3.910000E+03	1.804147E-13	7.332617E-15
3.920000E+03	1.826200E-13	7.436968E-15
3.930000E+03	1.846426E-13	7.529134E-15
3.940000E+03	1.864531E-13	7.607671E-15
3.950000E+03	1.880269E-13	7.671357E-15
3.960000E+03	1.893408E-13	7.719087E-15
3.970000E+03	1.903737E-13	7.749894E-15
3.980000E+03	1.911136E-13	7.763241E-15
3.990000E+03	1.915472E-13	7.758612E-15
4.000000E+03	1.916687E-13	7.735871E-15
4.010000E+03	1.914744E-13	7.695036E-15
4.020000E+03	1.909628E-13	7.636287E-15
4.030000E+03	1.901412E-13	7.560229E-15
4.040000E+03	1.890151E-13	7.467454E-15
4.050000E+03	1.875968E-13	7.358881E-15
4.060000E+03	1.859000E-13	7.235529E-15
4.070000E+03	1.839415E-13	7.098564E-15
4.080000E+03	1.817404E-13	6.949282E-15
4.090000E+03	1.793203E-13	6.789152E-15
4.100000E+03	1.767035E-13	6.619598E-15
4.110000E+03	1.739159E-13	6.442174E-15
4.120000E+03	1.709882E-13	6.258586E-15
4.130000E+03	1.679458E-13	6.070324E-15
4.140000E+03	1.648199E-13	5.879046E-15
4.150000E+03	1.616401E-13	5.686332E-15
4.160000E+03	1.584367E-13	5.493710E-15
4.170000E+03	1.552393E-13	5.302656E-15
4.180000E+03	1.520771E-13	5.114581E-15
4.190000E+03	1.489787E-13	4.930801E-15
4.200000E+03	1.459714E-13	4.752559E-15
4.210000E+03	1.430813E-13	4.581006E-15
4.220000E+03	1.403330E-13	4.417190E-15
4.230000E+03	1.377485E-13	4.262041E-15
4.240000E+03	1.353491E-13	4.116448E-15
4.250000E+03	1.331552E-13	3.981234E-15
4.260000E+03	1.311842E-13	3.857121E-15
4.270000E+03	1.294490E-13	3.744714E-15
4.280000E+03	1.279634E-13	3.644636E-15
4.290000E+03	1.267382E-13	3.557448E-15
4.300000E+03	1.257815E-13	3.483690E-15
4.310000E+03	1.250988E-13	3.423829E-15
4.320000E+03	1.246922E-13	3.378288E-15
4.330000E+03	1.245647E-13	3.347550E-15
4.340000E+03	1.247124E-13	3.331871E-15
4.350000E+03	1.251339E-13	3.331526E-15
4.360000E+03	1.258234E-13	3.346564E-15
4.370000E+03	1.267748E-13	3.376736E-15
4.380000E+03	1.279791E-13	3.421348E-15
4.390000E+03	1.294269E-13	3.479468E-15
4.400000E+03	1.311062E-13	3.549949E-15
4.410000E+03	1.330056E-13	3.631616E-15
4.420000E+03	1.351096E-13	3.723186E-15
4.430000E+03	1.374001E-13	3.823332E-15
4.440000E+03	1.398595E-13	3.930788E-15
4.450000E+03	1.424650E-13	4.044224E-15
4.460000E+03	1.451921E-13	4.162317E-15
4.470000E+03	1.480155E-13	4.283786E-15
4.480000E+03	1.509034E-13	4.407237E-15
4.490000E+03	1.538261E-13	4.531380E-15
4.500000E+03	1.567514E-13	4.654900E-15
4.510000E+03	1.596447E-13	4.776469E-15
4.520000E+03	1.624731E-13	4.894821E-15
4.530000E+03	1.652040E-13	5.008749E-15
4.540000E+03	1.678064E-13	5.117123E-15
4.550000E+03	1.702514E-13	5.218887E-15
4.560000E+03	1.725108E-13	5.313046E-15
4.570000E+03	1.745600E-13	5.398729E-15
4.580000E+03	1.763828E-13	5.475340E-15
4.590000E+03	1.779610E-13	5.542235E-15
4.600000E+03	1.792823E-13	5.598986E-15
4.610000E+03	1.803426E-13	5.645421E-15
4.620000E+03	1.811412E-13	5.681492E-15
4.630000E+03	1.816769E-13	5.707160E-15
4.640000E+03	1.819633E-13	5.722856E-15
4.650000E+03	1.820063E-13	5.728776E-15
4.660000E+03	1.818256E-13	5.725584E-15
4.670000E+03	1.814390E-13	5.713866E-15
4.680000E+03	1.808666E-13	5.694305E-15
4.690000E+03	1.801305E-13	5.667660E-15
4.700000E+03	1.792542E-13	5.634720E-15
4.710000E+03	1.782656E-13	5.596427E-15
4.720000E+03	1.771879E-13	5.553582E-15
4.730000E+03	1.760461E-13	5.507033E-15
4.740000E+03	1.748673E-13	5.457684E-15
4.750000E+03	1.736727E-13	5.406268E-15
4.760000E+03	1.724915E-13	5.353747E-15
4.770000E+03	1.713420E-13	5.300738E-15
4.780000E+03	1.702503E-13	5.248096E-15
4.790000E+03	1.692379E-13	5.196512E-15
4.800000E+03	1.683222E-13	5.146535E-15
4.810000E+03	1.675246E-13	5.098840E-15
4.820000E+03	1.668657E-13	5.054035E-15
4.830000E+03	1.663597E-13	5.012531E-15
4.840000E+03	1.660250E-13	4.974847E-15
4.850000E+03	1.658767E-13	4.941367E-15
4.860000E+03	1.659264E-13	4.912370E-15
4.870000E+03	1.661859E-13	4.888112E-15
4.880000E+03	1.666660E-13	4.868800E-15
4.890000E+03	1.673724E-13	4.854466E-15
4.900000E+03	1.683115E-13	4.845170E-15
4.910000E+03	1.694826E-13	4.840723E-15
4.920000E+03	1.708877E-13	4.841017E-15
4.930000E+03	1.725253E-13	4.845842E-15
4.940000E+03	1.743899E-13	4.854847E-15
4.950000E+03	1.764775E-13	4.867735E-15
4.960000E+03	1.787786E-13	4.884058E-15
4.970000E+03	1.812848E-13	4.903382E-15
4.980000E+03	1.839814E-13	4.925119E-15
4.990000E+03	1.868527E-13	4.948676E-15
5.000000E+03	1.898775E-13	4.973303E-15
5.010000E+03	1.930368E-13	4.998342E-15
5.020000E+03	1.962999E-13	5.022870E-15
5.030000E+03	1.996355E-13	5.045956E-15
5.040000E+03	2.030104E-13	5.066675E-15
5.050000E+03	2.063835E-13	5.083963E-15
5.060000E+03	2.097119E-13	5.096736E-15
5.070000E+03	2.129499E-13	5.103920E-15
5.080000E+03	2.160499E-13	5.104484E-15
5.090000E+03	2.189614E-13	5.097352E-15
5.100000E+03	2.216369E-13	5.081619E-15
5.110000E+03	2.240332E-13	5.056577E-15
5.120000E+03	2.261047E-13	5.021483E-15
5.130000E+03	2.278204E-13	4.976019E-15
5.140000E+03	2.291452E-13	4.919855E-15
5.150000E+03	2.300641E-13	4.853099E-15
5.160000E+03	2.305649E-13	4.775983E-15
5.170000E+03	2.306484E-13	4.689062E-15
5.180000E+03	2.303268E-13	4.593060E-15
5.190000E+03	2.296212E-13	4.488915E-15
5.200000E+03	2.285670E-13	4.377850E-15
5.210000E+03	2.272085E-13	4.261142E-15
5.220000E+03	2.256072E-13	4.140375E-15
5.230000E+03	2.238214E-13	4.017024E-15
5.240000E+03	2.219254E-13	3.892672E-15
5.250000E+03	2.199946E-13	3.768866E-15
5.260000E+03	2.181037E-13	3.647071E-15
5.270000E+03	2.163185E-13	3.528384E-15
5.280000E+03	2.147046E-13	3.413858E-15
5.290000E+03	2.133120E-13	3.304225E-15
5.300000E+03	2.121780E-13	3.199779E-15
5.310000E+03	2.113236E-13	3.100583E-15
5.320000E+03	2.107595E-13	3.006573E-15
5.330000E+03	2.104740E-13	2.917212E-15
5.340000E+03	2.104476E-13	2.832072E-15
5.350000E+03	2.106515E-13	2.750852E-15
5.360000E+03	2.110561E-13	2.673331E-15
5.370000E+03	2.116232E-13	2.599788E-15
5.380000E+03	2.123293E-13	2.531429E-15
5.390000E+03	2.131587E-13	2.470086E-15
5.400000E+03	2.141080E-13	2.418813E-15
5.410000E+03	2.151841E-13	2.381741E-15
5.420000E+03	2.164156E-13	2.363306E-15
5.430000E+03	2.178468E-13	2.367770E-15
5.440000E+03	2.195298E-13	2.397417E-15
5.450000E+03	2.215462E-13	2.450571E-15
5.460000E+03	2.239755E-13	2.523491E-15
5.470000E+03	2.268865E-13	2.612163E-15
5.480000E+03	2.303279E-13	2.712663E-15
5.490000E+03	2.343097E-13	2.821749E-15
5.500000E+03	2.388213E-13	2.937127E-15
5.510000E+03	2.438146E-13	3.056609E-15
5.520000E+03	2.492214E-13	3.178512E-15
5.530000E+03	2.549404E-13	3.301340E-15
5.540000E+03	2.608630E-13	3.423508E-15
5.550000E+03	2.668649E-13	3.543488E-15
5.560000E+03	2.728254E-13	3.660007E-15
5.570000E+03	2.786161E-13	3.771428E-15
5.580000E+03	2.841200E-13	3.876353E-15
5.590000E+03	2.892272E-13	3.973574E-15
5.600000E+03	2.938495E-13	4.061855E-15
5.610000E+03	2.979072E-13	4.140140E-15
5.620000E+03	3.013457E-13	4.207807E-15
5.630000E+03	3.041321E-13	4.264224E-15
5.640000E+03	3.062522E-13	4.309108E-15
5.650000E+03	3.077172E-13	4.342642E-15
5.660000E+03	3.085539E-13	4.364944E-15
5.670000E+03	3.088158E-13	4.376634E-15
5.680000E+03	3.085745E-13	4.378736E-15
5.690000E+03	3.079156E-13	4.372220E-15
5.700000E+03	3.069370E-13	4.358386E-15
5.710000E+03	3.057452E-13	4.338818E-15
5.720000E+03	3.044590E-13	4.315030E-15
5.730000E+03	3.031853E-13	4.288521E-15
5.740000E+03	3.020404E-13	4.261053E-15
5.750000E+03	3.011276E-13	4.233937E-15
5.760000E+03	3.005370E-13	4.208415E-15
5.770000E+03	3.003524E-13	4.185731E-15
5.780000E+03	3.006412E-13	4.166590E-15
5.790000E+03	3.014485E-13	4.151473E-15
5.800000E+03	3.028053E-13	4.140754E-15
5.810000E+03	3.047296E-13	4.134303E-15
5.820000E+03	3.072090E-13	4.131677E-15
5.830000E+03	3.102234E-13	4.132447E-15
5.840000E+03	3.137309E-13	4.135560E-15
5.850000E+03	3.176719E-13	4.139887E-15
5.860000E+03	3.219726E-13	4.144275E-15
5.870000E+03	3.265290E-13	4.146864E-15
5.880000E+03	3.312313E-13	4.145972E-15
5.890000E+03	3.359367E-13	4.139772E-15
5.900000E+03	3.404815E-13	4.125920E-15
5.910000E+03	3.446766E-13	4.102203E-15
5.920000E+03	3.483063E-13	4.066563E-15
5.930000E+03	3.511309E-13	4.016524E-15
5.940000E+03	3.528766E-13	3.949899E-15
5.950000E+03	3.532616E-13	3.865050E-15
5.960000E+03	3.519991E-13	3.760109E-15
5.970000E+03	3.488116E-13	3.634007E-15
5.980000E+03	3.434485E-13	3.486442E-15
5.990000E+03	3.357324E-13	3.317231E-15
6.000000E+03	3.255599E-13	3.127289E-15
6.010000E+03	3.129760E-13	2.918993E-15
6.020000E+03	2.981474E-13	2.694700E-15
6.030000E+03	2.814041E-13	2.458665E-15
6.040000E+03	2.632270E-13	2.216850E-15
6.050000E+03	2.442142E-13	1.975436E-15
6.060000E+03	2.250302E-13	1.741600E-15
6.070000E+03	2.063507E-13	1.522405E-15
6.080000E+03	1.888373E-13	1.323188E-15
6.090000E+03	1.730474E-13	1.148331E-15
6.100000E+03	1.594398E-13	1.000622E-15
6.110000E+03	1.483730E-13	8.802271E-16
6.120000E+03	1.401062E-13	7.877429E-16
6.130000E+03	1.348127E-13	7.244607E-16
6.140000E+03	1.326145E-13	6.911446E-16
6.150000E+03	1.336280E-13	6.899457E-16
6.160000E+03	1.379612E-13	7.209727E-16
6.170000E+03	1.456658E-13	7.760904E-16
6.180000E+03	1.567324E-13	8.420124E-16
6.190000E+03	1.710914E-13	9.024741E-16
6.200000E+03	1.885517E-13	9.365818E-16
6.210000E+03	2.087128E-13	9.224140E-16
6.220000E+03	2.308830E-13	8.497505E-16
6.230000E+03	2.540564E-13	7.579669E-16
6.240000E+03	2.769682E-13	8.045600E-16
6.250000E+03	2.984176E-13	1.108263E-15
6.260000E+03	3.176141E-13	1.563015E-15
6.270000E+03	3.340530E-13	2.065406E-15
6.280000E+03	3.474712E-13	2.561488E-15
6.290000E+03	3.578043E-13	3.021372E-15
6.300000E+03	3.651580E-13	3.428983E-15
6.310000E+03	3.697701E-13	3.777655E-15
6.320000E+03	3.719545E-13	4.066637E-15
6.330000E+03	3.720570E-13	4.299540E-15
6.340000E+03	3.704450E-13	4.482858E-15
6.350000E+03	3.674675E-13	4.623769E-15
6.360000E+03	3.634341E-13	4.729664E-15
6.370000E+03	3.586329E-13	4.807891E-15
6.380000E+03	3.532975E-13	4.864465E-15
6.390000E+03	3.476204E-13	4.904581E-15
6.400000E+03	3.417569E-13	4.932647E-15
6.410000E+03	3.358362E-13	4.952016E-15
6.420000E+03	3.299437E-13	4.965177E-15
6.430000E+03	3.241554E-13	4.974329E-15
6.440000E+03	3.185168E-13	4.980757E-15
6.450000E+03	3.130578E-13	4.985436E-15
6.460000E+03	3.078009E-13	4.989220E-15
6.470000E+03	3.027535E-13	4.992446E-15
6.480000E+03	2.979202E-13	4.995439E-15
6.490000E+03	2.932868E-13	4.998262E-15
6.500000E+03	2.888523E-13	5.001014E-15
6.510000E+03	2.846036E-13	5.003652E-15
6.520000E+03	2.805217E-13	5.006091E-15
6.530000E+03	2.765946E-13	5.008226E-15
6.540000E+03	2.728058E-13	5.009925E-15
6.550000E+03	2.691391E-13	5.011127E-15
6.560000E+03	2.655786E-13	5.011642E-15
6.570000E+03	2.621140E-13	5.011434E-15
6.580000E+03	2.587278E-13	5.010381E-15
6.590000E+03	2.554081E-13	5.008344E-15
6.600000E+03	2.521487E-13	5.005335E-15
6.610000E+03	2.489409E-13	5.001361E-15
6.620000E+03	2.457730E-13	4.996256E-15
6.630000E+03	2.426434E-13	4.990083E-15
6.640000E+03	2.395435E-13	4.982803E-15
6.650000E+03	2.364781E-13	4.974547E-15
6.660000E+03	2.334371E-13	4.965163E-15
6.670000E+03	2.304198E-13	4.954724E-15
6.680000E+03	2.274302E-13	4.943314E-15
6.690000E+03	2.244694E-13	4.930983E-15
6.700000E+03	2.215358E-13	4.917748E-15
6.710000E+03	2.186321E-13	4.903647E-15
6.720000E+03	2.157657E-13	4.888852E-15
6.730000E+03	2.129369E-13	4.873410E-15
6.740000E+03	2.101538E-13	4.857484E-15
6.750000E+03	2.074136E-13	4.841020E-15
6.760000E+03	2.047286E-13	4.824344E-15
6.770000E+03	2.020962E-13	4.807380E-15
6.780000E+03	1.995284E-13	4.790424E-15
6.790000E+03	1.970224E-13	4.773454E-15
6.800000E+03	1.945863E-13	4.756646E-15
6.810000E+03	1.922242E-13	4.740107E-15
6.820000E+03	1.899364E-13	4.723878E-15
6.830000E+03	1.877302E-13	4.708113E-15
6.840000E+03	1.856051E-13	4.692810E-15
6.850000E+03	1.835676E-13	4.678156E-15
6.860000E+03	1.816126E-13	4.664025E-15
6.870000E+03	1.797485E-13	4.650659E-15
6.880000E+03	1.779723E-13	4.638066E-15
6.890000E+03	1.762837E-13	4.626302E-15
6.900000E+03	1.746780E-13	4.615358E-15
6.910000E+03	1.731598E-13	4.605498E-15
6.920000E+03	1.717159E-13	4.596493E-15
6.930000E+03	1.703522E-13	4.588637E-15
6.940000E+03	1.690575E-13	4.581780E-15
6.950000E+03	1.678266E-13	4.575879E-15
6.960000E+03	1.666568E-13	4.570972E-15
6.970000E+03	1.655391E-13	4.566915E-15
6.980000E+03	1.644673E-13	4.563596E-15
6.990000E+03	1.634350E-13	4.560900E-15
7.000000E+03	1.624360E-13	4.558714E-15
7.010000E+03	1.614638E-13	4.556878E-15
7.020000E+03	1.605088E-13	4.555145E-15
7.030000E+03	1.595710E-13	4.553543E-15
7.040000E+03	1.586345E-13	4.551615E-15
7.050000E+03	1.577026E-13	4.549452E-15
7.060000E+03	1.567598E-13	4.546620E-15
7.070000E+03	1.558067E-13	4.543110E-15
7.080000E+03	1.548348E-13	4.538661E-15
7.090000E+03	1.538392E-13	4.533126E-15
7.100000E+03	1.528185E-13	4.526436E-15
7.110000E+03	1.517628E-13	4.518275E-15
7.120000E+03	1.506722E-13	4.508633E-15
7.130000E+03	1.495411E-13	4.497312E-15
7.140000E+03	1.483708E-13	4.484327E-15
7.150000E+03	1.471603E-13	4.469637E-15
7.160000E+03	1.459063E-13	4.453107E-15
7.170000E+03	1.446119E-13	4.434815E-15
7.180000E+03	1.432722E-13	4.414598E-15
7.190000E+03	1.418945E-13	4.392654E-15
7.200000E+03	1.404777E-13	4.368937E-15
7.210000E+03	1.390214E-13	4.343431E-15
7.220000E+03	1.375314E-13	4.316292E-15
7.230000E+03	1.360106E-13	4.287614E-15
7.240000E+03	1.344598E-13	4.257424E-15
7.250000E+03	1.328829E-13	4.225833E-15
7.260000E+03	1.312838E-13	4.192972E-15
7.270000E+03	1.296670E-13	4.158995E-15
7.280000E+03	1.280370E-13	4.124047E-15
7.290000E+03	1.263932E-13	4.088122E-15
7.300000E+03	1.247460E-13	4.051573E-15
7.310000E+03	1.230978E-13	4.014491E-15
7.320000E+03	1.214514E-13	3.976982E-15
7.330000E+03	1.198149E-13	3.939338E-15
7.340000E+03	1.181887E-13	3.901590E-15
7.350000E+03	1.165785E-13	3.863950E-15
7.360000E+03	1.149900E-13	3.826638E-15
7.370000E+03	1.134265E-13	3.789785E-15
7.380000E+03	1.118961E-13	3.753690E-15
7.390000E+03	1.103974E-13	3.718340E-15
7.400000E+03	1.089407E-13	3.684105E-15
7.410000E+03	1.075270E-13	3.651046E-15
7.420000E+03	1.061639E-13	3.619457E-15
7.430000E+03	1.048545E-13	3.589460E-15
7.440000E+03	1.036037E-13	3.561251E-15
7.450000E+03	1.024184E-13	3.535094E-15
7.460000E+03	1.013009E-13	3.511073E-15
7.470000E+03	1.002613E-13	3.489564E-15
7.480000E+03	9.929864E-14	3.470544E-15
7.490000E+03	9.841996E-14	3.454258E-15
7.500000E+03	9.762517E-14	3.440703E-15
7.510000E+03	9.692209E-14	3.430150E-15
7.520000E+03	9.630932E-14	3.422532E-15
7.530000E+03	9.578703E-14	3.417834E-15
7.540000E+03	9.535691E-14	3.416091E-15
7.550000E+03	9.501800E-14	3.417230E-15
7.560000E+03	9.477307E-14	3.421312E-15
7.570000E+03	9.461596E-14	3.428082E-15
7.580000E+03	9.454633E-14	3.437483E-15
7.590000E+03	9.456331E-14	3.449454E-15
7.600000E+03	9.466129E-14	3.463781E-15
7.610000E+03	9.483824E-14	3.480390E-15
7.620000E+03	9.508727E-14	3.499053E-15
7.630000E+03	9.540722E-14	3.519776E-15
7.640000E+03	9.578756E-14	3.542227E-15
7.650000E+03	9.622563E-14	3.566383E-15
7.660000E+03	9.670940E-14	3.591883E-15
7.670000E+03	9.723477E-14	3.618653E-15
7.680000E+03	9.778821E-14	3.646270E-15
7.690000E+03	9.836461E-14	3.674623E-15
7.700000E+03	9.895181E-14	3.703324E-15
7.710000E+03	9.953963E-14	3.732052E-15
7.720000E+03	1.001178E-13	3.760479E-15
7.730000E+03	1.006760E-13	3.788258E-15
7.740000E+03	1.012042E-13	3.815041E-15
7.750000E+03	1.016901E-13	3.840394E-15
7.760000E+03	1.021291E-13	3.864148E-15
7.770000E+03	1.025073E-13	3.885787E-15
7.780000E+03	1.028164E-13	3.904997E-15
7.790000E+03	1.030514E-13	3.921565E-15
7.800000E+03	1.032030E-13	3.935125E-15
7.810000E+03	1.032655E-13	3.945441E-15
7.820000E+03	1.032319E-13	3.952207E-15
7.830000E+03	1.031011E-13	3.955349E-15
7.840000E+03	1.028682E-13	3.954650E-15
7.850000E+03	1.025296E-13	3.949930E-15
7.860000E+03	1.020878E-13	3.941243E-15
7.870000E+03	1.015391E-13	3.928413E-15
7.880000E+03	1.008883E-13	3.911577E-15
7.890000E+03	1.001362E-13	3.890735E-15
7.900000E+03	9.928479E-14	3.865929E-15
7.910000E+03	9.833934E-14	3.837323E-15
7.920000E+03	9.730113E-14	3.804935E-15
7.930000E+03	9.617697E-14	3.769004E-15
7.940000E+03	9.497651E-14	3.729877E-15
7.950000E+03	9.370065E-14	3.687563E-15
7.960000E+03	9.236216E-14	3.642548E-15
7.970000E+03	9.096494E-14	3.594962E-15
7.980000E+03	8.952201E-14	3.545303E-15
7.990000E+03	8.804182E-14	3.493897E-15
8.000000E+03	8.653274E-14	3.441064E-15
8.010000E+03	8.500509E-14	3.387207E-15
8.020000E+03	8.347087E-14	3.332805E-15
8.030000E+03	8.193539E-14	3.278065E-15
8.040000E+03	8.040781E-14	3.223355E-15
8.050000E+03	7.889677E-14	3.169030E-15
8.060000E+03	7.741042E-14	3.115418E-15
8.070000E+03	7.595450E-14	3.062760E-15
8.080000E+03	7.453439E-14	3.011284E-15
8.090000E+03	7.315705E-14	2.961279E-15
8.100000E+03	7.182531E-14	2.912872E-15
8.110000E+03	7.054732E-14	2.866409E-15
8.120000E+03	6.932720E-14	2.822068E-15
8.130000E+03	6.816704E-14	2.779950E-15
8.140000E+03	6.707235E-14	2.740298E-15
8.150000E+03	6.604660E-14	2.703267E-15
8.160000E+03	6.509304E-14	2.669007E-15
8.170000E+03	6.421471E-14	2.637662E-15
8.180000E+03	6.341439E-14	2.609364E-15
8.190000E+03	6.269463E-14	2.584233E-15
8.200000E+03	6.205935E-14	2.562454E-15
8.210000E+03	6.150714E-14	2.543985E-15
8.220000E+03	6.104301E-14	2.529052E-15
8.230000E+03	6.066660E-14	2.517663E-15
8.240000E+03	6.038057E-14	2.509945E-15
8.250000E+03	6.018228E-14	2.505809E-15
8.260000E+03	6.007372E-14	2.505357E-15
8.270000E+03	6.005655E-14	2.508677E-15
8.280000E+03	6.012710E-14	2.515635E-15
8.290000E+03	6.028805E-14	2.526363E-15
8.300000E+03	6.053500E-14	2.540694E-15
8.310000E+03	6.086824E-14	2.558657E-15
8.320000E+03	6.128601E-14	2.580197E-15
8.330000E+03	6.178438E-14	2.605165E-15
8.340000E+03	6.236246E-14	2.633538E-15
8.350000E+03	6.301542E-14	2.665130E-15
8.360000E+03	6.374147E-14	2.699879E-15
8.370000E+03	6.453659E-14	2.737627E-15
8.380000E+03	6.539252E-14	2.778041E-15
8.390000E+03	6.630782E-14	2.821068E-15
8.400000E+03	6.727497E-14	2.866402E-15
8.410000E+03	6.828782E-14	2.913792E-15
8.420000E+03	6.933968E-14	2.962960E-15
8.430000E+03	7.042342E-14	3.013611E-15
8.440000E+03	7.153153E-14	3.065431E-15
8.450000E+03	7.265397E-14	3.117995E-15
8.460000E+03	7.378463E-14	3.171045E-15
8.470000E+03	7.491289E-14	3.224132E-15
8.480000E+03	7.603237E-14	3.276979E-15
8.490000E+03	7.713449E-14	3.329219E-15
8.500000E+03	7.820609E-14	3.380285E-15
8.510000E+03	7.924330E-14	3.430005E-15
8.520000E+03	8.023319E-14	3.477816E-15
8.530000E+03	8.117260E-14	3.523580E-15
8.540000E+03	8.204924E-14	3.566753E-15
8.550000E+03	8.285852E-14	3.607128E-15
8.560000E+03	8.359406E-14	3.644422E-15
8.570000E+03	8.424760E-14	3.678260E-15
8.580000E+03	8.481660E-14	3.708519E-15
8.590000E+03	8.529162E-14	3.734775E-15
8.600000E+03	8.567430E-14	3.757082E-15
8.610000E+03	8.595937E-14	3.775193E-15
8.620000E+03	8.614496E-14	3.789010E-15
8.630000E+03	8.622740E-14	3.798349E-15
8.640000E+03	8.621181E-14	3.803416E-15
8.650000E+03	8.609081E-14	3.803867E-15
8.660000E+03	8.587114E-14	3.799975E-15
8.670000E+03	8.555229E-14	3.791695E-15
8.680000E+03	8.513444E-14	3.779014E-15
8.690000E+03	8.462649E-14	3.762304E-15
8.700000E+03	8.402723E-14	3.741488E-15
8.710000E+03	8.334399E-14	3.716876E-15
8.720000E+03	8.257929E-14	3.688558E-15
8.730000E+03	8.173867E-14	3.656767E-15
8.740000E+03	8.082802E-14	3.621755E-15
8.750000E+03	7.985348E-14	3.583782E-15
8.760000E+03	7.881877E-14	3.543010E-15
8.770000E+03	7.773286E-14	3.499840E-15
8.780000E+03	7.659963E-14	3.454443E-15
8.790000E+03	7.542792E-14	3.407222E-15
8.800000E+03	7.421900E-14	3.358241E-15
8.810000E+03	7.298140E-14	3.307893E-15
8.820000E+03	7.172090E-14	3.256449E-15
8.830000E+03	7.044293E-14	3.204170E-15
8.840000E+03	6.915024E-14	3.151190E-15
8.850000E+03	6.785220E-14	3.097946E-15
8.860000E+03	6.655065E-14	3.044534E-15
8.870000E+03	6.524936E-14	2.991131E-15
8.880000E+03	6.395160E-14	2.937891E-15
8.890000E+03	6.266234E-14	2.885044E-15
8.900000E+03	6.138165E-14	2.832587E-15
8.910000E+03	6.011563E-14	2.780790E-15
8.920000E+03	5.886131E-14	2.729506E-15
8.930000E+03	5.762587E-14	2.679045E-15
8.940000E+03	5.640558E-14	2.629212E-15
8.950000E+03	5.520261E-14	2.580082E-15
8.960000E+03	5.401675E-14	2.531613E-15
8.970000E+03	5.284949E-14	2.483842E-15
8.980000E+03	5.170005E-14	2.436702E-15
8.990000E+03	5.056754E-14	2.390113E-15
9.000000E+03	4.944902E-14	2.343907E-15
9.040000E+03	4.512763E-14	2.162947E-15
9.080000E+03	4.099564E-14	1.984735E-15
9.120000E+03	3.701733E-14	1.807437E-15
9.160000E+03	3.317836E-14	1.631209E-15
9.200000E+03	2.949792E-14	1.458316E-15
9.240000E+03	2.602317E-14	1.292429E-15
9.280000E+03	2.282106E-14	1.137987E-15
9.320000E+03	1.995529E-14	9.989995E-16
9.360000E+03	1.747957E-14	8.787884E-16
9.400000E+03	1.542667E-14	7.795520E-16
9.440000E+03	1.380814E-14	7.024458E-16
9.480000E+03	1.261986E-14	6.479163E-16
9.520000E+03	1.185188E-14	6.162396E-16
9.560000E+03	1.149312E-14	6.077781E-16
9.600000E+03	1.152905E-14	6.228008E-16
9.640000E+03	1.193893E-14	6.611346E-16
9.680000E+03	1.267817E-14	7.208255E-16
9.720000E+03	1.367638E-14	7.978210E-16
9.760000E+03	1.485654E-14	8.872734E-16
9.800000E+03	1.613390E-14	9.839902E-16
9.840000E+03	1.742389E-14	1.083714E-15
9.880000E+03	1.864696E-14	1.184513E-15
9.920000E+03	1.973802E-14	1.288520E-15
9.960000E+03	2.065040E-14	1.402758E-15
1.000000E+04	2.136057E-14	1.538453E-15
1.004000E+04	2.186857E-14	1.707992E-15
1.008000E+04	2.218413E-14	1.919712E-15
1.012000E+04	2.232858E-14	2.175168E-15
1.016000E+04	2.232739E-14	2.469408E-15
1.020000E+04	2.220743E-14	2.794333E-15
1.024000E+04	2.199046E-14	3.140709E-15
1.028000E+04	2.169479E-14	3.499590E-15
1.032000E+04	2.133777E-14	3.863266E-15
