#wls	flux	fluxerr
1.600000E+03	3.895021E-15	5.796419E-16
1.640000E+03	4.838516E-15	6.230146E-16
1.680000E+03	6.036305E-15	6.633184E-16
1.720000E+03	7.554840E-15	6.985990E-16
1.760000E+03	9.476825E-15	7.282067E-16
1.800000E+03	1.189993E-14	7.538954E-16
1.840000E+03	1.488958E-14	7.770037E-16
1.880000E+03	1.840941E-14	7.936543E-16
1.920000E+03	2.222737E-14	7.880767E-16
1.960000E+03	2.586977E-14	7.313377E-16
2.000000E+03	2.861673E-14	5.919634E-16
2.040000E+03	2.959156E-14	3.686585E-16
2.080000E+03	2.813277E-14	1.914704E-16
2.120000E+03	2.463894E-14	2.608608E-16
2.160000E+03	2.094580E-14	2.850999E-16
2.200000E+03	1.824411E-14	2.331199E-16
2.240000E+03	1.676440E-14	1.657500E-16
2.280000E+03	1.624033E-14	1.672794E-16
2.320000E+03	1.661834E-14	2.206122E-16
2.360000E+03	1.789086E-14	2.692170E-16
2.400000E+03	1.993854E-14	3.105251E-16
2.440000E+03	2.315123E-14	3.632049E-16
2.480000E+03	2.882590E-14	4.473769E-16
2.520000E+03	3.861128E-14	5.545083E-16
2.560000E+03	5.209297E-14	5.985395E-16
2.600000E+03	6.272233E-14	4.836393E-16
2.640000E+03	6.132318E-14	4.998278E-16
2.680000E+03	5.438201E-14	5.850421E-16
2.720000E+03	5.228913E-14	6.190684E-16
2.760000E+03	5.696710E-14	7.040932E-16
2.800000E+03	6.778213E-14	8.958968E-16
2.840000E+03	8.415679E-14	1.176234E-15
2.880000E+03	1.044537E-13	1.500725E-15
2.920000E+03	1.232876E-13	1.788744E-15
2.960000E+03	1.335393E-13	1.944993E-15
3.000000E+03	1.337662E-13	1.931016E-15
3.010000E+03	1.328537E-13	1.905879E-15
3.020000E+03	1.317886E-13	1.875357E-15
3.030000E+03	1.306872E-13	1.841633E-15
3.040000E+03	1.296609E-13	1.807106E-15
3.050000E+03	1.287971E-13	1.773998E-15
3.060000E+03	1.281690E-13	1.744447E-15
3.070000E+03	1.278342E-13	1.720329E-15
3.080000E+03	1.278250E-13	1.702960E-15
3.090000E+03	1.281565E-13	1.693197E-15
3.100000E+03	1.288286E-13	1.691354E-15
3.110000E+03	1.298093E-13	1.696815E-15
3.120000E+03	1.310551E-13	1.708371E-15
3.130000E+03	1.324986E-13	1.724092E-15
3.140000E+03	1.340672E-13	1.741531E-15
3.150000E+03	1.356611E-13	1.757758E-15
3.160000E+03	1.371854E-13	1.770168E-15
3.170000E+03	1.385466E-13	1.776693E-15
3.180000E+03	1.396560E-13	1.776163E-15
3.190000E+03	1.404349E-13	1.768533E-15
3.200000E+03	1.408390E-13	1.755149E-15
3.210000E+03	1.408387E-13	1.738207E-15
3.220000E+03	1.404459E-13	1.720426E-15
3.230000E+03	1.397043E-13	1.704288E-15
3.240000E+03	1.386905E-13	1.691969E-15
3.250000E+03	1.374947E-13	1.684962E-15
3.260000E+03	1.362147E-13	1.683903E-15
3.270000E+03	1.349451E-13	1.688887E-15
3.280000E+03	1.337770E-13	1.699804E-15
3.290000E+03	1.327862E-13	1.716237E-15
3.300000E+03	1.320334E-13	1.737653E-15
3.310000E+03	1.315714E-13	1.763495E-15
3.320000E+03	1.314371E-13	1.792887E-15
3.330000E+03	1.316619E-13	1.824850E-15
3.340000E+03	1.322653E-13	1.858230E-15
3.350000E+03	1.332618E-13	1.891694E-15
3.360000E+03	1.346598E-13	1.923798E-15
3.370000E+03	1.364616E-13	1.953073E-15
3.380000E+03	1.386633E-13	1.978040E-15
3.390000E+03	1.412528E-13	1.997392E-15
3.400000E+03	1.442165E-13	2.010330E-15
3.410000E+03	1.475286E-13	2.016656E-15
3.420000E+03	1.511664E-13	2.017357E-15
3.430000E+03	1.550938E-13	2.014749E-15
3.440000E+03	1.592748E-13	2.012966E-15
3.450000E+03	1.636696E-13	2.018193E-15
3.460000E+03	1.682324E-13	2.038366E-15
3.470000E+03	1.729179E-13	2.081885E-15
3.480000E+03	1.776721E-13	2.154579E-15
3.490000E+03	1.824339E-13	2.256116E-15
3.500000E+03	1.871394E-13	2.381687E-15
3.510000E+03	1.917191E-13	2.524770E-15
3.520000E+03	1.961079E-13	2.678994E-15
3.530000E+03	2.002322E-13	2.838830E-15
3.540000E+03	2.040320E-13	3.000232E-15
3.550000E+03	2.074512E-13	3.160323E-15
3.560000E+03	2.104485E-13	3.317168E-15
3.570000E+03	2.129911E-13	3.469557E-15
3.580000E+03	2.150620E-13	3.616969E-15
3.590000E+03	2.166642E-13	3.759351E-15
3.600000E+03	2.178023E-13	3.896729E-15
3.610000E+03	2.184993E-13	4.029339E-15
3.620000E+03	2.187799E-13	4.157120E-15
3.630000E+03	2.186702E-13	4.279781E-15
3.640000E+03	2.182001E-13	4.396921E-15
3.650000E+03	2.174027E-13	4.508011E-15
3.660000E+03	2.163077E-13	4.612417E-15
3.670000E+03	2.149567E-13	4.709812E-15
3.680000E+03	2.133877E-13	4.799899E-15
3.690000E+03	2.116528E-13	4.882872E-15
3.700000E+03	2.098079E-13	4.959271E-15
3.710000E+03	2.079172E-13	5.030069E-15
3.720000E+03	2.060447E-13	5.096497E-15
3.730000E+03	2.042592E-13	5.160183E-15
3.740000E+03	2.026266E-13	5.222887E-15
3.750000E+03	2.012110E-13	5.286547E-15
3.760000E+03	2.000683E-13	5.353084E-15
3.770000E+03	1.992484E-13	5.424395E-15
3.780000E+03	1.987896E-13	5.502176E-15
3.790000E+03	1.987194E-13	5.587895E-15
3.800000E+03	1.990592E-13	5.682845E-15
3.810000E+03	1.998080E-13	5.787663E-15
3.820000E+03	2.009591E-13	5.902759E-15
3.830000E+03	2.024916E-13	6.028028E-15
3.840000E+03	2.043652E-13	6.162665E-15
3.850000E+03	2.065299E-13	6.305447E-15
3.860000E+03	2.089256E-13	6.454669E-15
3.870000E+03	2.114798E-13	6.608088E-15
3.880000E+03	2.141118E-13	6.763053E-15
3.890000E+03	2.167341E-13	6.916525E-15
3.900000E+03	2.192610E-13	7.065398E-15
3.910000E+03	2.216072E-13	7.206451E-15
3.920000E+03	2.236928E-13	7.336554E-15
3.930000E+03	2.254472E-13	7.452817E-15
3.940000E+03	2.268123E-13	7.552742E-15
3.950000E+03	2.277464E-13	7.634389E-15
3.960000E+03	2.282224E-13	7.696344E-15
3.970000E+03	2.282276E-13	7.737754E-15
3.980000E+03	2.277716E-13	7.758613E-15
3.990000E+03	2.268730E-13	7.759316E-15
4.000000E+03	2.255666E-13	7.740936E-15
4.010000E+03	2.238953E-13	7.704918E-15
4.020000E+03	2.219067E-13	7.652972E-15
4.030000E+03	2.196583E-13	7.587234E-15
4.040000E+03	2.172024E-13	7.509727E-15
4.050000E+03	2.145938E-13	7.422611E-15
4.060000E+03	2.118818E-13	7.327890E-15
4.070000E+03	2.091107E-13	7.227402E-15
4.080000E+03	2.063183E-13	7.122775E-15
4.090000E+03	2.035375E-13	7.015453E-15
4.100000E+03	2.007902E-13	6.906485E-15
4.110000E+03	1.980930E-13	6.796716E-15
4.120000E+03	1.954589E-13	6.686849E-15
4.130000E+03	1.928875E-13	6.577105E-15
4.140000E+03	1.903779E-13	6.467680E-15
4.150000E+03	1.879227E-13	6.358543E-15
4.160000E+03	1.855108E-13	6.249537E-15
4.170000E+03	1.831290E-13	6.140436E-15
4.180000E+03	1.807624E-13	6.030988E-15
4.190000E+03	1.783967E-13	5.920964E-15
4.200000E+03	1.760186E-13	5.810198E-15
4.210000E+03	1.736174E-13	5.698629E-15
4.220000E+03	1.711856E-13	5.586322E-15
4.230000E+03	1.687188E-13	5.473447E-15
4.240000E+03	1.662185E-13	5.360387E-15
4.250000E+03	1.636931E-13	5.247741E-15
4.260000E+03	1.611547E-13	5.136226E-15
4.270000E+03	1.586178E-13	5.026639E-15
4.280000E+03	1.561063E-13	4.920058E-15
4.290000E+03	1.536472E-13	4.817655E-15
4.300000E+03	1.512713E-13	4.720713E-15
4.310000E+03	1.490129E-13	4.630604E-15
4.320000E+03	1.469076E-13	4.548716E-15
4.330000E+03	1.449963E-13	4.476587E-15
4.340000E+03	1.433158E-13	4.415578E-15
4.350000E+03	1.419080E-13	4.367159E-15
4.360000E+03	1.408113E-13	4.332615E-15
4.370000E+03	1.400632E-13	4.313073E-15
4.380000E+03	1.396971E-13	4.309338E-15
4.390000E+03	1.397446E-13	4.322074E-15
4.400000E+03	1.402323E-13	4.351775E-15
4.410000E+03	1.411858E-13	4.398906E-15
4.420000E+03	1.426236E-13	4.463737E-15
4.430000E+03	1.445583E-13	4.546399E-15
4.440000E+03	1.469990E-13	4.646931E-15
4.450000E+03	1.499443E-13	4.765079E-15
4.460000E+03	1.533852E-13	4.900358E-15
4.470000E+03	1.573036E-13	5.052006E-15
4.480000E+03	1.616656E-13	5.218743E-15
4.490000E+03	1.664282E-13	5.398987E-15
4.500000E+03	1.715329E-13	5.590634E-15
4.510000E+03	1.769052E-13	5.791031E-15
4.520000E+03	1.824574E-13	5.997077E-15
4.530000E+03	1.880887E-13	6.205212E-15
4.540000E+03	1.936871E-13	6.411502E-15
4.550000E+03	1.991332E-13	6.611742E-15
4.560000E+03	2.043020E-13	6.801554E-15
4.570000E+03	2.090702E-13	6.976623E-15
4.580000E+03	2.133283E-13	7.133094E-15
4.590000E+03	2.169721E-13	7.267320E-15
4.600000E+03	2.199184E-13	7.376372E-15
4.610000E+03	2.221114E-13	7.458264E-15
4.620000E+03	2.235195E-13	7.511857E-15
4.630000E+03	2.241328E-13	7.536757E-15
4.640000E+03	2.239814E-13	7.533945E-15
4.650000E+03	2.231057E-13	7.504768E-15
4.660000E+03	2.215805E-13	7.451758E-15
4.670000E+03	2.194912E-13	7.377809E-15
4.680000E+03	2.169349E-13	7.286227E-15
4.690000E+03	2.140150E-13	7.180541E-15
4.700000E+03	2.108364E-13	7.064332E-15
4.710000E+03	2.075054E-13	6.941227E-15
4.720000E+03	2.041154E-13	6.814425E-15
4.730000E+03	2.007529E-13	6.686891E-15
4.740000E+03	1.974957E-13	6.561293E-15
4.750000E+03	1.944040E-13	6.439706E-15
4.760000E+03	1.915359E-13	6.324124E-15
4.770000E+03	1.889261E-13	6.215760E-15
4.780000E+03	1.866080E-13	6.115774E-15
4.790000E+03	1.846007E-13	6.024847E-15
4.800000E+03	1.829107E-13	5.943230E-15
4.810000E+03	1.815421E-13	5.871085E-15
4.820000E+03	1.804917E-13	5.808323E-15
4.830000E+03	1.797449E-13	5.754470E-15
4.840000E+03	1.792875E-13	5.709044E-15
4.850000E+03	1.790989E-13	5.671342E-15
4.860000E+03	1.791535E-13	5.640473E-15
4.870000E+03	1.794246E-13	5.615498E-15
4.880000E+03	1.798856E-13	5.595454E-15
4.890000E+03	1.805053E-13	5.579228E-15
4.900000E+03	1.812567E-13	5.565822E-15
4.910000E+03	1.821087E-13	5.554112E-15
4.920000E+03	1.830382E-13	5.543245E-15
4.930000E+03	1.840246E-13	5.532454E-15
4.940000E+03	1.850505E-13	5.521099E-15
4.950000E+03	1.861081E-13	5.508867E-15
4.960000E+03	1.871927E-13	5.495562E-15
4.970000E+03	1.883098E-13	5.481327E-15
4.980000E+03	1.894679E-13	5.466404E-15
4.990000E+03	1.906834E-13	5.451276E-15
5.000000E+03	1.919753E-13	5.436499E-15
5.010000E+03	1.933730E-13	5.422896E-15
5.020000E+03	1.949002E-13	5.411106E-15
5.030000E+03	1.965856E-13	5.401863E-15
5.040000E+03	1.984601E-13	5.395908E-15
5.050000E+03	2.005484E-13	5.393773E-15
5.060000E+03	2.028744E-13	5.395905E-15
5.070000E+03	2.054575E-13	5.402588E-15
5.080000E+03	2.083113E-13	5.413913E-15
5.090000E+03	2.114402E-13	5.429693E-15
5.100000E+03	2.148422E-13	5.449562E-15
5.110000E+03	2.185081E-13	5.472968E-15
5.120000E+03	2.224118E-13	5.498925E-15
5.130000E+03	2.265247E-13	5.526428E-15
5.140000E+03	2.307954E-13	5.553957E-15
5.150000E+03	2.351727E-13	5.580053E-15
5.160000E+03	2.395880E-13	5.602926E-15
5.170000E+03	2.439659E-13	5.620736E-15
5.180000E+03	2.482247E-13	5.631587E-15
5.190000E+03	2.522765E-13	5.633578E-15
5.200000E+03	2.560369E-13	5.624998E-15
5.210000E+03	2.594237E-13	5.604285E-15
5.220000E+03	2.623726E-13	5.570358E-15
5.230000E+03	2.648200E-13	5.522228E-15
5.240000E+03	2.667312E-13	5.459526E-15
5.250000E+03	2.680888E-13	5.382249E-15
5.260000E+03	2.688972E-13	5.290782E-15
5.270000E+03	2.691757E-13	5.185704E-15
5.280000E+03	2.689700E-13	5.068037E-15
5.290000E+03	2.683349E-13	4.938903E-15
5.300000E+03	2.673372E-13	4.799575E-15
5.310000E+03	2.660460E-13	4.651346E-15
5.320000E+03	2.645359E-13	4.495600E-15
5.330000E+03	2.628693E-13	4.333536E-15
5.340000E+03	2.611074E-13	4.166573E-15
5.350000E+03	2.593008E-13	3.996374E-15
5.360000E+03	2.574963E-13	3.825146E-15
5.370000E+03	2.557219E-13	3.655770E-15
5.380000E+03	2.540092E-13	3.492398E-15
5.390000E+03	2.523790E-13	3.340450E-15
5.400000E+03	2.508483E-13	3.207024E-15
5.410000E+03	2.494283E-13	3.100653E-15
5.420000E+03	2.481358E-13	3.030388E-15
5.430000E+03	2.469884E-13	3.003782E-15
5.440000E+03	2.459976E-13	3.023223E-15
5.450000E+03	2.451917E-13	3.082889E-15
5.460000E+03	2.445901E-13	3.172446E-15
5.470000E+03	2.442081E-13	3.281115E-15
5.480000E+03	2.440595E-13	3.399655E-15
5.490000E+03	2.441338E-13	3.520774E-15
5.500000E+03	2.444143E-13	3.639317E-15
5.510000E+03	2.448642E-13	3.751621E-15
5.520000E+03	2.454416E-13	3.855402E-15
5.530000E+03	2.460840E-13	3.949178E-15
5.540000E+03	2.467325E-13	4.032297E-15
5.550000E+03	2.473235E-13	4.104566E-15
5.560000E+03	2.478067E-13	4.166274E-15
5.570000E+03	2.481316E-13	4.217718E-15
5.580000E+03	2.482655E-13	4.259460E-15
5.590000E+03	2.481892E-13	4.292206E-15
5.600000E+03	2.479059E-13	4.316892E-15
5.610000E+03	2.474288E-13	4.334491E-15
5.620000E+03	2.467930E-13	4.346229E-15
5.630000E+03	2.460496E-13	4.353420E-15
5.640000E+03	2.452596E-13	4.357448E-15
5.650000E+03	2.444960E-13	4.359824E-15
5.660000E+03	2.438332E-13	4.361975E-15
5.670000E+03	2.433534E-13	4.365421E-15
5.680000E+03	2.431378E-13	4.371643E-15
5.690000E+03	2.432616E-13	4.381941E-15
5.700000E+03	2.437937E-13	4.397487E-15
5.710000E+03	2.447939E-13	4.419273E-15
5.720000E+03	2.463162E-13	4.448132E-15
5.730000E+03	2.483912E-13	4.484456E-15
5.740000E+03	2.510452E-13	4.528540E-15
5.750000E+03	2.542826E-13	4.580217E-15
5.760000E+03	2.580870E-13	4.638925E-15
5.770000E+03	2.624278E-13	4.703831E-15
5.780000E+03	2.672536E-13	4.773676E-15
5.790000E+03	2.724865E-13	4.846723E-15
5.800000E+03	2.780301E-13	4.920930E-15
5.810000E+03	2.837743E-13	4.993995E-15
5.820000E+03	2.895792E-13	5.063161E-15
5.830000E+03	2.952998E-13	5.125690E-15
5.840000E+03	3.007780E-13	5.178695E-15
5.850000E+03	3.058512E-13	5.219381E-15
5.860000E+03	3.103608E-13	5.245214E-15
5.870000E+03	3.141449E-13	5.253752E-15
5.880000E+03	3.170667E-13	5.243234E-15
5.890000E+03	3.189948E-13	5.212261E-15
5.900000E+03	3.198207E-13	5.160028E-15
5.910000E+03	3.194567E-13	5.086376E-15
5.920000E+03	3.178373E-13	4.991763E-15
5.930000E+03	3.149229E-13	4.877207E-15
5.940000E+03	3.106858E-13	4.744092E-15
5.950000E+03	3.051280E-13	4.594344E-15
5.960000E+03	2.982788E-13	4.430182E-15
5.970000E+03	2.901896E-13	4.254007E-15
5.980000E+03	2.809342E-13	4.068222E-15
5.990000E+03	2.706309E-13	3.875309E-15
6.000000E+03	2.594169E-13	3.677419E-15
6.010000E+03	2.474848E-13	3.476809E-15
6.020000E+03	2.350442E-13	3.275256E-15
6.030000E+03	2.223416E-13	3.074751E-15
6.040000E+03	2.096452E-13	2.877569E-15
6.050000E+03	1.972263E-13	2.686087E-15
6.060000E+03	1.853543E-13	2.502781E-15
6.070000E+03	1.742801E-13	2.329891E-15
6.080000E+03	1.642413E-13	2.169394E-15
6.090000E+03	1.554340E-13	2.022819E-15
6.100000E+03	1.480307E-13	1.891584E-15
6.110000E+03	1.421685E-13	1.776737E-15
6.120000E+03	1.379631E-13	1.678951E-15
6.130000E+03	1.355200E-13	1.598320E-15
6.140000E+03	1.349427E-13	1.534127E-15
6.150000E+03	1.363332E-13	1.484638E-15
6.160000E+03	1.397921E-13	1.446795E-15
6.170000E+03	1.454101E-13	1.415786E-15
6.180000E+03	1.532419E-13	1.384766E-15
6.190000E+03	1.632842E-13	1.344923E-15
6.200000E+03	1.754237E-13	1.286568E-15
6.210000E+03	1.894038E-13	1.204169E-15
6.220000E+03	2.048005E-13	1.108246E-15
6.230000E+03	2.210287E-13	1.046777E-15
6.240000E+03	2.373885E-13	1.112824E-15
6.250000E+03	2.531766E-13	1.363207E-15
6.260000E+03	2.678146E-13	1.754056E-15
6.270000E+03	2.808545E-13	2.217729E-15
6.280000E+03	2.919930E-13	2.704860E-15
6.290000E+03	3.010606E-13	3.182949E-15
6.300000E+03	3.080115E-13	3.630751E-15
6.310000E+03	3.129075E-13	4.035069E-15
6.320000E+03	3.158885E-13	4.388749E-15
6.330000E+03	3.171391E-13	4.689226E-15
6.340000E+03	3.168833E-13	4.937556E-15
6.350000E+03	3.153555E-13	5.137146E-15
6.360000E+03	3.127775E-13	5.292749E-15
6.370000E+03	3.093696E-13	5.410088E-15
6.380000E+03	3.053213E-13	5.494847E-15
6.390000E+03	3.007966E-13	5.552474E-15
6.400000E+03	2.959329E-13	5.587932E-15
6.410000E+03	2.908499E-13	5.605666E-15
6.420000E+03	2.856298E-13	5.609199E-15
6.430000E+03	2.803463E-13	5.601633E-15
6.440000E+03	2.750452E-13	5.585253E-15
6.450000E+03	2.697573E-13	5.561799E-15
6.460000E+03	2.645046E-13	5.532640E-15
6.470000E+03	2.592955E-13	5.498661E-15
6.480000E+03	2.541354E-13	5.460542E-15
6.490000E+03	2.490133E-13	5.418503E-15
6.500000E+03	2.439310E-13	5.372927E-15
6.510000E+03	2.388819E-13	5.323943E-15
6.520000E+03	2.338558E-13	5.271561E-15
6.530000E+03	2.288517E-13	5.215931E-15
6.540000E+03	2.238669E-13	5.157151E-15
6.550000E+03	2.189014E-13	5.095366E-15
6.560000E+03	2.139580E-13	5.030762E-15
6.570000E+03	2.090457E-13	4.963673E-15
6.580000E+03	2.041691E-13	4.894334E-15
6.590000E+03	1.993386E-13	4.823106E-15
6.600000E+03	1.945694E-13	4.750481E-15
6.610000E+03	1.898745E-13	4.676906E-15
6.620000E+03	1.852644E-13	4.602768E-15
6.630000E+03	1.807560E-13	4.528621E-15
6.640000E+03	1.763596E-13	4.454867E-15
6.650000E+03	1.720939E-13	4.382113E-15
6.660000E+03	1.679642E-13	4.310643E-15
6.670000E+03	1.639807E-13	4.240867E-15
6.680000E+03	1.601545E-13	4.173218E-15
6.690000E+03	1.564924E-13	4.108015E-15
6.700000E+03	1.529964E-13	4.045466E-15
6.710000E+03	1.496700E-13	3.985794E-15
6.720000E+03	1.465173E-13	3.929248E-15
6.730000E+03	1.435358E-13	3.875892E-15
6.740000E+03	1.407267E-13	3.825878E-15
6.750000E+03	1.380824E-13	3.779113E-15
6.760000E+03	1.356041E-13	3.735737E-15
6.770000E+03	1.332823E-13	3.695578E-15
6.780000E+03	1.311164E-13	3.658702E-15
6.790000E+03	1.290955E-13	3.624881E-15
6.800000E+03	1.272155E-13	3.594057E-15
6.810000E+03	1.254694E-13	3.566091E-15
6.820000E+03	1.238480E-13	3.540761E-15
6.830000E+03	1.223463E-13	3.517966E-15
6.840000E+03	1.209548E-13	3.497473E-15
6.850000E+03	1.196687E-13	3.479179E-15
6.860000E+03	1.184764E-13	3.462793E-15
6.870000E+03	1.173755E-13	3.448293E-15
6.880000E+03	1.163572E-13	3.435476E-15
6.890000E+03	1.154149E-13	3.424215E-15
6.900000E+03	1.145402E-13	3.414328E-15
6.910000E+03	1.137318E-13	3.405841E-15
6.920000E+03	1.129773E-13	3.398459E-15
6.930000E+03	1.122781E-13	3.392281E-15
6.940000E+03	1.116248E-13	3.387088E-15
6.950000E+03	1.110128E-13	3.382791E-15
6.960000E+03	1.104398E-13	3.379371E-15
6.970000E+03	1.098997E-13	3.376679E-15
6.980000E+03	1.093885E-13	3.374630E-15
6.990000E+03	1.089027E-13	3.373140E-15
7.000000E+03	1.084387E-13	3.372125E-15
7.010000E+03	1.079929E-13	3.371495E-15
7.020000E+03	1.075599E-13	3.371092E-15
7.030000E+03	1.071405E-13	3.370955E-15
7.040000E+03	1.067249E-13	3.370783E-15
7.050000E+03	1.063159E-13	3.370671E-15
7.060000E+03	1.059037E-13	3.370312E-15
7.070000E+03	1.054891E-13	3.369727E-15
7.080000E+03	1.050665E-13	3.368736E-15
7.090000E+03	1.046326E-13	3.367226E-15
7.100000E+03	1.041861E-13	3.365151E-15
7.110000E+03	1.037199E-13	3.362268E-15
7.120000E+03	1.032333E-13	3.358542E-15
7.130000E+03	1.027216E-13	3.353808E-15
7.140000E+03	1.021846E-13	3.348043E-15
7.150000E+03	1.016204E-13	3.341172E-15
7.160000E+03	1.010252E-13	3.333054E-15
7.170000E+03	1.003997E-13	3.323700E-15
7.180000E+03	9.973883E-14	3.312927E-15
7.190000E+03	9.904590E-14	3.300832E-15
7.200000E+03	9.831838E-14	3.287323E-15
7.210000E+03	9.755408E-14	3.272318E-15
7.220000E+03	9.675512E-14	3.255882E-15
7.230000E+03	9.592189E-14	3.238024E-15
7.240000E+03	9.505315E-14	3.218699E-15
7.250000E+03	9.415000E-14	3.197943E-15
7.260000E+03	9.321394E-14	3.175806E-15
7.270000E+03	9.224687E-14	3.152355E-15
7.280000E+03	9.125116E-14	3.127670E-15
7.290000E+03	9.022590E-14	3.101722E-15
7.300000E+03	8.917822E-14	3.074759E-15
7.310000E+03	8.811011E-14	3.046852E-15
7.320000E+03	8.702406E-14	3.018092E-15
7.330000E+03	8.592672E-14	2.988715E-15
7.340000E+03	8.481968E-14	2.958782E-15
7.350000E+03	8.370858E-14	2.928497E-15
7.360000E+03	8.259927E-14	2.898075E-15
7.370000E+03	8.149611E-14	2.867678E-15
7.380000E+03	8.040699E-14	2.837594E-15
7.390000E+03	7.933302E-14	2.807876E-15
7.400000E+03	7.828372E-14	2.778873E-15
7.410000E+03	7.726173E-14	2.750693E-15
7.420000E+03	7.627443E-14	2.723612E-15
7.430000E+03	7.532555E-14	2.697776E-15
7.440000E+03	7.442007E-14	2.673377E-15
7.450000E+03	7.356406E-14	2.650643E-15
7.460000E+03	7.275989E-14	2.629669E-15
7.470000E+03	7.201560E-14	2.610755E-15
7.480000E+03	7.133084E-14	2.593891E-15
7.490000E+03	7.071084E-14	2.579271E-15
7.500000E+03	7.015562E-14	2.566894E-15
7.510000E+03	6.967074E-14	2.556958E-15
7.520000E+03	6.925508E-14	2.549413E-15
7.530000E+03	6.890857E-14	2.544245E-15
7.540000E+03	6.863217E-14	2.541474E-15
7.550000E+03	6.842493E-14	2.541045E-15
7.560000E+03	6.828853E-14	2.543003E-15
7.570000E+03	6.821830E-14	2.547152E-15
7.580000E+03	6.821377E-14	2.553459E-15
7.590000E+03	6.827423E-14	2.561882E-15
7.600000E+03	6.839569E-14	2.572267E-15
7.610000E+03	6.857695E-14	2.584570E-15
7.620000E+03	6.881354E-14	2.598636E-15
7.630000E+03	6.910540E-14	2.614484E-15
7.640000E+03	6.944602E-14	2.631898E-15
7.650000E+03	6.983490E-14	2.650897E-15
7.660000E+03	7.026497E-14	2.671255E-15
7.670000E+03	7.073527E-14	2.692981E-15
7.680000E+03	7.123815E-14	2.715830E-15
7.690000E+03	7.177218E-14	2.739792E-15
7.700000E+03	7.233079E-14	2.764660E-15
7.710000E+03	7.290877E-14	2.790276E-15
7.720000E+03	7.350065E-14	2.816466E-15
7.730000E+03	7.410066E-14	2.843040E-15
7.740000E+03	7.470282E-14	2.869795E-15
7.750000E+03	7.529911E-14	2.896443E-15
7.760000E+03	7.588654E-14	2.922885E-15
7.770000E+03	7.645494E-14	2.948737E-15
7.780000E+03	7.699745E-14	2.973741E-15
7.790000E+03	7.750899E-14	2.997699E-15
7.800000E+03	7.798085E-14	3.020268E-15
7.810000E+03	7.840619E-14	3.041177E-15
7.820000E+03	7.877648E-14	3.060082E-15
7.830000E+03	7.908714E-14	3.076787E-15
7.840000E+03	7.933018E-14	3.090967E-15
7.850000E+03	7.949803E-14	3.102306E-15
7.860000E+03	7.958737E-14	3.110652E-15
7.870000E+03	7.958979E-14	3.115655E-15
7.880000E+03	7.950322E-14	3.117210E-15
7.890000E+03	7.932249E-14	3.115092E-15
7.900000E+03	7.904322E-14	3.109104E-15
7.910000E+03	7.866377E-14	3.099157E-15
7.920000E+03	7.817956E-14	3.085048E-15
7.930000E+03	7.759073E-14	3.066759E-15
7.940000E+03	7.690022E-14	3.044382E-15
7.950000E+03	7.610442E-14	3.017754E-15
7.960000E+03	7.521004E-14	2.987118E-15
7.970000E+03	7.421727E-14	2.952463E-15
7.980000E+03	7.313458E-14	2.914106E-15
7.990000E+03	7.196762E-14	2.872254E-15
8.000000E+03	7.072282E-14	2.827148E-15
8.010000E+03	6.940916E-14	2.779131E-15
8.020000E+03	6.803794E-14	2.728644E-15
8.030000E+03	6.661584E-14	2.675942E-15
8.040000E+03	6.515352E-14	2.621443E-15
8.050000E+03	6.366200E-14	2.565584E-15
8.060000E+03	6.215255E-14	2.508810E-15
8.070000E+03	6.063502E-14	2.451516E-15
8.080000E+03	5.911946E-14	2.394103E-15
8.090000E+03	5.761739E-14	2.337039E-15
8.100000E+03	5.613726E-14	2.280667E-15
8.110000E+03	5.469171E-14	2.225501E-15
8.120000E+03	5.329002E-14	2.171926E-15
8.130000E+03	5.193971E-14	2.120253E-15
8.140000E+03	5.065057E-14	2.070892E-15
8.150000E+03	4.943040E-14	2.024170E-15
8.160000E+03	4.828634E-14	1.980393E-15
8.170000E+03	4.722486E-14	1.939840E-15
8.180000E+03	4.625175E-14	1.902765E-15
8.190000E+03	4.537212E-14	1.869393E-15
8.200000E+03	4.459160E-14	1.839976E-15
8.210000E+03	4.391161E-14	1.814591E-15
8.220000E+03	4.333785E-14	1.793494E-15
8.230000E+03	4.287193E-14	1.776773E-15
8.240000E+03	4.251742E-14	1.764597E-15
8.250000E+03	4.227410E-14	1.756979E-15
8.260000E+03	4.214497E-14	1.754067E-15
8.270000E+03	4.213283E-14	1.756000E-15
8.280000E+03	4.223690E-14	1.762768E-15
8.290000E+03	4.246094E-14	1.774551E-15
8.300000E+03	4.280395E-14	1.791331E-15
8.310000E+03	4.326839E-14	1.813233E-15
8.320000E+03	4.385548E-14	1.840330E-15
8.330000E+03	4.456506E-14	1.872638E-15
8.340000E+03	4.539924E-14	1.910268E-15
8.350000E+03	4.635739E-14	1.953214E-15
8.360000E+03	4.744106E-14	2.001564E-15
8.370000E+03	4.865013E-14	2.055331E-15
8.380000E+03	4.998102E-14	2.114387E-15
8.390000E+03	5.143500E-14	2.178803E-15
8.400000E+03	5.300825E-14	2.248436E-15
8.410000E+03	5.469736E-14	2.323162E-15
8.420000E+03	5.649780E-14	2.402805E-15
8.430000E+03	5.840379E-14	2.487137E-15
8.440000E+03	6.040826E-14	2.575873E-15
8.450000E+03	6.250091E-14	2.668589E-15
8.460000E+03	6.467354E-14	2.764950E-15
8.470000E+03	6.691293E-14	2.864403E-15
8.480000E+03	6.920825E-14	2.966497E-15
8.490000E+03	7.154563E-14	3.070647E-15
8.500000E+03	7.390568E-14	3.176030E-15
8.510000E+03	7.627651E-14	3.282141E-15
8.520000E+03	7.863674E-14	3.388063E-15
8.530000E+03	8.097354E-14	3.493245E-15
8.540000E+03	8.326447E-14	3.596717E-15
8.550000E+03	8.549423E-14	3.697812E-15
8.560000E+03	8.764550E-14	3.795773E-15
8.570000E+03	8.969881E-14	3.889747E-15
8.580000E+03	9.164087E-14	3.979140E-15
8.590000E+03	9.345121E-14	4.063048E-15
8.600000E+03	9.512185E-14	4.141102E-15
8.610000E+03	9.663794E-14	4.212630E-15
8.620000E+03	9.798913E-14	4.277154E-15
8.630000E+03	9.916385E-14	4.334139E-15
8.640000E+03	1.001616E-13	4.383531E-15
8.650000E+03	1.009684E-13	4.424687E-15
8.660000E+03	1.015879E-13	4.457726E-15
8.670000E+03	1.020161E-13	4.482441E-15
8.680000E+03	1.022511E-13	4.498705E-15
8.690000E+03	1.023022E-13	4.506895E-15
8.700000E+03	1.021676E-13	4.506895E-15
8.710000E+03	1.018570E-13	4.499087E-15
8.720000E+03	1.013746E-13	4.483628E-15
8.730000E+03	1.007293E-13	4.460877E-15
8.740000E+03	9.993098E-14	4.431238E-15
8.750000E+03	9.899044E-14	4.395157E-15
8.760000E+03	9.791586E-14	4.352970E-15
8.770000E+03	9.672234E-14	4.305324E-15
8.780000E+03	9.541886E-14	4.252595E-15
8.790000E+03	9.402086E-14	4.195451E-15
8.800000E+03	9.253438E-14	4.134146E-15
8.810000E+03	9.097461E-14	4.069343E-15
8.820000E+03	8.935326E-14	4.001557E-15
8.830000E+03	8.768158E-14	3.931284E-15
8.840000E+03	8.596732E-14	3.858865E-15
8.850000E+03	8.422634E-14	3.785011E-15
8.860000E+03	8.246495E-14	3.710005E-15
8.870000E+03	8.069159E-14	3.634230E-15
8.880000E+03	7.891389E-14	3.558031E-15
8.890000E+03	7.714129E-14	3.481840E-15
8.900000E+03	7.537689E-14	3.405804E-15
8.910000E+03	7.363094E-14	3.330392E-15
8.920000E+03	7.190224E-14	3.255558E-15
8.930000E+03	7.020174E-14	3.181805E-15
8.940000E+03	6.852675E-14	3.109021E-15
8.950000E+03	6.688157E-14	3.037407E-15
8.960000E+03	6.526728E-14	2.967022E-15
8.970000E+03	6.368679E-14	2.898005E-15
8.980000E+03	6.214008E-14	2.830364E-15
8.990000E+03	6.062673E-14	2.764087E-15
9.000000E+03	5.914378E-14	2.699047E-15
9.040000E+03	5.353646E-14	2.452337E-15
9.080000E+03	4.838215E-14	2.224427E-15
9.120000E+03	4.362016E-14	2.012859E-15
9.160000E+03	3.919754E-14	1.815401E-15
9.200000E+03	3.508627E-14	1.630892E-15
9.240000E+03	3.128337E-14	1.459341E-15
9.280000E+03	2.781207E-14	1.302048E-15
9.320000E+03	2.470434E-14	1.160801E-15
9.360000E+03	2.199839E-14	1.037735E-15
9.400000E+03	1.972579E-14	9.347337E-16
9.440000E+03	1.790596E-14	8.531847E-16
9.480000E+03	1.654442E-14	7.939058E-16
9.520000E+03	1.563771E-14	7.574068E-16
9.560000E+03	1.517413E-14	7.439292E-16
9.600000E+03	1.512713E-14	7.530524E-16
9.640000E+03	1.545417E-14	7.834454E-16
9.680000E+03	1.608494E-14	8.319805E-16
9.720000E+03	1.692465E-14	8.937117E-16
9.760000E+03	1.787770E-14	9.631469E-16
9.800000E+03	1.885681E-14	1.034929E-15
9.840000E+03	1.979749E-14	1.105064E-15
9.880000E+03	2.065849E-14	1.171803E-15
9.920000E+03	2.142069E-14	1.237060E-15
9.960000E+03	2.207798E-14	1.307885E-15
1.000000E+04	2.263221E-14	1.397750E-15
1.004000E+04	2.308976E-14	1.525394E-15
1.008000E+04	2.344901E-14	1.708770E-15
1.012000E+04	2.370752E-14	1.957986E-15
1.016000E+04	2.386195E-14	2.271662E-15
1.020000E+04	2.391405E-14	2.640077E-15
1.024000E+04	2.386686E-14	3.049413E-15
1.028000E+04	2.372619E-14	3.485286E-15
1.032000E+04	2.350216E-14	3.934870E-15
