#wls	flux	fluxerr
1.593625E+03	4.597800E-03	4.504242E-04
1.633466E+03	4.149903E-03	4.036477E-04
1.673307E+03	3.719721E-03	3.591861E-04
1.713147E+03	3.310806E-03	3.173517E-04
1.752988E+03	2.927609E-03	2.785305E-04
1.792829E+03	2.572622E-03	2.429097E-04
1.832669E+03	2.248942E-03	2.107246E-04
1.872510E+03	1.957728E-03	1.820196E-04
1.912351E+03	1.699645E-03	1.567893E-04
1.952191E+03	1.474601E-03	1.349558E-04
1.992032E+03	1.282042E-03	1.163985E-04
2.031873E+03	1.121066E-03	1.009664E-04
2.071713E+03	9.902147E-04	8.846101E-05
2.111554E+03	8.886897E-04	7.874615E-05
2.151394E+03	8.156405E-04	7.168338E-05
2.191235E+03	7.707929E-04	6.718710E-05
2.231076E+03	7.546618E-04	6.524114E-05
2.270916E+03	7.686024E-04	6.590053E-05
2.310757E+03	8.147772E-04	6.928604E-05
2.350598E+03	8.965687E-04	7.561575E-05
2.390438E+03	1.018521E-03	8.519567E-05
2.430279E+03	1.186952E-03	9.846698E-05
2.470120E+03	1.408408E-03	1.158728E-04
2.509960E+03	1.689149E-03	1.378146E-04
2.549801E+03	2.032291E-03	1.644221E-04
2.589641E+03	2.436263E-03	1.954394E-04
2.629482E+03	2.892949E-03	2.300927E-04
2.669323E+03	3.389098E-03	2.672229E-04
2.709163E+03	3.906551E-03	3.053218E-04
2.749004E+03	4.425337E-03	3.427886E-04
2.788845E+03	4.923874E-03	3.779525E-04
2.828685E+03	5.382193E-03	4.093247E-04
2.868526E+03	5.784476E-03	4.357858E-04
2.908367E+03	6.121994E-03	4.567916E-04
2.948207E+03	6.393348E-03	4.723671E-04
2.988048E+03	6.604613E-03	4.830908E-04
2.998008E+03	6.649605E-03	4.851422E-04
3.007968E+03	6.691801E-03	4.869693E-04
3.017928E+03	6.731409E-03	4.885887E-04
3.027888E+03	6.769104E-03	4.900505E-04
3.037849E+03	6.804885E-03	4.913556E-04
3.047809E+03	6.839218E-03	4.925386E-04
3.057769E+03	6.872135E-03	4.936025E-04
3.067729E+03	6.904565E-03	4.946145E-04
3.077689E+03	6.936338E-03	4.955627E-04
3.087649E+03	6.967960E-03	4.964834E-04
3.097610E+03	6.999933E-03	4.974122E-04
3.107570E+03	7.032555E-03	4.983699E-04
3.117530E+03	7.066340E-03	4.993925E-04
3.127490E+03	7.101389E-03	5.004862E-04
3.137450E+03	7.138439E-03	5.017019E-04
3.147410E+03	7.177810E-03	5.030609E-04
3.157371E+03	7.220031E-03	5.045985E-04
3.167331E+03	7.265239E-03	5.063224E-04
3.177291E+03	7.313984E-03	5.082690E-04
3.187251E+03	7.366808E-03	5.104734E-04
3.197211E+03	7.424072E-03	5.129580E-04
3.207171E+03	7.486329E-03	5.157581E-04
3.217131E+03	7.553948E-03	5.188956E-04
3.227092E+03	7.627491E-03	5.224059E-04
3.237052E+03	7.707339E-03	5.263108E-04
3.247012E+03	7.793866E-03	5.306319E-04
3.256972E+03	7.887640E-03	5.354035E-04
3.266932E+03	7.989036E-03	5.406460E-04
3.276892E+03	8.098413E-03	5.463787E-04
3.286853E+03	8.216492E-03	5.526449E-04
3.296813E+03	8.343413E-03	5.594482E-04
3.306773E+03	8.479479E-03	5.668030E-04
3.316733E+03	8.624946E-03	5.747202E-04
3.326693E+03	8.780387E-03	5.832315E-04
3.336653E+03	8.945590E-03	5.923162E-04
3.346614E+03	9.120814E-03	6.019848E-04
3.356574E+03	9.306055E-03	6.122300E-04
3.366534E+03	9.501037E-03	6.230269E-04
3.376494E+03	9.705565E-03	6.343560E-04
3.386454E+03	9.919514E-03	6.462024E-04
3.396414E+03	1.014194E-02	6.584980E-04
3.406375E+03	1.037269E-02	6.712273E-04
3.416335E+03	1.061063E-02	6.843102E-04
3.426295E+03	1.085525E-02	6.977093E-04
3.436255E+03	1.110528E-02	7.113375E-04
3.446215E+03	1.136012E-02	7.251531E-04
3.456175E+03	1.161844E-02	7.390679E-04
3.466135E+03	1.187952E-02	7.530314E-04
3.476096E+03	1.214206E-02	7.669611E-04
3.486056E+03	1.240546E-02	7.808158E-04
3.496016E+03	1.266857E-02	7.945236E-04
3.505976E+03	1.293073E-02	8.080420E-04
3.515936E+03	1.319117E-02	8.213224E-04
3.525896E+03	1.344916E-02	8.343213E-04
3.535857E+03	1.370425E-02	8.470114E-04
3.545817E+03	1.395548E-02	8.593346E-04
3.555777E+03	1.420250E-02	8.712720E-04
3.565737E+03	1.444504E-02	8.828088E-04
3.575697E+03	1.468267E-02	8.939220E-04
3.585657E+03	1.491505E-02	9.045925E-04
3.595618E+03	1.514188E-02	9.148062E-04
3.605578E+03	1.536316E-02	9.245665E-04
3.615538E+03	1.557905E-02	9.338849E-04
3.625498E+03	1.578929E-02	9.427507E-04
3.635458E+03	1.599471E-02	9.512160E-04
3.645418E+03	1.619593E-02	9.593210E-04
3.655378E+03	1.639489E-02	9.671810E-04
3.665339E+03	1.659352E-02	9.749127E-04
3.675299E+03	1.679477E-02	9.826865E-04
3.685259E+03	1.700258E-02	9.907309E-04
3.695219E+03	1.722158E-02	9.993088E-04
3.705179E+03	1.745759E-02	1.008748E-03
3.715139E+03	1.771650E-02	1.019374E-03
3.725100E+03	1.800528E-02	1.031568E-03
3.735060E+03	1.833094E-02	1.045710E-03
3.745020E+03	1.870077E-02	1.062183E-03
3.754980E+03	1.912143E-02	1.081332E-03
3.764940E+03	1.959956E-02	1.103490E-03
3.774900E+03	2.014087E-02	1.128936E-03
3.784861E+03	2.075026E-02	1.157893E-03
3.794821E+03	2.143086E-02	1.190482E-03
3.804781E+03	2.218494E-02	1.226775E-03
3.814741E+03	2.301156E-02	1.266661E-03
3.824701E+03	2.390818E-02	1.309946E-03
3.834661E+03	2.486873E-02	1.356242E-03
3.844622E+03	2.588504E-02	1.405057E-03
3.854582E+03	2.694455E-02	1.455666E-03
3.864542E+03	2.803238E-02	1.507234E-03
3.874502E+03	2.913130E-02	1.558815E-03
3.884462E+03	3.022125E-02	1.609332E-03
3.894422E+03	3.128154E-02	1.657691E-03
3.904382E+03	3.229151E-02	1.702827E-03
3.914343E+03	3.323087E-02	1.743711E-03
3.924303E+03	3.408244E-02	1.779501E-03
3.934263E+03	3.483170E-02	1.809510E-03
3.944223E+03	3.546758E-02	1.833245E-03
3.954183E+03	3.598461E-02	1.850515E-03
3.964143E+03	3.638120E-02	1.861331E-03
3.974104E+03	3.666078E-02	1.865963E-03
3.984064E+03	3.683010E-02	1.864846E-03
3.994024E+03	3.690010E-02	1.858620E-03
4.003984E+03	3.688397E-02	1.848025E-03
4.013944E+03	3.679667E-02	1.833877E-03
4.023904E+03	3.665457E-02	1.817044E-03
4.033865E+03	3.647266E-02	1.798310E-03
4.043825E+03	3.626657E-02	1.778476E-03
4.053785E+03	3.604977E-02	1.758220E-03
4.063745E+03	3.583490E-02	1.738163E-03
4.073705E+03	3.563255E-02	1.718817E-03
4.083665E+03	3.545113E-02	1.700577E-03
4.093625E+03	3.529829E-02	1.683791E-03
4.103586E+03	3.517862E-02	1.668658E-03
4.113546E+03	3.509505E-02	1.655288E-03
4.123506E+03	3.504842E-02	1.643695E-03
4.133466E+03	3.503764E-02	1.633799E-03
4.143426E+03	3.505890E-02	1.625396E-03
4.153386E+03	3.510694E-02	1.618219E-03
4.163347E+03	3.517421E-02	1.611903E-03
4.173307E+03	3.525179E-02	1.606028E-03
4.183267E+03	3.533073E-02	1.600181E-03
4.193227E+03	3.540079E-02	1.593903E-03
4.203187E+03	3.545170E-02	1.586743E-03
4.213147E+03	3.547435E-02	1.578311E-03
4.223108E+03	3.545958E-02	1.568230E-03
4.233068E+03	3.540041E-02	1.556223E-03
4.243028E+03	3.529071E-02	1.542059E-03
4.252988E+03	3.512601E-02	1.525586E-03
4.262948E+03	3.490397E-02	1.506749E-03
4.272908E+03	3.462367E-02	1.485555E-03
4.282869E+03	3.428696E-02	1.462132E-03
4.292829E+03	3.389709E-02	1.436661E-03
4.302789E+03	3.346067E-02	1.409465E-03
4.312749E+03	3.298638E-02	1.380944E-03
4.322709E+03	3.248577E-02	1.351609E-03
4.332669E+03	3.197235E-02	1.322039E-03
4.342629E+03	3.146291E-02	1.292935E-03
4.352590E+03	3.097665E-02	1.265079E-03
4.362550E+03	3.053585E-02	1.239357E-03
4.372510E+03	3.016288E-02	1.216638E-03
4.382470E+03	2.987946E-02	1.197742E-03
4.392430E+03	2.970680E-02	1.183447E-03
4.402390E+03	2.966325E-02	1.174399E-03
4.412351E+03	2.976567E-02	1.171166E-03
4.422311E+03	3.002888E-02	1.174221E-03
4.432271E+03	3.046520E-02	1.183931E-03
4.442231E+03	3.108539E-02	1.200587E-03
4.452191E+03	3.189785E-02	1.224385E-03
4.462151E+03	3.290724E-02	1.255373E-03
4.472112E+03	3.411562E-02	1.293496E-03
4.482072E+03	3.551910E-02	1.338478E-03
4.492032E+03	3.710861E-02	1.389853E-03
4.501992E+03	3.886756E-02	1.446888E-03
4.511952E+03	4.077017E-02	1.508527E-03
4.521912E+03	4.278236E-02	1.573433E-03
4.531873E+03	4.485976E-02	1.639929E-03
4.541833E+03	4.694941E-02	1.706063E-03
4.551793E+03	4.899044E-02	1.769647E-03
4.561753E+03	5.091798E-02	1.828401E-03
4.571713E+03	5.266597E-02	1.880058E-03
4.581673E+03	5.417307E-02	1.922571E-03
4.591633E+03	5.538712E-02	1.954267E-03
4.601594E+03	5.626909E-02	1.973971E-03
4.611554E+03	5.679727E-02	1.981140E-03
4.621514E+03	5.696830E-02	1.975878E-03
4.631474E+03	5.679712E-02	1.958918E-03
4.641434E+03	5.631280E-02	1.931458E-03
4.651394E+03	5.555815E-02	1.895139E-03
4.661355E+03	5.458353E-02	1.851819E-03
4.671315E+03	5.344365E-02	1.803461E-03
4.681275E+03	5.219143E-02	1.751924E-03
4.691235E+03	5.087833E-02	1.698977E-03
4.701195E+03	4.954882E-02	1.646121E-03
4.711155E+03	4.824166E-02	1.594635E-03
4.721116E+03	4.698789E-02	1.545518E-03
4.731076E+03	4.581208E-02	1.499539E-03
4.741036E+03	4.473109E-02	1.457199E-03
4.750996E+03	4.375611E-02	1.418809E-03
4.760956E+03	4.289327E-02	1.384511E-03
4.770916E+03	4.214461E-02	1.354312E-03
4.780876E+03	4.150943E-02	1.328136E-03
4.790837E+03	4.098296E-02	1.305779E-03
4.800797E+03	4.055784E-02	1.286961E-03
4.810757E+03	4.022566E-02	1.271372E-03
4.820717E+03	3.997645E-02	1.258664E-03
4.830677E+03	3.979863E-02	1.248437E-03
4.840637E+03	3.968081E-02	1.240303E-03
4.850598E+03	3.960898E-02	1.233802E-03
4.860558E+03	3.956971E-02	1.228497E-03
4.870518E+03	3.954782E-02	1.223903E-03
4.880478E+03	3.952738E-02	1.219520E-03
4.890438E+03	3.949224E-02	1.214846E-03
4.900398E+03	3.942707E-02	1.209412E-03
4.910359E+03	3.931731E-02	1.202773E-03
4.920319E+03	3.915176E-02	1.194595E-03
4.930279E+03	3.892251E-02	1.184645E-03
4.940239E+03	3.862674E-02	1.172845E-03
4.950199E+03	3.826620E-02	1.159256E-03
4.960159E+03	3.784725E-02	1.144076E-03
4.970120E+03	3.738175E-02	1.127667E-03
4.980080E+03	3.688384E-02	1.110455E-03
4.990040E+03	3.637056E-02	1.092950E-03
5.000000E+03	3.586012E-02	1.075692E-03
5.009960E+03	3.537132E-02	1.059237E-03
5.019920E+03	3.492207E-02	1.044110E-03
5.029880E+03	3.452869E-02	1.030785E-03
5.039841E+03	3.420668E-02	1.019711E-03
5.049801E+03	3.396940E-02	1.011271E-03
5.059761E+03	3.382823E-02	1.005788E-03
5.069721E+03	3.379350E-02	1.003556E-03
5.079681E+03	3.387362E-02	1.004809E-03
5.089641E+03	3.407549E-02	1.009738E-03
5.099602E+03	3.440408E-02	1.018478E-03
5.109562E+03	3.486372E-02	1.031146E-03
5.119522E+03	3.545509E-02	1.047751E-03
5.129482E+03	3.617841E-02	1.068292E-03
5.139442E+03	3.703060E-02	1.092671E-03
5.149402E+03	3.800496E-02	1.120684E-03
5.159363E+03	3.909157E-02	1.152036E-03
5.169323E+03	4.027674E-02	1.186320E-03
5.179283E+03	4.154114E-02	1.222967E-03
5.189243E+03	4.286212E-02	1.261311E-03
5.199203E+03	4.421248E-02	1.300556E-03
5.209163E+03	4.556160E-02	1.339803E-03
5.219124E+03	4.687642E-02	1.378086E-03
5.229084E+03	4.812420E-02	1.414447E-03
5.239044E+03	4.927261E-02	1.447943E-03
5.249004E+03	5.029470E-02	1.477785E-03
5.258964E+03	5.116696E-02	1.503289E-03
5.268924E+03	5.187392E-02	1.524004E-03
5.278884E+03	5.240713E-02	1.539683E-03
5.288845E+03	5.276432E-02	1.550262E-03
5.298805E+03	5.295231E-02	1.555941E-03
5.308765E+03	5.298155E-02	1.557025E-03
5.318725E+03	5.286803E-02	1.553983E-03
5.328685E+03	5.263090E-02	1.547374E-03
5.338645E+03	5.228942E-02	1.537762E-03
5.348606E+03	5.186304E-02	1.525715E-03
5.358566E+03	5.136920E-02	1.511743E-03
5.368526E+03	5.082405E-02	1.496316E-03
5.378486E+03	5.024001E-02	1.479797E-03
5.388446E+03	4.962699E-02	1.462474E-03
5.398406E+03	4.899200E-02	1.444547E-03
5.408367E+03	4.833901E-02	1.426126E-03
5.418327E+03	4.766665E-02	1.407164E-03
5.428287E+03	4.696725E-02	1.387426E-03
5.438247E+03	4.623166E-02	1.366636E-03
5.448207E+03	4.545075E-02	1.344514E-03
5.458167E+03	4.461870E-02	1.320880E-03
5.468127E+03	4.373124E-02	1.295598E-03
5.478088E+03	4.278870E-02	1.268671E-03
5.488048E+03	4.179247E-02	1.240130E-03
5.498008E+03	4.074647E-02	1.210083E-03
5.507968E+03	3.965731E-02	1.178719E-03
5.517928E+03	3.853220E-02	1.146246E-03
5.527888E+03	3.737946E-02	1.112904E-03
5.537849E+03	3.620917E-02	1.078990E-03
5.547809E+03	3.503062E-02	1.044776E-03
5.557769E+03	3.385372E-02	1.010556E-03
5.567729E+03	3.268869E-02	9.766309E-04
5.577689E+03	3.154581E-02	9.433095E-04
5.587649E+03	3.043563E-02	9.109068E-04
5.597610E+03	2.936879E-02	8.797435E-04
5.607570E+03	2.835589E-02	8.501395E-04
5.617530E+03	2.740733E-02	8.224108E-04
5.627490E+03	2.653311E-02	7.968622E-04
5.637450E+03	2.574267E-02	7.737827E-04
5.647410E+03	2.504499E-02	7.534485E-04
5.657371E+03	2.444768E-02	7.360965E-04
5.667331E+03	2.395755E-02	7.219388E-04
5.677291E+03	2.358152E-02	7.111925E-04
5.687251E+03	2.332409E-02	7.040018E-04
5.697211E+03	2.319038E-02	7.005302E-04
5.707171E+03	2.318312E-02	7.008696E-04
5.717131E+03	2.330562E-02	7.051290E-04
5.727092E+03	2.355864E-02	7.133408E-04
5.737052E+03	2.394317E-02	7.255443E-04
5.747012E+03	2.445760E-02	7.417000E-04
5.756972E+03	2.509818E-02	7.617032E-04
5.766932E+03	2.585899E-02	7.853825E-04
5.776892E+03	2.673075E-02	8.124646E-04
5.786853E+03	2.769958E-02	8.425352E-04
5.796813E+03	2.874737E-02	8.750496E-04
5.806773E+03	2.985156E-02	9.093267E-04
5.816733E+03	3.098425E-02	9.445205E-04
5.826693E+03	3.211403E-02	9.796756E-04
5.836653E+03	3.320599E-02	1.013728E-03
5.846614E+03	3.422371E-02	1.045562E-03
5.856574E+03	3.512978E-02	1.074034E-03
5.866534E+03	3.589052E-02	1.098105E-03
5.876494E+03	3.647598E-02	1.116852E-03
5.886454E+03	3.686259E-02	1.129544E-03
5.896414E+03	3.703501E-02	1.135696E-03
5.906375E+03	3.698688E-02	1.135103E-03
5.916335E+03	3.672130E-02	1.127845E-03
5.926295E+03	3.624912E-02	1.114243E-03
5.936255E+03	3.558798E-02	1.094824E-03
5.946215E+03	3.476058E-02	1.070275E-03
5.956175E+03	3.379241E-02	1.041370E-03
5.966135E+03	3.270871E-02	1.008875E-03
5.976096E+03	3.153602E-02	9.736003E-04
5.986056E+03	3.029918E-02	9.363049E-04
5.996016E+03	2.902082E-02	8.976824E-04
6.005976E+03	2.772259E-02	8.583970E-04
6.015936E+03	2.642496E-02	8.190799E-04
6.025896E+03	2.514581E-02	7.802828E-04
6.035857E+03	2.390350E-02	7.425758E-04
6.045817E+03	2.271415E-02	7.064606E-04
6.055777E+03	2.159337E-02	6.724257E-04
6.065737E+03	2.055515E-02	6.409125E-04
6.075697E+03	1.961246E-02	6.123318E-04
6.085657E+03	1.877596E-02	5.870262E-04
6.095618E+03	1.805451E-02	5.652838E-04
6.105578E+03	1.745517E-02	5.473389E-04
6.115538E+03	1.698331E-02	5.333753E-04
6.125498E+03	1.664248E-02	5.235223E-04
6.135458E+03	1.643499E-02	5.178720E-04
6.145418E+03	1.636155E-02	5.164677E-04
6.155378E+03	1.642231E-02	5.193379E-04
6.165339E+03	1.661512E-02	5.264373E-04
6.175299E+03	1.693677E-02	5.376883E-04
6.185259E+03	1.738164E-02	5.529366E-04
6.195219E+03	1.794172E-02	5.719525E-04
6.205179E+03	1.860610E-02	5.944120E-04
6.215139E+03	1.936151E-02	6.199139E-04
6.225100E+03	2.019351E-02	6.480171E-04
6.235060E+03	2.108803E-02	6.782878E-04
6.245020E+03	2.203160E-02	7.103088E-04
6.254980E+03	2.301001E-02	7.436339E-04
6.264940E+03	2.400795E-02	7.777785E-04
6.274900E+03	2.500966E-02	8.122364E-04
6.284861E+03	2.599961E-02	8.465058E-04
6.294821E+03	2.696278E-02	8.800942E-04
6.304781E+03	2.788467E-02	9.125219E-04
6.314741E+03	2.875257E-02	9.433617E-04
6.324701E+03	2.955519E-02	9.722286E-04
6.334661E+03	3.028415E-02	9.988282E-04
6.344622E+03	3.093258E-02	1.022914E-03
6.354582E+03	3.149636E-02	1.044326E-03
6.364542E+03	3.197357E-02	1.062977E-03
6.374502E+03	3.236469E-02	1.078858E-03
6.384462E+03	3.267079E-02	1.091980E-03
6.394422E+03	3.289460E-02	1.102408E-03
6.404382E+03	3.303935E-02	1.110227E-03
6.414343E+03	3.310901E-02	1.115547E-03
6.424303E+03	3.310549E-02	1.118410E-03
6.434263E+03	3.303300E-02	1.118935E-03
6.444223E+03	3.289282E-02	1.117145E-03
6.454183E+03	3.268652E-02	1.113073E-03
6.464143E+03	3.241600E-02	1.106765E-03
6.474104E+03	3.208043E-02	1.098172E-03
6.484064E+03	3.168179E-02	1.087343E-03
6.494024E+03	3.121980E-02	1.074250E-03
6.503984E+03	3.069555E-02	1.058914E-03
6.513944E+03	3.011125E-02	1.041392E-03
6.523904E+03	2.946879E-02	1.021735E-03
6.533865E+03	2.877193E-02	1.000056E-03
6.543825E+03	2.802587E-02	9.765233E-04
6.553785E+03	2.723730E-02	9.513579E-04
6.563745E+03	2.641373E-02	9.248128E-04
6.573705E+03	2.556487E-02	8.972207E-04
6.583665E+03	2.469941E-02	8.688813E-04
6.593625E+03	2.382733E-02	8.401449E-04
6.603586E+03	2.295767E-02	8.113301E-04
6.613546E+03	2.209956E-02	7.827627E-04
6.623506E+03	2.126054E-02	7.547150E-04
6.633466E+03	2.044742E-02	7.274362E-04
6.643426E+03	1.966617E-02	7.011466E-04
6.653386E+03	1.892089E-02	6.760020E-04
6.663347E+03	1.821485E-02	6.521300E-04
6.673307E+03	1.755028E-02	6.296211E-04
6.683267E+03	1.692874E-02	6.085425E-04
6.693227E+03	1.635047E-02	5.889140E-04
6.703187E+03	1.581536E-02	5.707429E-04
6.713147E+03	1.532283E-02	5.540189E-04
6.723108E+03	1.487192E-02	5.387173E-04
6.733068E+03	1.446139E-02	5.248035E-04
6.743028E+03	1.409004E-02	5.122428E-04
6.752988E+03	1.375604E-02	5.009779E-04
6.762948E+03	1.345790E-02	4.909630E-04
6.772908E+03	1.319339E-02	4.821238E-04
6.782869E+03	1.296104E-02	4.744146E-04
6.792829E+03	1.275887E-02	4.677690E-04
6.802789E+03	1.258459E-02	4.621092E-04
6.812749E+03	1.243603E-02	4.573612E-04
6.822709E+03	1.231113E-02	4.534542E-04
6.832669E+03	1.220735E-02	4.502991E-04
6.842629E+03	1.212250E-02	4.478190E-04
6.852590E+03	1.205394E-02	4.459197E-04
6.862550E+03	1.199944E-02	4.445222E-04
6.872510E+03	1.195661E-02	4.435403E-04
6.882470E+03	1.192294E-02	4.428833E-04
6.892430E+03	1.189671E-02	4.424883E-04
6.902390E+03	1.187553E-02	4.422690E-04
6.912351E+03	1.185773E-02	4.421636E-04
6.922311E+03	1.184233E-02	4.421367E-04
6.932271E+03	1.182785E-02	4.421343E-04
6.942231E+03	1.181399E-02	4.421454E-04
6.952191E+03	1.179991E-02	4.421393E-04
6.962151E+03	1.178566E-02	4.421191E-04
6.972112E+03	1.177133E-02	4.420881E-04
6.982072E+03	1.175737E-02	4.420641E-04
6.992032E+03	1.174370E-02	4.420452E-04
7.001992E+03	1.173118E-02	4.420643E-04
7.011952E+03	1.172004E-02	4.421307E-04
7.021912E+03	1.171047E-02	4.422533E-04
7.031873E+03	1.170349E-02	4.424713E-04
7.041833E+03	1.169873E-02	4.427720E-04
7.051793E+03	1.169678E-02	4.431786E-04
7.061753E+03	1.169743E-02	4.436845E-04
7.071713E+03	1.170072E-02	4.442930E-04
7.081673E+03	1.170612E-02	4.449843E-04
7.091633E+03	1.171332E-02	4.457488E-04
7.101594E+03	1.172146E-02	4.465542E-04
7.111554E+03	1.172997E-02	4.473806E-04
7.121514E+03	1.173801E-02	4.481966E-04
7.131474E+03	1.174448E-02	4.489614E-04
7.141434E+03	1.174901E-02	4.496616E-04
7.151394E+03	1.175038E-02	4.502518E-04
7.161355E+03	1.174798E-02	4.507087E-04
7.171315E+03	1.174178E-02	4.510321E-04
7.181275E+03	1.173118E-02	4.511998E-04
7.191235E+03	1.171591E-02	4.512014E-04
7.201195E+03	1.169569E-02	4.510272E-04
7.211155E+03	1.167042E-02	4.506737E-04
7.221116E+03	1.163914E-02	4.501036E-04
7.231076E+03	1.160161E-02	4.493079E-04
7.241036E+03	1.155660E-02	4.482394E-04
7.250996E+03	1.150310E-02	4.468582E-04
7.260956E+03	1.143940E-02	4.450973E-04
7.270916E+03	1.136412E-02	4.429022E-04
7.280876E+03	1.127539E-02	4.401982E-04
7.290837E+03	1.117189E-02	4.369318E-04
7.300797E+03	1.105231E-02	4.330491E-04
7.310757E+03	1.091589E-02	4.285174E-04
7.320717E+03	1.076188E-02	4.233033E-04
7.330677E+03	1.059029E-02	4.174031E-04
7.340637E+03	1.040216E-02	4.108539E-04
7.350598E+03	1.019847E-02	4.036895E-04
7.360558E+03	9.981236E-03	3.959853E-04
7.370518E+03	9.752832E-03	3.878309E-04
7.380478E+03	9.516579E-03	3.793546E-04
7.390438E+03	9.275825E-03	3.706864E-04
7.400398E+03	9.034115E-03	3.619655E-04
7.410359E+03	8.795703E-03	3.533609E-04
7.420319E+03	8.564618E-03	3.450342E-04
7.430279E+03	8.344742E-03	3.371428E-04
7.440239E+03	8.140430E-03	3.298654E-04
7.450199E+03	7.955365E-03	3.233556E-04
7.460159E+03	7.792802E-03	3.177518E-04
7.470120E+03	7.655597E-03	3.131782E-04
7.480080E+03	7.545895E-03	3.097319E-04
7.490040E+03	7.465071E-03	3.074802E-04
7.500000E+03	7.413525E-03	3.064513E-04
7.509960E+03	7.391188E-03	3.066542E-04
7.519920E+03	7.396880E-03	3.080523E-04
7.529880E+03	7.428867E-03	3.105858E-04
7.539841E+03	7.485097E-03	3.141811E-04
7.549801E+03	7.562070E-03	3.187032E-04
7.559761E+03	7.656698E-03	3.240323E-04
7.569721E+03	7.765015E-03	3.300098E-04
7.579681E+03	7.883235E-03	3.364823E-04
7.589641E+03	8.007186E-03	3.432771E-04
7.599602E+03	8.133221E-03	3.502413E-04
7.609562E+03	8.257563E-03	3.572137E-04
7.619522E+03	8.377108E-03	3.640591E-04
7.629482E+03	8.488803E-03	3.706419E-04
7.639442E+03	8.590578E-03	3.768672E-04
7.649402E+03	8.680797E-03	3.826571E-04
7.659363E+03	8.758232E-03	3.879501E-04
7.669323E+03	8.822463E-03	3.927193E-04
7.679283E+03	8.874033E-03	3.969804E-04
7.689243E+03	8.913064E-03	4.007302E-04
7.699203E+03	8.940456E-03	4.040005E-04
7.709163E+03	8.957810E-03	4.068556E-04
7.719124E+03	8.965980E-03	4.093270E-04
7.729084E+03	8.966532E-03	4.114794E-04
7.739044E+03	8.961000E-03	4.133775E-04
7.749004E+03	8.950126E-03	4.150504E-04
7.758964E+03	8.934927E-03	4.165410E-04
7.768924E+03	8.916653E-03	4.179037E-04
7.778884E+03	8.895627E-03	4.191506E-04
7.788845E+03	8.872151E-03	4.202933E-04
7.798805E+03	8.846280E-03	4.213315E-04
7.808765E+03	8.817841E-03	4.222543E-04
7.818725E+03	8.786481E-03	4.230418E-04
7.828685E+03	8.751918E-03	4.236773E-04
7.838645E+03	8.713069E-03	4.241047E-04
7.848606E+03	8.669455E-03	4.242962E-04
7.858566E+03	8.620547E-03	4.242212E-04
7.868526E+03	8.565353E-03	4.238255E-04
7.878486E+03	8.503109E-03	4.230649E-04
7.888446E+03	8.433094E-03	4.218968E-04
7.898406E+03	8.355055E-03	4.203011E-04
7.908367E+03	8.267919E-03	4.182160E-04
7.918327E+03	8.171334E-03	4.156150E-04
7.928287E+03	8.064801E-03	4.124638E-04
7.938247E+03	7.947888E-03	4.087307E-04
7.948207E+03	7.820478E-03	4.043999E-04
7.958167E+03	7.682121E-03	3.994382E-04
7.968127E+03	7.532911E-03	3.938400E-04
7.978088E+03	7.372687E-03	3.875866E-04
7.988048E+03	7.201866E-03	3.806895E-04
7.998008E+03	7.020489E-03	3.731406E-04
8.007968E+03	6.829252E-03	3.649671E-04
8.017928E+03	6.629517E-03	3.562325E-04
8.027888E+03	6.422182E-03	3.469769E-04
8.037849E+03	6.208736E-03	3.372736E-04
8.047809E+03	5.990855E-03	3.272079E-04
8.057769E+03	5.770505E-03	3.168828E-04
8.067729E+03	5.549292E-03	3.063841E-04
8.077689E+03	5.329511E-03	2.958374E-04
8.087649E+03	5.112866E-03	2.853384E-04
8.097610E+03	4.901342E-03	2.750006E-04
8.107570E+03	4.696985E-03	2.649434E-04
8.117530E+03	4.501454E-03	2.552666E-04
8.127490E+03	4.316396E-03	2.460716E-04
8.137450E+03	4.143288E-03	2.374520E-04
8.147410E+03	3.983409E-03	2.294919E-04
8.157371E+03	3.837727E-03	2.222589E-04
8.167331E+03	3.707229E-03	2.158232E-04
8.177291E+03	3.592501E-03	2.102323E-04
8.187251E+03	3.494060E-03	2.055309E-04
8.197211E+03	3.412269E-03	2.017550E-04
8.207171E+03	3.347371E-03	1.989340E-04
8.217131E+03	3.299431E-03	1.970870E-04
8.227092E+03	3.268631E-03	1.962404E-04
8.237052E+03	3.254946E-03	1.964079E-04
8.247012E+03	3.258440E-03	1.976090E-04
8.256972E+03	3.279192E-03	1.998642E-04
8.266932E+03	3.317242E-03	2.031914E-04
8.276892E+03	3.372969E-03	2.076296E-04
8.286853E+03	3.446477E-03	2.132013E-04
8.296813E+03	3.538155E-03	2.199467E-04
8.306773E+03	3.648623E-03	2.279209E-04
8.316733E+03	3.778323E-03	2.371686E-04
8.326693E+03	3.928235E-03	2.477690E-04
8.336653E+03	4.099154E-03	2.597906E-04
8.346614E+03	4.291954E-03	2.733078E-04
8.356574E+03	4.507916E-03	2.884222E-04
8.366534E+03	4.747730E-03	3.051989E-04
8.376494E+03	5.012795E-03	3.237494E-04
8.386454E+03	5.303744E-03	3.441371E-04
8.396414E+03	5.621270E-03	3.664303E-04
8.406375E+03	5.965795E-03	3.906799E-04
8.416335E+03	6.337554E-03	4.169252E-04
8.426295E+03	6.736010E-03	4.451544E-04
8.436255E+03	7.160268E-03	4.753315E-04
8.446215E+03	7.608850E-03	5.073802E-04
8.456175E+03	8.079687E-03	5.411829E-04
8.466135E+03	8.570094E-03	5.765778E-04
8.476096E+03	9.076839E-03	6.133630E-04
8.486056E+03	9.596482E-03	6.513185E-04
8.496016E+03	1.012440E-02	6.901395E-04
8.505976E+03	1.065654E-02	7.295548E-04
8.515936E+03	1.118851E-02	7.692644E-04
8.525896E+03	1.171594E-02	8.089661E-04
8.535857E+03	1.223465E-02	8.483641E-04
8.545817E+03	1.274109E-02	8.872021E-04
8.555777E+03	1.323091E-02	9.251651E-04
8.565737E+03	1.370165E-02	9.620633E-04
8.575697E+03	1.414963E-02	9.976197E-04
8.585657E+03	1.457315E-02	1.031693E-03
8.595618E+03	1.497004E-02	1.064108E-03
8.605578E+03	1.533754E-02	1.094641E-03
8.615538E+03	1.567489E-02	1.123212E-03
8.625498E+03	1.598071E-02	1.149696E-03
8.635458E+03	1.625382E-02	1.173978E-03
8.645418E+03	1.649273E-02	1.195923E-03
8.655378E+03	1.669714E-02	1.215477E-03
8.665339E+03	1.686647E-02	1.232569E-03
8.675299E+03	1.700035E-02	1.247142E-03
8.685259E+03	1.709918E-02	1.259194E-03
8.695219E+03	1.716202E-02	1.268627E-03
8.705179E+03	1.719029E-02	1.275513E-03
8.715139E+03	1.718457E-02	1.279868E-03
8.725100E+03	1.714514E-02	1.281684E-03
8.735060E+03	1.707357E-02	1.281051E-03
8.745020E+03	1.697107E-02	1.278034E-03
8.754980E+03	1.683906E-02	1.272714E-03
8.764940E+03	1.667912E-02	1.265187E-03
8.774900E+03	1.649306E-02	1.255568E-03
8.784861E+03	1.628340E-02	1.244030E-03
8.794821E+03	1.605186E-02	1.230684E-03
8.804781E+03	1.580145E-02	1.215745E-03
8.814741E+03	1.553435E-02	1.199369E-03
8.824701E+03	1.525451E-02	1.181846E-03
8.834661E+03	1.496449E-02	1.163367E-03
8.844622E+03	1.466795E-02	1.144211E-03
8.854582E+03	1.436713E-02	1.124547E-03
8.864542E+03	1.406617E-02	1.104699E-03
8.874502E+03	1.376711E-02	1.084828E-03
8.884462E+03	1.347272E-02	1.065156E-03
8.894422E+03	1.318589E-02	1.045917E-03
8.904382E+03	1.290774E-02	1.027204E-03
8.914343E+03	1.264073E-02	1.009225E-03
8.924303E+03	1.238556E-02	9.920415E-04
8.934263E+03	1.214246E-02	9.756854E-04
8.944223E+03	1.191215E-02	9.602228E-04
8.954183E+03	1.169452E-02	9.456558E-04
8.964143E+03	1.148873E-02	9.319272E-04
9.003984E+03	1.077242E-02	8.846311E-04
9.043825E+03	1.018005E-02	8.460293E-04
9.083665E+03	9.662930E-03	8.124254E-04
9.123506E+03	9.198385E-03	7.821352E-04
9.163347E+03	8.785445E-03	7.552496E-04
9.203187E+03	8.429137E-03	7.323716E-04
9.243028E+03	8.126732E-03	7.134367E-04
9.282869E+03	7.858657E-03	6.968715E-04
9.322709E+03	7.589506E-03	6.796111E-04
9.362550E+03	7.291367E-03	6.591444E-04
9.402390E+03	6.958714E-03	6.349085E-04
9.442231E+03	6.605713E-03	6.081383E-04
9.482072E+03	6.255438E-03	5.809447E-04
9.521912E+03	5.930821E-03	5.554998E-04
9.561753E+03	5.649020E-03	5.335016E-04
9.601594E+03	5.416879E-03	5.157158E-04
9.641434E+03	5.231152E-03	5.019565E-04
9.681275E+03	5.079438E-03	4.911388E-04
9.721116E+03	4.948656E-03	4.820713E-04
9.760956E+03	4.831625E-03	4.741023E-04
9.800797E+03	4.730515E-03	4.674815E-04
9.840637E+03	4.650697E-03	4.627826E-04
9.880478E+03	4.595011E-03	4.603386E-04
9.920319E+03	4.562408E-03	4.600963E-04
9.960159E+03	4.546479E-03	4.614541E-04
1.000000E+04	4.537413E-03	4.634440E-04
1.003984E+04	4.526062E-03	4.651394E-04
1.007968E+04	4.505117E-03	4.657809E-04
1.011952E+04	4.470708E-03	4.649487E-04
1.015936E+04	4.421449E-03	4.624746E-04
1.019920E+04	4.357851E-03	4.583872E-04
1.023904E+04	4.283315E-03	4.530231E-04
1.027888E+04	4.201098E-03	4.467122E-04
