#wls	flux	fluxerr
1.600000E+03	1.861904E-16	2.739534E-18
1.640000E+03	1.900804E-16	2.790920E-18
1.680000E+03	1.941359E-16	2.844343E-18
1.720000E+03	1.982814E-16	2.898670E-18
1.760000E+03	2.025129E-16	2.953820E-18
1.800000E+03	2.069064E-16	3.010878E-18
1.840000E+03	2.114613E-16	3.069804E-18
1.880000E+03	2.161340E-16	3.129937E-18
1.920000E+03	2.209196E-16	3.191175E-18
1.960000E+03	2.258993E-16	3.254663E-18
2.000000E+03	2.310260E-16	3.319683E-18
2.040000E+03	2.363389E-16	3.386764E-18
2.080000E+03	2.417862E-16	3.455123E-18
2.120000E+03	2.474524E-16	3.525932E-18
2.160000E+03	2.532347E-16	3.597684E-18
2.200000E+03	2.592170E-16	3.671528E-18
2.240000E+03	2.653879E-16	3.747260E-18
2.280000E+03	2.717334E-16	3.824632E-18
2.320000E+03	2.781851E-16	3.902640E-18
2.360000E+03	2.847727E-16	3.981661E-18
2.400000E+03	2.915252E-16	4.062052E-18
2.440000E+03	2.984171E-16	4.143414E-18
2.480000E+03	3.053125E-16	4.223816E-18
2.520000E+03	3.123367E-16	4.304961E-18
2.560000E+03	3.193994E-16	4.385561E-18
2.600000E+03	3.265133E-16	4.465754E-18
2.640000E+03	3.335777E-16	4.544135E-18
2.680000E+03	3.406520E-16	4.621489E-18
2.720000E+03	3.476262E-16	4.696301E-18
2.760000E+03	3.545516E-16	4.769247E-18
2.800000E+03	3.613633E-16	4.839443E-18
2.840000E+03	3.680473E-16	4.906692E-18
2.880000E+03	3.745837E-16	4.970729E-18
2.920000E+03	3.810016E-16	5.031936E-18
2.960000E+03	3.872678E-16	5.089876E-18
3.000000E+03	3.933960E-16	5.144733E-18
3.010000E+03	3.949482E-16	5.158509E-18
3.020000E+03	3.964833E-16	5.171983E-18
3.030000E+03	3.979470E-16	5.184444E-18
3.040000E+03	3.994437E-16	5.197256E-18
3.050000E+03	4.009712E-16	5.210387E-18
3.060000E+03	4.024746E-16	5.223124E-18
3.070000E+03	4.039525E-16	5.235448E-18
3.080000E+03	4.054552E-16	5.248012E-18
3.090000E+03	4.069283E-16	5.260111E-18
3.100000E+03	4.084218E-16	5.272393E-18
3.110000E+03	4.098821E-16	5.284163E-18
3.120000E+03	4.113583E-16	5.296058E-18
3.130000E+03	4.128483E-16	5.308046E-18
3.140000E+03	4.142988E-16	5.319443E-18
3.150000E+03	4.158089E-16	5.331522E-18
3.160000E+03	4.172751E-16	5.342954E-18
3.170000E+03	4.187457E-16	5.354359E-18
3.180000E+03	4.202675E-16	5.366333E-18
3.190000E+03	4.217388E-16	5.377578E-18
3.200000E+03	4.232559E-16	5.389320E-18
3.210000E+03	4.247667E-16	5.400896E-18
3.220000E+03	4.262688E-16	5.412275E-18
3.230000E+03	4.278077E-16	5.424032E-18
3.240000E+03	4.293323E-16	5.435521E-18
3.250000E+03	4.308876E-16	5.447309E-18
3.260000E+03	4.324232E-16	5.458759E-18
3.270000E+03	4.339835E-16	5.470431E-18
3.280000E+03	4.355650E-16	5.482280E-18
3.290000E+03	4.371646E-16	5.494263E-18
3.300000E+03	4.387788E-16	5.506339E-18
3.310000E+03	4.404047E-16	5.518466E-18
3.320000E+03	4.420388E-16	5.530602E-18
3.330000E+03	4.437227E-16	5.543266E-18
3.340000E+03	4.454080E-16	5.555850E-18
3.350000E+03	4.470918E-16	5.568317E-18
3.360000E+03	4.488144E-16	5.581170E-18
3.370000E+03	4.505720E-16	5.594358E-18
3.380000E+03	4.523606E-16	5.607828E-18
3.390000E+03	4.541343E-16	5.621012E-18
3.400000E+03	4.559739E-16	5.634908E-18
3.410000E+03	4.578335E-16	5.648946E-18
3.420000E+03	4.597505E-16	5.663584E-18
3.430000E+03	4.616390E-16	5.677763E-18
3.440000E+03	4.636177E-16	5.692942E-18
3.450000E+03	4.656013E-16	5.708069E-18
3.460000E+03	4.676263E-16	5.723590E-18
3.470000E+03	4.696887E-16	5.739454E-18
3.480000E+03	4.717845E-16	5.755609E-18
3.490000E+03	4.739100E-16	5.772007E-18
3.500000E+03	4.760994E-16	5.789064E-18
3.510000E+03	4.783480E-16	5.806717E-18
3.520000E+03	4.806147E-16	5.824464E-18
3.530000E+03	4.829329E-16	5.842709E-18
3.540000E+03	4.852989E-16	5.861403E-18
3.550000E+03	4.877092E-16	5.880500E-18
3.560000E+03	4.901958E-16	5.900382E-18
3.570000E+03	4.927200E-16	5.920580E-18
3.580000E+03	4.952797E-16	5.941066E-18
3.590000E+03	4.979414E-16	5.962634E-18
3.600000E+03	5.006346E-16	5.984433E-18
3.610000E+03	5.034256E-16	6.007253E-18
3.620000E+03	5.062797E-16	6.030674E-18
3.630000E+03	5.091969E-16	6.054692E-18
3.640000E+03	5.122098E-16	6.079688E-18
3.650000E+03	5.153182E-16	6.105656E-18
3.660000E+03	5.185224E-16	6.132591E-18
3.670000E+03	5.218227E-16	6.160492E-18
3.680000E+03	5.252198E-16	6.189358E-18
3.690000E+03	5.287443E-16	6.219544E-18
3.700000E+03	5.323957E-16	6.251036E-18
3.710000E+03	5.361440E-16	6.283473E-18
3.720000E+03	5.400480E-16	6.317536E-18
3.730000E+03	5.440482E-16	6.352519E-18
3.740000E+03	5.482020E-16	6.389088E-18
3.750000E+03	5.525075E-16	6.427206E-18
3.760000E+03	5.569347E-16	6.466516E-18
3.770000E+03	5.615099E-16	6.507315E-18
3.780000E+03	5.662300E-16	6.549556E-18
3.790000E+03	5.711185E-16	6.593503E-18
3.800000E+03	5.761174E-16	6.638471E-18
3.810000E+03	5.812751E-16	6.685014E-18
3.820000E+03	5.865856E-16	6.733049E-18
3.830000E+03	5.920421E-16	6.782489E-18
3.840000E+03	5.976121E-16	6.832951E-18
3.850000E+03	6.033395E-16	6.884928E-18
3.860000E+03	6.091912E-16	6.938032E-18
3.870000E+03	6.151599E-16	6.992173E-18
3.880000E+03	6.212387E-16	7.047262E-18
3.890000E+03	6.274446E-16	7.103486E-18
3.900000E+03	6.337704E-16	7.160752E-18
3.910000E+03	6.401849E-16	7.218703E-18
3.920000E+03	6.467282E-16	7.277781E-18
3.930000E+03	6.533461E-16	7.337369E-18
3.940000E+03	6.600543E-16	7.397638E-18
3.950000E+03	6.668441E-16	7.458484E-18
3.960000E+03	6.737288E-16	7.520049E-18
3.970000E+03	6.806534E-16	7.581714E-18
3.980000E+03	6.876286E-16	7.643596E-18
3.990000E+03	6.946634E-16	7.705790E-18
4.000000E+03	7.016995E-16	7.767647E-18
4.010000E+03	7.087636E-16	7.829461E-18
4.020000E+03	7.158158E-16	7.890790E-18
4.030000E+03	7.228148E-16	7.951182E-18
4.040000E+03	7.297598E-16	8.010631E-18
4.050000E+03	7.366273E-16	8.068884E-18
4.060000E+03	7.433922E-16	8.125671E-18
4.070000E+03	7.500094E-16	8.180508E-18
4.080000E+03	7.564539E-16	8.233135E-18
4.090000E+03	7.627018E-16	8.283303E-18
4.100000E+03	7.687111E-16	8.330572E-18
4.110000E+03	7.744814E-16	8.374954E-18
4.120000E+03	7.799948E-16	8.416275E-18
4.130000E+03	7.851812E-16	8.453796E-18
4.140000E+03	7.900862E-16	8.488033E-18
4.150000E+03	7.946472E-16	8.518335E-18
4.160000E+03	7.988790E-16	8.544884E-18
4.170000E+03	8.027625E-16	8.567503E-18
4.180000E+03	8.062824E-16	8.586052E-18
4.190000E+03	8.094433E-16	8.600607E-18
4.200000E+03	8.122353E-16	8.611092E-18
4.210000E+03	8.146684E-16	8.617637E-18
4.220000E+03	8.167386E-16	8.620227E-18
4.230000E+03	8.184452E-16	8.618883E-18
4.240000E+03	8.198074E-16	8.613832E-18
4.250000E+03	8.208155E-16	8.604998E-18
4.260000E+03	8.214802E-16	8.592521E-18
4.270000E+03	8.218457E-16	8.576885E-18
4.280000E+03	8.218981E-16	8.557972E-18
4.290000E+03	8.216721E-16	8.536162E-18
4.300000E+03	8.211893E-16	8.511703E-18
4.310000E+03	8.204593E-16	8.484712E-18
4.320000E+03	8.195352E-16	8.455758E-18
4.330000E+03	8.184149E-16	8.424832E-18
4.340000E+03	8.171247E-16	8.392220E-18
4.350000E+03	8.157175E-16	8.358478E-18
4.360000E+03	8.141784E-16	8.323465E-18
4.370000E+03	8.125584E-16	8.287709E-18
4.380000E+03	8.108807E-16	8.251455E-18
4.390000E+03	8.091550E-16	8.214806E-18
4.400000E+03	8.074160E-16	8.178119E-18
4.410000E+03	8.056724E-16	8.141485E-18
4.420000E+03	8.039453E-16	8.105114E-18
4.430000E+03	8.022539E-16	8.069202E-18
4.440000E+03	8.006169E-16	8.033930E-18
4.450000E+03	7.990628E-16	7.999582E-18
4.460000E+03	7.976075E-16	7.966310E-18
4.470000E+03	7.962663E-16	7.934258E-18
4.480000E+03	7.950758E-16	7.903782E-18
4.490000E+03	7.940489E-16	7.875000E-18
4.500000E+03	7.932196E-16	7.848236E-18
4.510000E+03	7.925870E-16	7.823468E-18
4.520000E+03	7.921920E-16	7.801085E-18
4.530000E+03	7.920296E-16	7.781020E-18
4.540000E+03	7.921233E-16	7.763487E-18
4.550000E+03	7.924823E-16	7.748561E-18
4.560000E+03	7.931115E-16	7.736268E-18
4.570000E+03	7.940210E-16	7.726688E-18
4.580000E+03	7.952056E-16	7.719752E-18
4.590000E+03	7.966645E-16	7.715433E-18
4.600000E+03	7.983706E-16	7.713452E-18
4.610000E+03	8.003220E-16	7.713771E-18
4.620000E+03	8.024901E-16	7.716100E-18
4.630000E+03	8.048505E-16	7.720190E-18
4.640000E+03	8.073639E-16	7.725651E-18
4.650000E+03	8.100060E-16	7.732243E-18
4.660000E+03	8.127188E-16	7.739403E-18
4.670000E+03	8.154819E-16	7.746935E-18
4.680000E+03	8.182436E-16	7.754345E-18
4.690000E+03	8.209623E-16	7.761241E-18
4.700000E+03	8.235986E-16	7.767254E-18
4.710000E+03	8.261163E-16	7.772050E-18
4.720000E+03	8.284837E-16	7.775342E-18
4.730000E+03	8.306752E-16	7.776899E-18
4.740000E+03	8.326817E-16	7.776652E-18
4.750000E+03	8.344912E-16	7.774499E-18
4.760000E+03	8.360984E-16	7.770408E-18
4.770000E+03	8.375046E-16	7.764405E-18
4.780000E+03	8.387170E-16	7.756571E-18
4.790000E+03	8.397171E-16	7.746750E-18
4.800000E+03	8.405301E-16	7.735187E-18
4.810000E+03	8.411429E-16	7.721779E-18
4.820000E+03	8.415636E-16	7.706613E-18
4.830000E+03	8.418093E-16	7.689860E-18
4.840000E+03	8.418661E-16	7.671405E-18
4.850000E+03	8.417573E-16	7.651475E-18
4.860000E+03	8.414542E-16	7.629821E-18
4.870000E+03	8.409840E-16	7.606704E-18
4.880000E+03	8.403222E-16	7.581914E-18
4.890000E+03	8.394707E-16	7.555485E-18
4.900000E+03	8.384109E-16	7.527261E-18
4.910000E+03	8.371417E-16	7.497248E-18
4.920000E+03	8.356431E-16	7.465284E-18
4.930000E+03	8.339245E-16	7.431467E-18
4.940000E+03	8.319594E-16	7.395579E-18
4.950000E+03	8.297525E-16	7.357680E-18
4.960000E+03	8.272939E-16	7.317697E-18
4.970000E+03	8.246059E-16	7.275845E-18
4.980000E+03	8.216875E-16	7.232134E-18
4.990000E+03	8.185428E-16	7.186614E-18
5.000000E+03	8.152079E-16	7.139617E-18
5.010000E+03	8.116951E-16	7.091266E-18
5.020000E+03	8.080380E-16	7.041865E-18
5.030000E+03	8.042450E-16	6.991496E-18
5.040000E+03	8.003616E-16	6.940567E-18
5.050000E+03	7.964063E-16	6.889242E-18
5.060000E+03	7.924142E-16	6.837832E-18
5.070000E+03	7.884009E-16	6.786472E-18
5.080000E+03	7.843968E-16	6.735427E-18
5.090000E+03	7.804210E-16	6.684861E-18
5.100000E+03	7.764808E-16	6.634836E-18
5.110000E+03	7.725901E-16	6.585468E-18
5.120000E+03	7.687690E-16	6.536928E-18
5.130000E+03	7.650283E-16	6.489302E-18
5.140000E+03	7.613786E-16	6.442678E-18
5.150000E+03	7.578237E-16	6.397082E-18
5.160000E+03	7.543856E-16	6.352696E-18
5.170000E+03	7.510804E-16	6.309649E-18
5.180000E+03	7.479187E-16	6.268023E-18
5.190000E+03	7.449371E-16	6.228116E-18
5.200000E+03	7.421410E-16	6.189965E-18
5.210000E+03	7.395517E-16	6.153736E-18
5.220000E+03	7.372038E-16	6.119707E-18
5.230000E+03	7.350973E-16	6.087865E-18
5.240000E+03	7.332506E-16	6.058349E-18
5.250000E+03	7.316601E-16	6.031118E-18
5.260000E+03	7.303312E-16	6.006202E-18
5.270000E+03	7.292544E-16	5.983509E-18
5.280000E+03	7.284132E-16	5.962895E-18
5.290000E+03	7.277776E-16	5.944102E-18
5.300000E+03	7.273198E-16	5.926894E-18
5.310000E+03	7.270152E-16	5.911067E-18
5.320000E+03	7.268214E-16	5.896267E-18
5.330000E+03	7.267088E-16	5.882254E-18
5.340000E+03	7.266322E-16	5.868662E-18
5.350000E+03	7.265548E-16	5.855192E-18
5.360000E+03	7.264483E-16	5.841623E-18
5.370000E+03	7.262653E-16	5.827577E-18
5.380000E+03	7.259910E-16	5.812944E-18
5.390000E+03	7.255930E-16	5.797473E-18
5.400000E+03	7.250439E-16	5.780952E-18
5.410000E+03	7.243437E-16	5.763394E-18
5.420000E+03	7.234691E-16	5.744623E-18
5.430000E+03	7.224249E-16	5.724689E-18
5.440000E+03	7.212147E-16	5.703631E-18
5.450000E+03	7.198480E-16	5.681535E-18
5.460000E+03	7.183327E-16	5.658471E-18
5.470000E+03	7.167013E-16	5.634702E-18
5.480000E+03	7.149594E-16	5.610275E-18
5.490000E+03	7.131315E-16	5.585384E-18
5.500000E+03	7.112221E-16	5.560067E-18
5.510000E+03	7.092427E-16	5.534414E-18
5.520000E+03	7.071837E-16	5.508352E-18
5.530000E+03	7.050459E-16	5.481886E-18
5.540000E+03	7.028133E-16	5.454895E-18
5.550000E+03	7.004835E-16	5.427362E-18
5.560000E+03	6.980538E-16	5.399265E-18
5.570000E+03	6.955006E-16	5.370427E-18
5.580000E+03	6.928220E-16	5.340833E-18
5.590000E+03	6.900102E-16	5.310427E-18
5.600000E+03	6.870662E-16	5.279219E-18
5.610000E+03	6.839728E-16	5.247078E-18
5.620000E+03	6.807435E-16	5.214112E-18
5.630000E+03	6.773688E-16	5.180250E-18
5.640000E+03	6.738707E-16	5.145663E-18
5.650000E+03	6.702489E-16	5.110350E-18
5.660000E+03	6.665342E-16	5.074546E-18
5.670000E+03	6.627412E-16	5.038364E-18
5.680000E+03	6.588871E-16	5.001933E-18
5.690000E+03	6.550037E-16	4.965495E-18
5.700000E+03	6.511219E-16	4.929282E-18
5.710000E+03	6.472528E-16	4.893374E-18
5.720000E+03	6.434231E-16	4.857970E-18
5.730000E+03	6.396438E-16	4.823151E-18
5.740000E+03	6.359402E-16	4.789101E-18
5.750000E+03	6.323086E-16	4.755789E-18
5.760000E+03	6.287538E-16	4.723248E-18
5.770000E+03	6.252841E-16	4.691535E-18
5.780000E+03	6.218988E-16	4.660639E-18
5.790000E+03	6.185846E-16	4.630459E-18
5.800000E+03	6.153521E-16	4.601069E-18
5.810000E+03	6.121955E-16	4.572422E-18
5.820000E+03	6.091169E-16	4.544530E-18
5.830000E+03	6.061211E-16	4.517427E-18
5.840000E+03	6.032109E-16	4.491129E-18
5.850000E+03	6.004040E-16	4.465764E-18
5.860000E+03	5.977098E-16	4.441399E-18
5.870000E+03	5.951529E-16	4.418213E-18
5.880000E+03	5.927485E-16	4.396315E-18
5.890000E+03	5.905143E-16	4.375832E-18
5.900000E+03	5.884800E-16	4.356979E-18
5.910000E+03	5.866693E-16	4.339928E-18
5.920000E+03	5.850987E-16	4.324796E-18
5.930000E+03	5.837872E-16	4.311719E-18
5.940000E+03	5.827547E-16	4.300840E-18
5.950000E+03	5.819928E-16	4.292091E-18
5.960000E+03	5.815188E-16	4.285597E-18
5.970000E+03	5.813089E-16	4.281177E-18
5.980000E+03	5.813583E-16	4.278796E-18
5.990000E+03	5.816326E-16	4.278195E-18
6.000000E+03	5.821063E-16	4.279188E-18
6.010000E+03	5.827378E-16	4.281466E-18
6.020000E+03	5.834873E-16	4.284736E-18
6.030000E+03	5.843131E-16	4.288694E-18
6.040000E+03	5.851680E-16	4.292995E-18
6.050000E+03	5.860182E-16	4.297392E-18
6.060000E+03	5.868219E-16	4.301580E-18
6.070000E+03	5.875417E-16	4.305289E-18
6.080000E+03	5.881572E-16	4.308371E-18
6.090000E+03	5.886480E-16	4.310679E-18
6.100000E+03	5.889934E-16	4.312067E-18
6.110000E+03	5.891845E-16	4.312470E-18
6.120000E+03	5.892160E-16	4.311852E-18
6.130000E+03	5.890870E-16	4.310210E-18
6.140000E+03	5.887991E-16	4.307557E-18
6.150000E+03	5.883500E-16	4.303879E-18
6.160000E+03	5.877497E-16	4.299251E-18
6.170000E+03	5.869970E-16	4.293665E-18
6.180000E+03	5.860905E-16	4.287112E-18
6.190000E+03	5.850340E-16	4.279622E-18
6.200000E+03	5.838364E-16	4.271261E-18
6.210000E+03	5.825008E-16	4.262051E-18
6.220000E+03	5.810363E-16	4.252061E-18
6.230000E+03	5.794468E-16	4.241318E-18
6.240000E+03	5.777375E-16	4.229862E-18
6.250000E+03	5.759211E-16	4.217785E-18
6.260000E+03	5.740066E-16	4.205152E-18
6.270000E+03	5.719991E-16	4.192002E-18
6.280000E+03	5.699285E-16	4.178551E-18
6.290000E+03	5.677924E-16	4.164784E-18
6.300000E+03	5.656241E-16	4.150944E-18
6.310000E+03	5.634349E-16	4.137113E-18
6.320000E+03	5.612487E-16	4.123466E-18
6.330000E+03	5.590784E-16	4.110099E-18
6.340000E+03	5.569606E-16	4.097281E-18
6.350000E+03	5.549038E-16	4.085076E-18
6.360000E+03	5.529407E-16	4.073725E-18
6.370000E+03	5.510938E-16	4.063397E-18
6.380000E+03	5.493869E-16	4.054268E-18
6.390000E+03	5.478570E-16	4.046616E-18
6.400000E+03	5.465253E-16	4.040601E-18
6.410000E+03	5.454316E-16	4.036523E-18
6.420000E+03	5.446105E-16	4.034644E-18
6.430000E+03	5.440914E-16	4.035189E-18
6.440000E+03	5.439025E-16	4.038377E-18
6.450000E+03	5.440878E-16	4.044545E-18
6.460000E+03	5.446658E-16	4.053840E-18
6.470000E+03	5.456688E-16	4.066511E-18
6.480000E+03	5.471072E-16	4.082645E-18
6.490000E+03	5.490029E-16	4.102417E-18
6.500000E+03	5.513531E-16	4.125819E-18
6.510000E+03	5.541578E-16	4.152865E-18
6.520000E+03	5.573887E-16	4.183354E-18
6.530000E+03	5.610272E-16	4.217164E-18
6.540000E+03	5.650222E-16	4.253923E-18
6.550000E+03	5.693068E-16	4.293138E-18
6.560000E+03	5.737997E-16	4.334207E-18
6.570000E+03	5.784204E-16	4.376531E-18
6.580000E+03	5.830676E-16	4.419345E-18
6.590000E+03	5.876409E-16	4.461890E-18
6.600000E+03	5.920315E-16	4.503334E-18
6.610000E+03	5.961375E-16	4.542895E-18
6.620000E+03	5.998620E-16	4.579819E-18
6.630000E+03	6.031154E-16	4.613405E-18
6.640000E+03	6.058179E-16	4.643020E-18
6.650000E+03	6.079029E-16	4.668126E-18
6.660000E+03	6.093173E-16	4.688284E-18
6.670000E+03	6.100232E-16	4.703170E-18
6.680000E+03	6.099910E-16	4.712517E-18
6.690000E+03	6.092193E-16	4.716279E-18
6.700000E+03	6.077205E-16	4.714510E-18
6.710000E+03	6.055065E-16	4.707264E-18
6.720000E+03	6.026007E-16	4.694683E-18
6.730000E+03	5.990573E-16	4.677151E-18
6.740000E+03	5.949260E-16	4.655018E-18
6.750000E+03	5.902580E-16	4.628652E-18
6.760000E+03	5.851175E-16	4.598521E-18
6.770000E+03	5.795804E-16	4.565194E-18
6.780000E+03	5.737122E-16	4.529162E-18
6.790000E+03	5.675991E-16	4.491081E-18
6.800000E+03	5.613002E-16	4.451403E-18
6.810000E+03	5.548919E-16	4.410716E-18
6.820000E+03	5.484458E-16	4.369583E-18
6.830000E+03	5.420102E-16	4.328377E-18
6.840000E+03	5.356461E-16	4.287585E-18
6.850000E+03	5.294084E-16	4.247644E-18
6.860000E+03	5.233336E-16	4.208851E-18
6.870000E+03	5.174576E-16	4.171499E-18
6.880000E+03	5.118114E-16	4.135845E-18
6.890000E+03	5.064249E-16	4.102142E-18
6.900000E+03	5.013117E-16	4.070509E-18
6.910000E+03	4.964854E-16	4.041069E-18
6.920000E+03	4.919604E-16	4.013955E-18
6.930000E+03	4.877350E-16	3.989164E-18
6.940000E+03	4.838144E-16	3.966755E-18
6.950000E+03	4.801879E-16	3.946655E-18
6.960000E+03	4.768478E-16	3.928816E-18
6.970000E+03	4.737889E-16	3.913207E-18
6.980000E+03	4.709983E-16	3.899739E-18
6.990000E+03	4.684503E-16	3.888212E-18
7.000000E+03	4.661467E-16	3.878652E-18
7.010000E+03	4.640553E-16	3.870803E-18
7.020000E+03	4.621719E-16	3.864643E-18
7.030000E+03	4.604813E-16	3.860054E-18
7.040000E+03	4.589578E-16	3.856830E-18
7.050000E+03	4.575983E-16	3.854955E-18
7.060000E+03	4.563838E-16	3.854276E-18
7.070000E+03	4.553065E-16	3.854735E-18
7.080000E+03	4.543481E-16	3.856183E-18
7.090000E+03	4.534959E-16	3.858519E-18
7.100000E+03	4.527377E-16	3.861644E-18
7.110000E+03	4.520613E-16	3.865458E-18
7.120000E+03	4.514547E-16	3.869862E-18
7.130000E+03	4.509115E-16	3.874805E-18
7.140000E+03	4.504090E-16	3.880093E-18
7.150000E+03	4.499469E-16	3.885726E-18
7.160000E+03	4.495027E-16	3.891510E-18
7.170000E+03	4.490710E-16	3.897398E-18
7.180000E+03	4.486468E-16	3.903348E-18
7.190000E+03	4.482090E-16	3.909173E-18
7.200000E+03	4.477540E-16	3.914842E-18
7.210000E+03	4.472732E-16	3.920276E-18
7.220000E+03	4.467595E-16	3.925411E-18
7.230000E+03	4.462012E-16	3.930141E-18
7.240000E+03	4.456050E-16	3.934520E-18
7.250000E+03	4.449562E-16	3.938416E-18
7.260000E+03	4.442583E-16	3.941855E-18
7.270000E+03	4.435049E-16	3.944778E-18
7.280000E+03	4.427075E-16	3.947280E-18
7.290000E+03	4.418556E-16	3.949268E-18
7.300000E+03	4.409567E-16	3.950800E-18
7.310000E+03	4.400127E-16	3.951894E-18
7.320000E+03	4.390209E-16	3.952518E-18
7.330000E+03	4.379948E-16	3.952794E-18
7.340000E+03	4.369208E-16	3.952594E-18
7.350000E+03	4.358188E-16	3.952095E-18
7.360000E+03	4.346863E-16	3.951273E-18
7.370000E+03	4.335209E-16	3.950102E-18
7.380000E+03	4.323314E-16	3.948661E-18
7.390000E+03	4.311149E-16	3.946922E-18
7.400000E+03	4.298798E-16	3.944960E-18
7.410000E+03	4.286286E-16	3.942795E-18
7.420000E+03	4.273521E-16	3.940341E-18
7.430000E+03	4.260634E-16	3.937718E-18
7.440000E+03	4.247529E-16	3.934836E-18
7.450000E+03	4.234277E-16	3.931760E-18
7.460000E+03	4.220896E-16	3.928504E-18
7.470000E+03	4.207458E-16	3.925135E-18
7.480000E+03	4.193929E-16	3.921620E-18
7.490000E+03	4.180327E-16	3.917977E-18
7.500000E+03	4.166732E-16	3.914278E-18
7.510000E+03	4.153107E-16	3.910490E-18
7.520000E+03	4.139470E-16	3.906629E-18
7.530000E+03	4.125887E-16	3.902758E-18
7.540000E+03	4.112312E-16	3.898833E-18
7.550000E+03	4.098797E-16	3.894903E-18
7.560000E+03	4.085225E-16	3.890858E-18
7.570000E+03	4.071688E-16	3.886785E-18
7.580000E+03	4.058106E-16	3.882608E-18
7.590000E+03	4.044450E-16	3.878299E-18
7.600000E+03	4.030684E-16	3.873823E-18
7.610000E+03	4.016769E-16	3.869142E-18
7.620000E+03	4.002665E-16	3.864215E-18
7.630000E+03	3.988279E-16	3.858953E-18
7.640000E+03	3.973679E-16	3.853419E-18
7.650000E+03	3.958780E-16	3.847530E-18
7.660000E+03	3.943507E-16	3.841210E-18
7.670000E+03	3.927896E-16	3.834493E-18
7.680000E+03	3.911944E-16	3.827374E-18
7.690000E+03	3.895664E-16	3.819862E-18
7.700000E+03	3.879077E-16	3.811979E-18
7.710000E+03	3.862172E-16	3.803709E-18
7.720000E+03	3.845049E-16	3.795152E-18
7.730000E+03	3.827772E-16	3.786367E-18
7.740000E+03	3.810410E-16	3.777424E-18
7.750000E+03	3.793043E-16	3.768401E-18
7.760000E+03	3.775701E-16	3.759329E-18
7.770000E+03	3.758520E-16	3.750343E-18
7.780000E+03	3.741585E-16	3.741529E-18
7.790000E+03	3.724979E-16	3.732974E-18
7.800000E+03	3.708781E-16	3.724758E-18
7.810000E+03	3.693062E-16	3.716957E-18
7.820000E+03	3.677890E-16	3.709642E-18
7.830000E+03	3.663270E-16	3.702821E-18
7.840000E+03	3.649296E-16	3.696596E-18
7.850000E+03	3.636001E-16	3.691001E-18
7.860000E+03	3.623401E-16	3.686059E-18
7.870000E+03	3.611498E-16	3.681778E-18
7.880000E+03	3.600279E-16	3.678149E-18
7.890000E+03	3.589665E-16	3.675093E-18
7.900000E+03	3.579706E-16	3.672669E-18
7.910000E+03	3.570247E-16	3.670722E-18
7.920000E+03	3.561210E-16	3.669174E-18
7.930000E+03	3.552562E-16	3.667993E-18
7.940000E+03	3.544207E-16	3.667085E-18
7.950000E+03	3.536046E-16	3.666349E-18
7.960000E+03	3.527932E-16	3.665632E-18
7.970000E+03	3.519764E-16	3.664832E-18
7.980000E+03	3.511499E-16	3.663902E-18
7.990000E+03	3.503006E-16	3.662706E-18
8.000000E+03	3.494263E-16	3.661216E-18
8.010000E+03	3.485164E-16	3.659321E-18
8.020000E+03	3.475715E-16	3.657024E-18
8.030000E+03	3.465892E-16	3.654295E-18
8.040000E+03	3.455631E-16	3.651065E-18
8.050000E+03	3.444933E-16	3.647331E-18
8.060000E+03	3.433810E-16	3.643104E-18
8.070000E+03	3.422284E-16	3.638402E-18
8.080000E+03	3.410385E-16	3.633253E-18
8.090000E+03	3.398148E-16	3.627695E-18
8.100000E+03	3.385621E-16	3.621773E-18
8.110000E+03	3.372851E-16	3.615536E-18
8.120000E+03	3.359888E-16	3.609037E-18
8.130000E+03	3.346784E-16	3.602328E-18
8.140000E+03	3.333593E-16	3.595468E-18
8.150000E+03	3.320318E-16	3.588458E-18
8.160000E+03	3.307101E-16	3.581451E-18
8.170000E+03	3.293896E-16	3.574397E-18
8.180000E+03	3.280793E-16	3.567393E-18
8.190000E+03	3.267787E-16	3.560435E-18
8.200000E+03	3.255010E-16	3.553667E-18
8.210000E+03	3.242362E-16	3.546980E-18
8.220000E+03	3.229971E-16	3.540516E-18
8.230000E+03	3.217871E-16	3.534313E-18
8.240000E+03	3.206008E-16	3.528312E-18
8.250000E+03	3.194458E-16	3.522600E-18
8.260000E+03	3.183298E-16	3.517263E-18
8.270000E+03	3.172423E-16	3.512186E-18
8.280000E+03	3.161992E-16	3.507550E-18
8.290000E+03	3.151897E-16	3.503234E-18
8.300000E+03	3.142248E-16	3.499363E-18
8.310000E+03	3.133017E-16	3.495911E-18
8.320000E+03	3.124173E-16	3.492843E-18
8.330000E+03	3.115773E-16	3.490227E-18
8.340000E+03	3.107778E-16	3.488020E-18
8.350000E+03	3.100239E-16	3.486282E-18
8.360000E+03	3.093067E-16	3.484918E-18
8.370000E+03	3.086308E-16	3.483980E-18
8.380000E+03	3.079961E-16	3.483468E-18
8.390000E+03	3.073979E-16	3.483334E-18
8.400000E+03	3.068317E-16	3.483527E-18
8.410000E+03	3.063056E-16	3.484142E-18
8.420000E+03	3.058108E-16	3.485080E-18
8.430000E+03	3.053511E-16	3.486388E-18
8.440000E+03	3.049220E-16	3.488015E-18
8.450000E+03	3.045230E-16	3.489957E-18
8.460000E+03	3.041496E-16	3.492164E-18
8.470000E+03	3.038099E-16	3.494732E-18
8.480000E+03	3.034902E-16	3.497504E-18
8.490000E+03	3.031945E-16	3.500527E-18
8.500000E+03	3.029265E-16	3.503845E-18
8.510000E+03	3.026762E-16	3.507345E-18
8.520000E+03	3.024472E-16	3.511068E-18
8.530000E+03	3.022334E-16	3.514945E-18
8.540000E+03	3.020333E-16	3.518960E-18
8.550000E+03	3.018447E-16	3.523088E-18
8.560000E+03	3.016654E-16	3.527301E-18
8.570000E+03	3.014881E-16	3.531517E-18
8.580000E+03	3.013142E-16	3.535751E-18
8.590000E+03	3.011399E-16	3.539959E-18
8.600000E+03	3.009527E-16	3.543993E-18
8.610000E+03	3.007527E-16	3.547853E-18
8.620000E+03	3.005356E-16	3.551488E-18
8.630000E+03	3.002966E-16	3.554840E-18
8.640000E+03	3.000315E-16	3.557857E-18
8.650000E+03	2.997314E-16	3.560431E-18
8.660000E+03	2.993923E-16	3.562514E-18
8.670000E+03	2.990153E-16	3.564116E-18
8.680000E+03	2.985887E-16	3.565093E-18
8.690000E+03	2.981191E-16	3.565523E-18
8.700000E+03	2.976009E-16	3.565336E-18
8.710000E+03	2.970290E-16	3.564467E-18
8.720000E+03	2.964129E-16	3.563026E-18
8.730000E+03	2.957444E-16	3.560913E-18
8.740000E+03	2.950297E-16	3.558200E-18
8.750000E+03	2.942711E-16	3.554910E-18
8.760000E+03	2.934712E-16	3.551074E-18
8.770000E+03	2.926280E-16	3.546664E-18
8.780000E+03	2.917492E-16	3.541772E-18
8.790000E+03	2.908379E-16	3.536432E-18
8.800000E+03	2.898968E-16	3.530676E-18
8.810000E+03	2.889286E-16	3.524536E-18
8.820000E+03	2.879407E-16	3.518098E-18
8.830000E+03	2.869303E-16	3.511331E-18
8.840000E+03	2.859044E-16	3.504316E-18
8.850000E+03	2.848694E-16	3.497132E-18
8.860000E+03	2.838173E-16	3.489680E-18
8.870000E+03	2.827640E-16	3.482155E-18
8.880000E+03	2.817010E-16	3.474452E-18
8.890000E+03	2.806439E-16	3.466764E-18
8.900000E+03	2.795841E-16	3.458985E-18
8.910000E+03	2.785276E-16	3.451187E-18
8.920000E+03	2.774798E-16	3.443441E-18
8.930000E+03	2.764418E-16	3.435758E-18
8.940000E+03	2.754140E-16	3.428147E-18
8.950000E+03	2.744072E-16	3.420740E-18
8.960000E+03	2.734117E-16	3.413418E-18
8.970000E+03	2.724377E-16	3.406310E-18
8.980000E+03	2.714853E-16	3.399419E-18
8.990000E+03	2.705544E-16	3.392745E-18
9.000000E+03	2.696499E-16	3.386349E-18
9.040000E+03	2.662938E-16	3.363568E-18
9.080000E+03	2.633787E-16	3.345614E-18
9.120000E+03	2.608761E-16	3.332228E-18
9.160000E+03	2.586953E-16	3.322337E-18
9.200000E+03	2.567076E-16	3.314351E-18
9.240000E+03	2.547977E-16	3.306819E-18
9.280000E+03	2.528969E-16	3.298865E-18
9.320000E+03	2.509816E-16	3.290189E-18
9.360000E+03	2.490609E-16	3.280913E-18
9.400000E+03	2.471011E-16	3.270595E-18
9.440000E+03	2.450763E-16	3.258891E-18
9.480000E+03	2.429244E-16	3.244969E-18
9.520000E+03	2.406365E-16	3.228692E-18
9.560000E+03	2.381937E-16	3.209790E-18
9.600000E+03	2.355929E-16	3.188205E-18
9.640000E+03	2.328255E-16	3.163803E-18
9.680000E+03	2.299007E-16	3.136691E-18
9.720000E+03	2.268359E-16	3.107094E-18
9.760000E+03	2.236337E-16	3.075035E-18
9.800000E+03	2.203099E-16	3.040726E-18
9.840000E+03	2.168944E-16	3.004572E-18
9.880000E+03	2.133843E-16	2.966536E-18
9.920000E+03	2.097988E-16	2.926879E-18
9.960000E+03	2.061559E-16	2.885862E-18
1.000000E+04	2.024728E-16	2.843728E-18
1.004000E+04	1.987642E-16	2.800692E-18
1.008000E+04	1.950425E-16	2.756941E-18
1.012000E+04	1.913301E-16	2.712806E-18
1.016000E+04	1.876066E-16	2.668008E-18
1.020000E+04	1.839155E-16	2.623179E-18
1.024000E+04	1.802569E-16	2.578341E-18
1.028000E+04	1.766274E-16	2.533460E-18
1.032000E+04	1.730488E-16	2.488865E-18
