#wls	flux	fluxerr
1.597671E+03	4.947271E-03	1.226270E-04
1.637612E+03	4.339709E-03	1.062040E-04
1.677554E+03	3.737642E-03	9.029012E-05
1.717496E+03	3.156446E-03	7.525032E-05
1.757438E+03	2.608461E-03	6.135796E-05
1.797379E+03	2.104717E-03	4.883944E-05
1.837321E+03	1.653084E-03	3.783391E-05
1.877263E+03	1.260501E-03	2.844883E-05
1.917205E+03	9.309712E-04	2.071691E-05
1.957146E+03	6.654829E-04	1.459937E-05
1.997088E+03	4.620521E-04	9.991874E-06
2.037030E+03	3.149923E-04	6.713910E-06
2.076972E+03	2.154591E-04	4.526191E-06
2.116914E+03	1.526440E-04	3.160283E-06
2.156855E+03	1.158399E-04	2.363646E-06
2.196797E+03	9.687276E-05	1.948141E-06
2.236739E+03	9.094963E-05	1.802797E-06
2.276681E+03	9.665623E-05	1.888661E-06
2.316622E+03	1.153302E-04	2.221859E-06
2.356564E+03	1.515726E-04	2.879600E-06
2.396506E+03	2.147569E-04	4.024336E-06
2.436448E+03	3.209702E-04	5.934018E-06
2.476389E+03	4.951577E-04	9.033610E-06
2.516331E+03	7.726686E-04	1.391336E-05
2.556273E+03	1.198627E-03	2.130697E-05
2.596215E+03	1.825726E-03	3.204346E-05
2.636156E+03	2.709560E-03	4.695981E-05
2.676098E+03	3.887291E-03	6.653433E-05
2.716040E+03	5.354385E-03	9.051435E-05
2.755982E+03	7.065699E-03	1.179779E-04
2.795924E+03	8.946852E-03	1.475619E-04
2.835865E+03	1.090636E-02	1.776866E-04
2.875807E+03	1.284461E-02	2.067155E-04
2.915749E+03	1.465835E-02	2.330318E-04
2.955691E+03	1.624419E-02	2.550957E-04
2.995632E+03	1.750827E-02	2.715922E-04
3.005618E+03	1.776508E-02	2.747307E-04
3.015603E+03	1.799617E-02	2.774508E-04
3.025589E+03	1.820168E-02	2.797580E-04
3.035574E+03	1.838070E-02	2.816423E-04
3.045560E+03	1.853510E-02	2.831360E-04
3.055545E+03	1.866620E-02	2.842628E-04
3.065530E+03	1.877420E-02	2.850288E-04
3.075516E+03	1.885831E-02	2.854255E-04
3.085501E+03	1.892002E-02	2.854786E-04
3.095487E+03	1.895906E-02	2.851868E-04
3.105472E+03	1.897696E-02	2.845766E-04
3.115458E+03	1.897471E-02	2.836652E-04
3.125443E+03	1.895307E-02	2.824672E-04
3.135429E+03	1.891416E-02	2.810162E-04
3.145414E+03	1.885909E-02	2.793312E-04
3.155399E+03	1.878983E-02	2.774435E-04
3.165385E+03	1.870809E-02	2.753798E-04
3.175370E+03	1.861561E-02	2.731678E-04
3.185356E+03	1.851455E-02	2.708401E-04
3.195341E+03	1.840666E-02	2.684237E-04
3.205327E+03	1.829346E-02	2.659412E-04
3.215312E+03	1.817729E-02	2.634274E-04
3.225298E+03	1.805957E-02	2.609030E-04
3.235283E+03	1.794219E-02	2.583956E-04
3.245268E+03	1.782674E-02	2.559279E-04
3.255254E+03	1.771438E-02	2.535160E-04
3.265239E+03	1.760708E-02	2.511879E-04
3.275225E+03	1.750559E-02	2.489532E-04
3.285210E+03	1.741170E-02	2.468369E-04
3.295196E+03	1.732655E-02	2.448537E-04
3.305181E+03	1.725071E-02	2.430105E-04
3.315166E+03	1.718576E-02	2.413285E-04
3.325152E+03	1.713268E-02	2.398196E-04
3.335137E+03	1.709217E-02	2.384922E-04
3.345123E+03	1.706517E-02	2.373579E-04
3.355108E+03	1.705261E-02	2.364277E-04
3.365094E+03	1.705538E-02	2.357118E-04
3.375079E+03	1.707438E-02	2.352208E-04
3.385065E+03	1.711048E-02	2.349645E-04
3.395050E+03	1.716432E-02	2.349496E-04
3.405035E+03	1.723655E-02	2.351825E-04
3.415021E+03	1.732837E-02	2.356775E-04
3.425006E+03	1.743994E-02	2.364338E-04
3.434992E+03	1.757212E-02	2.374610E-04
3.444977E+03	1.772527E-02	2.387612E-04
3.454963E+03	1.789976E-02	2.403367E-04
3.464948E+03	1.809528E-02	2.421809E-04
3.474934E+03	1.831097E-02	2.442796E-04
3.484919E+03	1.854380E-02	2.465902E-04
3.494904E+03	1.878932E-02	2.490514E-04
3.504890E+03	1.904305E-02	2.516024E-04
3.514875E+03	1.929956E-02	2.541704E-04
3.524861E+03	1.955418E-02	2.566937E-04
3.534846E+03	1.980175E-02	2.591047E-04
3.544832E+03	2.003762E-02	2.613437E-04
3.554817E+03	2.025760E-02	2.633572E-04
3.564803E+03	2.045769E-02	2.650957E-04
3.574788E+03	2.063554E-02	2.665308E-04
3.584773E+03	2.078899E-02	2.676375E-04
3.594759E+03	2.091690E-02	2.684040E-04
3.604744E+03	2.101981E-02	2.688403E-04
3.614730E+03	2.109845E-02	2.689586E-04
3.624715E+03	2.115502E-02	2.687897E-04
3.634701E+03	2.119265E-02	2.683760E-04
3.644686E+03	2.121539E-02	2.677707E-04
3.654671E+03	2.122797E-02	2.670352E-04
3.664657E+03	2.123580E-02	2.662381E-04
3.674642E+03	2.124488E-02	2.654553E-04
3.684628E+03	2.126152E-02	2.647646E-04
3.694613E+03	2.129198E-02	2.642429E-04
3.704599E+03	2.134324E-02	2.639746E-04
3.714584E+03	2.142128E-02	2.640306E-04
3.724570E+03	2.153247E-02	2.644857E-04
3.734555E+03	2.168252E-02	2.654052E-04
3.744540E+03	2.187680E-02	2.668497E-04
3.754526E+03	2.212050E-02	2.688764E-04
3.764511E+03	2.241714E-02	2.715216E-04
3.774497E+03	2.277042E-02	2.748230E-04
3.784482E+03	2.318289E-02	2.788036E-04
3.794468E+03	2.365547E-02	2.834668E-04
3.804453E+03	2.418861E-02	2.888101E-04
3.814439E+03	2.478123E-02	2.948125E-04
3.824424E+03	2.543040E-02	3.014313E-04
3.834409E+03	2.613180E-02	3.086081E-04
3.844395E+03	2.688020E-02	3.162741E-04
3.854380E+03	2.766773E-02	3.243310E-04
3.864366E+03	2.848594E-02	3.326745E-04
3.874351E+03	2.932471E-02	3.411829E-04
3.884337E+03	3.017322E-02	3.497279E-04
3.894322E+03	3.102006E-02	3.581762E-04
3.904308E+03	3.185321E-02	3.663897E-04
3.914293E+03	3.266135E-02	3.742404E-04
3.924278E+03	3.343425E-02	3.816149E-04
3.934264E+03	3.416225E-02	3.884079E-04
3.944249E+03	3.483719E-02	3.945333E-04
3.954235E+03	3.545286E-02	3.999279E-04
3.964220E+03	3.600451E-02	4.045465E-04
3.974206E+03	3.648950E-02	4.083682E-04
3.984191E+03	3.690680E-02	4.113909E-04
3.994176E+03	3.725690E-02	4.136291E-04
4.004162E+03	3.754087E-02	4.151042E-04
4.014147E+03	3.776127E-02	4.158533E-04
4.024133E+03	3.792125E-02	4.159201E-04
4.034118E+03	3.802437E-02	4.153518E-04
4.044104E+03	3.807400E-02	4.141932E-04
4.054089E+03	3.807346E-02	4.124879E-04
4.064075E+03	3.802623E-02	4.102806E-04
4.074060E+03	3.793520E-02	4.076090E-04
4.084045E+03	3.780335E-02	4.045114E-04
4.094031E+03	3.763310E-02	4.010195E-04
4.104016E+03	3.742691E-02	3.971650E-04
4.114002E+03	3.718679E-02	3.929744E-04
4.123987E+03	3.691468E-02	3.884731E-04
4.133973E+03	3.661282E-02	3.836892E-04
4.143958E+03	3.628326E-02	3.786487E-04
4.153944E+03	3.592858E-02	3.733822E-04
4.163929E+03	3.555118E-02	3.679183E-04
4.173914E+03	3.515454E-02	3.622963E-04
4.183900E+03	3.474230E-02	3.565564E-04
4.193885E+03	3.431974E-02	3.507547E-04
4.203871E+03	3.389221E-02	3.449478E-04
4.213856E+03	3.346668E-02	3.392067E-04
4.223842E+03	3.305006E-02	3.336015E-04
4.233827E+03	3.265100E-02	3.282182E-04
4.243813E+03	3.227729E-02	3.231329E-04
4.253798E+03	3.193736E-02	3.184269E-04
4.263783E+03	3.163761E-02	3.141595E-04
4.273769E+03	3.138299E-02	3.103754E-04
4.283754E+03	3.117674E-02	3.071014E-04
4.293740E+03	3.101789E-02	3.043226E-04
4.303725E+03	3.090318E-02	3.020020E-04
4.313711E+03	3.082458E-02	3.000568E-04
4.323696E+03	3.077179E-02	2.983834E-04
4.333681E+03	3.073107E-02	2.968467E-04
4.343667E+03	3.068750E-02	2.953016E-04
4.353652E+03	3.062788E-02	2.936216E-04
4.363638E+03	3.054586E-02	2.917477E-04
4.373623E+03	3.045110E-02	2.897738E-04
4.383609E+03	3.035869E-02	2.878442E-04
4.393594E+03	3.028675E-02	2.861294E-04
4.403580E+03	3.025339E-02	2.847976E-04
4.413565E+03	3.027613E-02	2.840091E-04
4.423550E+03	3.037154E-02	2.839131E-04
4.433536E+03	3.055533E-02	2.846484E-04
4.443521E+03	3.084144E-02	2.863352E-04
4.453507E+03	3.124264E-02	2.890815E-04
4.463492E+03	3.176805E-02	2.929600E-04
4.473478E+03	3.241861E-02	2.979675E-04
4.483463E+03	3.317244E-02	3.038916E-04
4.493449E+03	3.399271E-02	3.103863E-04
4.503434E+03	3.483750E-02	3.170638E-04
4.513419E+03	3.566486E-02	3.235408E-04
4.523405E+03	3.643465E-02	3.294555E-04
4.533390E+03	3.711219E-02	3.344997E-04
4.543376E+03	3.766898E-02	3.384245E-04
4.553361E+03	3.808267E-02	3.410397E-04
4.563347E+03	3.833864E-02	3.422260E-04
4.573332E+03	3.842784E-02	3.419157E-04
4.583318E+03	3.834832E-02	3.401047E-04
4.593303E+03	3.810359E-02	3.368377E-04
4.603288E+03	3.770412E-02	3.322201E-04
4.613274E+03	3.716491E-02	3.263964E-04
4.623259E+03	3.650507E-02	3.195449E-04
4.633245E+03	3.574745E-02	3.118748E-04
4.643230E+03	3.491648E-02	3.036066E-04
4.653216E+03	3.403627E-02	2.949550E-04
4.663201E+03	3.312924E-02	2.861177E-04
4.673186E+03	3.221653E-02	2.772789E-04
4.683172E+03	3.131565E-02	2.685891E-04
4.693157E+03	3.044011E-02	2.601627E-04
4.703143E+03	2.960075E-02	2.520899E-04
4.713128E+03	2.880539E-02	2.444337E-04
4.723114E+03	2.805843E-02	2.372276E-04
4.733099E+03	2.736283E-02	2.304922E-04
4.743085E+03	2.671931E-02	2.242289E-04
4.753070E+03	2.612757E-02	2.184307E-04
4.763055E+03	2.558617E-02	2.130807E-04
4.773041E+03	2.509271E-02	2.081545E-04
4.783026E+03	2.464500E-02	2.036296E-04
4.793012E+03	2.424045E-02	1.994803E-04
4.802997E+03	2.387717E-02	1.956873E-04
4.812983E+03	2.355324E-02	1.922307E-04
4.822968E+03	2.326720E-02	1.890951E-04
4.832954E+03	2.301761E-02	1.862651E-04
4.842939E+03	2.280289E-02	1.837243E-04
4.852924E+03	2.262037E-02	1.814479E-04
4.862910E+03	2.246670E-02	1.794058E-04
4.872895E+03	2.233737E-02	1.775592E-04
4.882881E+03	2.222804E-02	1.758713E-04
4.892866E+03	2.213384E-02	1.743018E-04
4.902852E+03	2.205113E-02	1.728206E-04
4.912837E+03	2.197766E-02	1.714091E-04
4.922823E+03	2.191411E-02	1.700718E-04
4.932808E+03	2.186348E-02	1.688307E-04
4.942793E+03	2.183166E-02	1.677301E-04
4.952779E+03	2.182709E-02	1.668325E-04
4.962764E+03	2.185934E-02	1.662075E-04
4.972750E+03	2.193873E-02	1.659291E-04
4.982735E+03	2.207496E-02	1.660649E-04
4.992721E+03	2.227664E-02	1.666725E-04
5.002706E+03	2.255000E-02	1.677906E-04
5.012691E+03	2.289816E-02	1.694335E-04
5.022677E+03	2.332104E-02	1.715916E-04
5.032662E+03	2.381486E-02	1.742280E-04
5.042648E+03	2.437172E-02	1.772765E-04
5.052633E+03	2.498011E-02	1.806464E-04
5.062619E+03	2.562453E-02	1.842199E-04
5.072604E+03	2.628547E-02	1.878535E-04
5.082590E+03	2.694151E-02	1.913933E-04
5.092575E+03	2.756921E-02	1.946753E-04
5.102560E+03	2.814449E-02	1.975348E-04
5.112546E+03	2.864447E-02	1.998197E-04
5.122531E+03	2.904831E-02	2.013964E-04
5.132517E+03	2.933846E-02	2.021572E-04
5.142502E+03	2.950102E-02	2.020229E-04
5.152488E+03	2.952734E-02	2.009520E-04
5.162473E+03	2.941313E-02	1.989340E-04
5.172459E+03	2.916046E-02	1.960018E-04
5.182444E+03	2.877662E-02	1.922228E-04
5.192429E+03	2.827495E-02	1.877028E-04
5.202415E+03	2.767426E-02	1.825813E-04
5.212400E+03	2.699813E-02	1.770258E-04
5.222386E+03	2.627307E-02	1.712187E-04
5.232371E+03	2.552857E-02	1.653572E-04
5.242357E+03	2.479326E-02	1.596280E-04
5.252342E+03	2.409403E-02	1.542022E-04
5.262328E+03	2.345399E-02	1.492226E-04
5.272313E+03	2.289207E-02	1.448023E-04
5.282298E+03	2.242213E-02	1.410198E-04
5.292284E+03	2.205279E-02	1.379191E-04
5.302269E+03	2.178740E-02	1.355108E-04
5.312255E+03	2.162386E-02	1.337717E-04
5.322240E+03	2.155566E-02	1.326523E-04
5.332226E+03	2.157075E-02	1.320705E-04
5.342211E+03	2.165333E-02	1.319236E-04
5.352196E+03	2.178455E-02	1.320928E-04
5.362182E+03	2.194215E-02	1.324411E-04
5.372167E+03	2.210333E-02	1.328312E-04
5.382153E+03	2.224476E-02	1.331251E-04
5.392138E+03	2.234565E-02	1.332010E-04
5.402124E+03	2.238941E-02	1.329635E-04
5.412109E+03	2.236868E-02	1.323728E-04
5.422095E+03	2.229280E-02	1.314868E-04
5.432080E+03	2.218683E-02	1.304543E-04
5.442065E+03	2.208109E-02	1.294533E-04
5.452051E+03	2.200423E-02	1.286494E-04
5.462036E+03	2.197791E-02	1.281660E-04
5.472022E+03	2.201605E-02	1.280801E-04
5.482007E+03	2.212546E-02	1.284275E-04
5.491993E+03	2.230563E-02	1.292013E-04
5.501978E+03	2.255048E-02	1.303628E-04
5.511964E+03	2.284920E-02	1.318467E-04
5.521949E+03	2.318655E-02	1.335626E-04
5.531934E+03	2.354488E-02	1.354073E-04
5.541920E+03	2.390425E-02	1.372649E-04
5.551905E+03	2.424586E-02	1.390269E-04
5.561891E+03	2.455207E-02	1.405918E-04
5.571876E+03	2.480817E-02	1.418755E-04
5.581862E+03	2.500344E-02	1.428169E-04
5.591847E+03	2.513132E-02	1.433787E-04
5.601833E+03	2.518911E-02	1.435459E-04
5.611818E+03	2.517860E-02	1.433289E-04
5.621803E+03	2.510380E-02	1.427507E-04
5.631789E+03	2.497226E-02	1.418543E-04
5.641774E+03	2.479232E-02	1.406872E-04
5.651760E+03	2.457454E-02	1.393090E-04
5.661745E+03	2.432961E-02	1.377801E-04
5.671731E+03	2.406809E-02	1.361601E-04
5.681716E+03	2.380082E-02	1.345099E-04
5.691701E+03	2.353788E-02	1.328858E-04
5.701687E+03	2.328876E-02	1.313410E-04
5.711672E+03	2.306167E-02	1.299210E-04
5.721658E+03	2.286332E-02	1.286630E-04
5.731643E+03	2.269965E-02	1.275996E-04
5.741629E+03	2.257444E-02	1.267512E-04
5.751614E+03	2.248941E-02	1.261268E-04
5.761600E+03	2.244488E-02	1.257272E-04
5.771585E+03	2.243929E-02	1.255430E-04
5.781570E+03	2.246912E-02	1.255538E-04
5.791556E+03	2.252922E-02	1.257303E-04
5.801541E+03	2.261387E-02	1.260402E-04
5.811527E+03	2.271685E-02	1.264487E-04
5.821512E+03	2.283173E-02	1.269200E-04
5.831498E+03	2.295228E-02	1.274197E-04
5.841483E+03	2.307353E-02	1.279207E-04
5.851469E+03	2.319109E-02	1.283992E-04
5.861454E+03	2.330161E-02	1.288378E-04
5.871439E+03	2.340209E-02	1.292206E-04
5.881425E+03	2.348954E-02	1.295325E-04
5.891410E+03	2.356137E-02	1.297605E-04
5.901396E+03	2.361393E-02	1.298858E-04
5.911381E+03	2.364358E-02	1.298903E-04
5.921367E+03	2.364358E-02	1.297385E-04
5.931352E+03	2.360620E-02	1.293900E-04
5.941338E+03	2.352132E-02	1.287914E-04
5.951323E+03	2.337586E-02	1.278734E-04
5.961308E+03	2.315494E-02	1.265569E-04
5.971294E+03	2.284287E-02	1.247585E-04
5.981279E+03	2.242388E-02	1.223942E-04
5.991265E+03	2.188525E-02	1.193965E-04
6.001250E+03	2.121854E-02	1.157209E-04
6.011236E+03	2.042383E-02	1.113683E-04
6.021221E+03	1.950977E-02	1.063857E-04
6.031207E+03	1.849646E-02	1.008815E-04
6.041192E+03	1.741263E-02	9.501054E-05
6.051177E+03	1.629542E-02	8.897262E-05
6.061163E+03	1.518498E-02	8.298389E-05
6.071148E+03	1.412116E-02	7.725946E-05
6.081134E+03	1.313936E-02	7.199072E-05
6.091119E+03	1.226897E-02	6.733753E-05
6.101105E+03	1.153108E-02	6.341589E-05
6.111090E+03	1.094045E-02	6.030886E-05
6.121075E+03	1.050529E-02	5.806525E-05
6.131061E+03	1.022976E-02	5.671351E-05
6.141046E+03	1.011446E-02	5.626419E-05
6.151032E+03	1.015709E-02	5.671360E-05
6.161017E+03	1.035184E-02	5.804017E-05
6.171003E+03	1.068973E-02	6.020608E-05
6.180988E+03	1.115745E-02	6.314991E-05
6.190974E+03	1.173672E-02	6.678268E-05
6.200959E+03	1.240381E-02	7.098269E-05
6.210944E+03	1.313023E-02	7.559849E-05
6.220930E+03	1.388406E-02	8.045542E-05
6.230915E+03	1.463149E-02	8.536333E-05
6.240901E+03	1.533994E-02	9.013360E-05
6.250886E+03	1.598043E-02	9.459317E-05
6.260872E+03	1.652951E-02	9.859578E-05
6.270857E+03	1.697083E-02	1.020325E-04
6.280843E+03	1.729517E-02	1.048330E-04
6.290828E+03	1.750039E-02	1.069672E-04
6.300813E+03	1.759096E-02	1.084442E-04
6.310799E+03	1.757622E-02	1.093028E-04
6.320784E+03	1.747022E-02	1.096125E-04
6.330770E+03	1.728932E-02	1.094600E-04
6.340755E+03	1.705234E-02	1.089505E-04
6.350741E+03	1.677887E-02	1.081983E-04
6.360726E+03	1.648884E-02	1.073242E-04
6.370712E+03	1.620095E-02	1.064461E-04
6.380697E+03	1.593249E-02	1.056767E-04
6.390682E+03	1.569778E-02	1.051136E-04
6.400668E+03	1.550432E-02	1.048122E-04
6.410653E+03	1.534933E-02	1.047599E-04
6.420639E+03	1.522701E-02	1.049228E-04
6.430624E+03	1.513068E-02	1.052595E-04
6.440610E+03	1.505361E-02	1.057268E-04
6.450595E+03	1.498979E-02	1.062849E-04
6.460580E+03	1.493388E-02	1.068971E-04
6.470566E+03	1.488117E-02	1.075301E-04
6.480551E+03	1.482750E-02	1.081532E-04
6.490537E+03	1.477019E-02	1.087458E-04
6.500522E+03	1.470687E-02	1.092884E-04
6.510508E+03	1.463554E-02	1.097643E-04
6.520493E+03	1.455531E-02	1.101641E-04
6.530479E+03	1.446556E-02	1.104804E-04
6.540464E+03	1.436590E-02	1.107079E-04
6.550449E+03	1.425659E-02	1.108457E-04
6.560435E+03	1.413866E-02	1.108993E-04
6.570420E+03	1.401230E-02	1.108680E-04
6.580406E+03	1.387903E-02	1.107616E-04
6.590391E+03	1.374003E-02	1.105876E-04
6.600377E+03	1.359610E-02	1.103512E-04
6.610362E+03	1.344894E-02	1.100648E-04
6.620348E+03	1.329931E-02	1.097336E-04
6.630333E+03	1.314877E-02	1.093699E-04
6.640318E+03	1.299788E-02	1.089779E-04
6.650304E+03	1.284772E-02	1.085665E-04
6.660289E+03	1.269903E-02	1.081420E-04
6.670275E+03	1.255221E-02	1.077080E-04
6.680260E+03	1.240776E-02	1.072689E-04
6.690246E+03	1.226625E-02	1.068301E-04
6.700231E+03	1.212775E-02	1.063928E-04
6.710217E+03	1.199243E-02	1.059591E-04
6.720202E+03	1.186040E-02	1.055302E-04
6.730187E+03	1.173163E-02	1.051068E-04
6.740173E+03	1.160607E-02	1.046888E-04
6.750158E+03	1.148354E-02	1.042755E-04
6.760144E+03	1.136365E-02	1.038635E-04
6.770129E+03	1.124633E-02	1.034531E-04
6.780115E+03	1.113131E-02	1.030419E-04
6.790100E+03	1.101810E-02	1.026261E-04
6.800085E+03	1.090664E-02	1.022055E-04
6.810071E+03	1.079649E-02	1.017764E-04
6.820056E+03	1.068750E-02	1.013375E-04
6.830042E+03	1.057956E-02	1.008881E-04
6.840027E+03	1.047261E-02	1.004282E-04
6.850013E+03	1.036691E-02	9.996029E-05
6.859998E+03	1.026216E-02	9.948204E-05
6.869984E+03	1.015874E-02	9.899733E-05
6.879969E+03	1.005687E-02	9.850866E-05
6.889954E+03	9.956607E-03	9.801719E-05
6.899940E+03	9.858431E-03	9.752792E-05
6.909925E+03	9.762616E-03	9.704412E-05
6.919911E+03	9.669243E-03	9.656712E-05
6.929896E+03	9.578548E-03	9.609983E-05
6.939882E+03	9.490914E-03	9.564665E-05
6.949867E+03	9.406311E-03	9.520790E-05
6.959853E+03	9.324839E-03	9.478518E-05
6.969838E+03	9.246561E-03	9.437973E-05
6.979823E+03	9.171476E-03	9.399215E-05
6.989809E+03	9.099373E-03	9.362081E-05
6.999794E+03	9.030510E-03	9.326897E-05
7.009780E+03	8.964406E-03	9.293216E-05
7.019765E+03	8.901062E-03	9.261093E-05
7.029751E+03	8.840077E-03	9.230155E-05
7.039736E+03	8.781195E-03	9.200179E-05
7.049722E+03	8.724279E-03	9.171061E-05
7.059707E+03	8.668812E-03	9.142293E-05
7.069692E+03	8.614247E-03	9.113329E-05
7.079678E+03	8.560536E-03	9.084145E-05
7.089663E+03	8.507095E-03	9.054146E-05
7.099649E+03	8.453356E-03	9.022745E-05
7.109634E+03	8.399093E-03	8.989717E-05
7.119620E+03	8.343770E-03	8.954500E-05
7.129605E+03	8.287204E-03	8.916910E-05
7.139590E+03	8.228896E-03	8.876415E-05
7.149576E+03	8.168697E-03	8.832865E-05
7.159561E+03	8.105962E-03	8.785567E-05
7.169547E+03	8.040556E-03	8.734378E-05
7.179532E+03	7.972347E-03	8.679157E-05
7.189518E+03	7.900710E-03	8.619228E-05
7.199503E+03	7.825378E-03	8.554301E-05
7.209489E+03	7.746272E-03	8.484294E-05
7.219474E+03	7.663199E-03	8.408996E-05
7.229459E+03	7.575849E-03	8.328073E-05
7.239445E+03	7.484324E-03	8.241641E-05
7.249430E+03	7.388476E-03	8.149545E-05
7.259416E+03	7.288408E-03	8.051905E-05
7.269401E+03	7.184464E-03	7.949114E-05
7.279387E+03	7.076761E-03	7.841316E-05
7.289372E+03	6.965803E-03	7.729083E-05
7.299358E+03	6.851839E-03	7.612714E-05
7.309343E+03	6.735335E-03	7.492747E-05
7.319328E+03	6.617094E-03	7.370102E-05
7.329314E+03	6.497356E-03	7.245073E-05
7.339299E+03	6.376962E-03	7.118628E-05
7.349285E+03	6.256334E-03	6.991270E-05
7.359270E+03	6.136176E-03	6.863820E-05
7.369256E+03	6.017182E-03	6.737088E-05
7.379241E+03	5.899776E-03	6.611586E-05
7.389227E+03	5.784796E-03	6.488291E-05
7.399212E+03	5.672822E-03	6.367891E-05
7.409197E+03	5.564581E-03	6.251238E-05
7.419183E+03	5.460695E-03	6.139070E-05
7.429168E+03	5.361802E-03	6.032143E-05
7.439154E+03	5.268669E-03	5.931358E-05
7.449139E+03	5.181680E-03	5.837184E-05
7.459125E+03	5.101424E-03	5.750322E-05
7.469110E+03	5.028305E-03	5.671264E-05
7.479095E+03	4.962875E-03	5.600667E-05
7.489081E+03	4.905326E-03	5.538783E-05
7.499066E+03	4.855737E-03	5.485735E-05
7.509052E+03	4.814166E-03	5.441620E-05
7.519037E+03	4.780552E-03	5.406403E-05
7.529023E+03	4.754613E-03	5.379793E-05
7.539008E+03	4.736221E-03	5.361679E-05
7.548994E+03	4.724846E-03	5.351488E-05
7.558979E+03	4.720387E-03	5.349136E-05
7.568964E+03	4.722405E-03	5.354152E-05
7.578950E+03	4.730590E-03	5.366217E-05
7.588935E+03	4.744568E-03	5.384933E-05
7.598921E+03	4.764257E-03	5.410237E-05
7.608906E+03	4.789533E-03	5.442020E-05
7.618892E+03	4.820364E-03	5.480276E-05
7.628877E+03	4.856681E-03	5.524961E-05
7.638863E+03	4.898742E-03	5.576404E-05
7.648848E+03	4.946624E-03	5.634730E-05
7.658833E+03	5.000815E-03	5.700536E-05
7.668819E+03	5.061184E-03	5.773717E-05
7.678804E+03	5.128312E-03	5.854983E-05
7.688790E+03	5.202171E-03	5.944353E-05
7.698775E+03	5.282592E-03	6.041693E-05
7.708761E+03	5.369463E-03	6.146930E-05
7.718746E+03	5.462312E-03	6.259589E-05
7.728732E+03	5.560406E-03	6.378893E-05
7.738717E+03	5.662731E-03	6.503747E-05
7.748702E+03	5.768133E-03	6.632891E-05
7.758688E+03	5.874738E-03	6.764234E-05
7.768673E+03	5.981003E-03	6.896059E-05
7.778659E+03	6.084855E-03	7.026030E-05
7.788644E+03	6.183702E-03	7.151196E-05
7.798630E+03	6.275603E-03	7.269342E-05
7.808615E+03	6.357925E-03	7.377432E-05
7.818600E+03	6.428045E-03	7.472420E-05
7.828586E+03	6.484017E-03	7.552017E-05
7.838571E+03	6.523682E-03	7.613656E-05
7.848557E+03	6.545677E-03	7.655675E-05
7.858542E+03	6.549051E-03	7.676865E-05
7.868528E+03	6.533737E-03	7.677033E-05
7.878513E+03	6.500120E-03	7.656498E-05
7.888499E+03	6.449759E-03	7.616958E-05
7.898484E+03	6.385015E-03	7.561058E-05
7.908469E+03	6.308582E-03	7.491857E-05
7.918455E+03	6.224216E-03	7.413701E-05
7.928440E+03	6.135647E-03	7.330948E-05
7.938426E+03	6.046855E-03	7.248302E-05
7.948411E+03	5.961629E-03	7.170297E-05
7.958397E+03	5.882786E-03	7.100354E-05
7.968382E+03	5.812914E-03	7.041656E-05
7.978368E+03	5.752336E-03	6.994663E-05
7.988353E+03	5.700289E-03	6.958525E-05
7.998338E+03	5.655123E-03	6.931301E-05
8.008324E+03	5.615170E-03	6.911001E-05
8.018309E+03	5.578575E-03	6.895375E-05
8.028295E+03	5.543244E-03	6.881843E-05
8.038280E+03	5.507231E-03	6.867967E-05
8.048266E+03	5.468661E-03	6.851351E-05
8.058251E+03	5.425484E-03	6.829338E-05
8.068237E+03	5.376504E-03	6.800296E-05
8.078222E+03	5.320223E-03	6.762175E-05
8.088207E+03	5.256009E-03	6.713993E-05
8.098193E+03	5.183397E-03	6.654955E-05
8.108178E+03	5.102606E-03	6.585133E-05
8.118164E+03	5.014245E-03	6.505105E-05
8.128149E+03	4.919857E-03	6.416678E-05
8.138135E+03	4.820850E-03	6.321517E-05
8.148120E+03	4.719390E-03	6.222330E-05
8.158105E+03	4.617583E-03	6.121801E-05
8.168091E+03	4.517747E-03	6.022961E-05
8.178076E+03	4.422293E-03	5.929035E-05
8.188062E+03	4.333223E-03	5.842775E-05
8.198047E+03	4.252330E-03	5.766714E-05
8.208033E+03	4.181503E-03	5.703581E-05
8.218018E+03	4.121968E-03	5.655259E-05
8.228004E+03	4.074763E-03	5.623420E-05
8.237989E+03	4.040542E-03	5.609243E-05
8.247974E+03	4.019928E-03	5.613895E-05
8.257960E+03	4.013212E-03	5.638105E-05
8.267945E+03	4.020389E-03	5.682200E-05
8.277931E+03	4.041536E-03	5.746634E-05
8.287916E+03	4.076507E-03	5.831548E-05
8.297902E+03	4.124946E-03	5.936788E-05
8.307887E+03	4.186540E-03	6.062251E-05
8.317873E+03	4.261037E-03	6.207920E-05
8.327858E+03	4.347863E-03	6.373303E-05
8.337843E+03	4.446599E-03	6.558120E-05
8.347829E+03	4.556453E-03	6.761528E-05
8.357814E+03	4.676608E-03	6.982619E-05
8.367800E+03	4.806069E-03	7.220192E-05
8.377785E+03	4.943650E-03	7.472726E-05
8.387771E+03	5.087966E-03	7.738352E-05
8.397756E+03	5.237605E-03	8.015111E-05
8.407742E+03	5.390541E-03	8.300046E-05
8.417727E+03	5.545089E-03	8.590652E-05
8.427712E+03	5.699367E-03	8.884052E-05
8.437698E+03	5.851501E-03	9.177307E-05
8.447683E+03	5.999691E-03	9.467527E-05
8.457669E+03	6.142272E-03	9.751958E-05
8.467654E+03	6.277585E-03	1.002780E-04
8.477640E+03	6.404564E-03	1.029312E-04
8.487625E+03	6.522025E-03	1.054577E-04
8.497610E+03	6.629436E-03	1.078459E-04
8.507596E+03	6.726142E-03	1.100824E-04
8.517581E+03	6.812138E-03	1.121636E-04
8.527567E+03	6.887248E-03	1.140836E-04
8.537552E+03	6.951702E-03	1.158427E-04
8.547538E+03	7.006102E-03	1.174480E-04
8.557523E+03	7.050550E-03	1.188980E-04
8.567509E+03	7.086076E-03	1.202070E-04
8.577494E+03	7.113126E-03	1.213801E-04
8.587479E+03	7.132373E-03	1.224260E-04
8.597465E+03	7.144247E-03	1.233497E-04
8.607450E+03	7.149810E-03	1.241673E-04
8.617436E+03	7.149183E-03	1.248790E-04
8.627421E+03	7.143072E-03	1.254951E-04
8.637407E+03	7.131682E-03	1.260176E-04
8.647392E+03	7.115804E-03	1.264587E-04
8.657378E+03	7.095055E-03	1.268101E-04
8.667363E+03	7.070102E-03	1.270824E-04
8.677348E+03	7.040904E-03	1.272732E-04
8.687334E+03	7.007828E-03	1.273881E-04
8.697319E+03	6.970553E-03	1.274196E-04
8.707305E+03	6.929635E-03	1.273769E-04
8.717290E+03	6.884971E-03	1.272566E-04
8.727276E+03	6.836688E-03	1.270601E-04
8.737261E+03	6.784704E-03	1.267845E-04
8.747247E+03	6.729415E-03	1.264362E-04
8.757232E+03	6.671008E-03	1.260175E-04
8.767217E+03	6.609497E-03	1.255277E-04
8.777203E+03	6.545353E-03	1.249748E-04
8.787188E+03	6.478656E-03	1.243595E-04
8.797174E+03	6.409938E-03	1.236912E-04
8.807159E+03	6.339129E-03	1.229679E-04
8.817145E+03	6.267026E-03	1.222045E-04
8.827130E+03	6.193603E-03	1.214001E-04
8.837115E+03	6.119679E-03	1.205703E-04
8.847101E+03	6.045247E-03	1.197148E-04
8.857086E+03	5.971317E-03	1.188535E-04
8.867072E+03	5.897865E-03	1.179861E-04
8.877057E+03	5.825446E-03	1.171240E-04
8.887043E+03	5.754389E-03	1.162739E-04
8.897028E+03	5.685179E-03	1.154462E-04
8.907014E+03	5.618054E-03	1.146464E-04
8.916999E+03	5.553012E-03	1.138748E-04
8.926984E+03	5.490590E-03	1.131434E-04
8.936970E+03	5.430482E-03	1.124464E-04
8.946955E+03	5.373119E-03	1.117936E-04
8.956941E+03	5.318292E-03	1.111813E-04
8.966926E+03	5.266130E-03	1.106132E-04
8.976912E+03	5.216339E-03	1.100837E-04
8.986897E+03	5.169165E-03	1.095988E-04
9.026839E+03	5.000309E-03	1.079837E-04
9.066781E+03	4.857127E-03	1.067827E-04
9.106722E+03	4.730363E-03	1.058189E-04
9.146664E+03	4.606947E-03	1.048141E-04
9.186606E+03	4.474179E-03	1.034792E-04
9.226548E+03	4.323715E-03	1.016083E-04
9.266489E+03	4.159065E-03	9.926688E-05
9.306431E+03	3.994062E-03	9.677617E-05
9.346373E+03	3.843199E-03	9.449412E-05
9.386315E+03	3.711762E-03	9.256964E-05
9.426257E+03	3.597961E-03	9.097964E-05
9.466198E+03	3.495525E-03	8.958334E-05
9.506140E+03	3.397359E-03	8.820960E-05
9.546082E+03	3.297070E-03	8.669603E-05
9.586024E+03	3.191359E-03	8.495424E-05
9.625965E+03	3.079440E-03	8.295941E-05
9.665907E+03	2.963333E-03	8.076247E-05
9.705849E+03	2.848248E-03	7.850498E-05
9.745791E+03	2.741985E-03	7.640713E-05
9.785732E+03	2.651760E-03	7.468199E-05
9.825674E+03	2.582682E-03	7.349076E-05
9.865616E+03	2.536866E-03	7.291396E-05
9.905558E+03	2.513411E-03	7.294627E-05
9.945499E+03	2.510317E-03	7.354842E-05
9.985441E+03	2.524042E-03	7.463265E-05
1.002538E+04	2.550636E-03	7.609466E-05
1.006532E+04	2.587051E-03	7.785262E-05
1.010527E+04	2.630316E-03	7.982356E-05
1.014521E+04	2.677600E-03	8.192560E-05
1.018515E+04	2.725949E-03	8.406996E-05
1.022509E+04	2.773327E-03	8.619365E-05
1.026503E+04	2.818884E-03	8.826873E-05
1.030498E+04	2.861690E-03	9.026413E-05
