#wls	flux	fluxerr
1.581966E+03	3.025971E-16	7.401402E-18
1.621515E+03	3.099032E-16	7.567772E-18
1.661064E+03	3.168633E-16	7.724808E-18
1.700613E+03	3.234873E-16	7.872766E-18
1.740162E+03	3.297215E-16	8.010356E-18
1.779711E+03	3.354715E-16	8.135314E-18
1.819260E+03	3.406063E-16	8.244506E-18
1.858810E+03	3.450372E-16	8.335852E-18
1.898359E+03	3.485929E-16	8.405295E-18
1.937908E+03	3.510411E-16	8.447347E-18
1.977457E+03	3.524190E-16	8.463053E-18
2.017006E+03	3.527451E-16	8.452999E-18
2.056555E+03	3.525042E-16	8.428929E-18
2.096104E+03	3.524502E-16	8.408914E-18
2.135654E+03	3.536781E-16	8.418981E-18
2.175203E+03	3.569998E-16	8.478194E-18
2.214752E+03	3.623873E-16	8.585516E-18
2.254301E+03	3.692740E-16	8.727180E-18
2.293850E+03	3.767002E-16	8.880265E-18
2.333399E+03	3.841011E-16	9.031358E-18
2.372948E+03	3.907720E-16	9.163900E-18
2.412498E+03	3.966588E-16	9.276729E-18
2.452047E+03	4.015879E-16	9.365914E-18
2.491596E+03	4.056052E-16	9.432681E-18
2.531145E+03	4.087230E-16	9.477475E-18
2.570694E+03	4.110315E-16	9.502542E-18
2.610243E+03	4.126164E-16	9.510012E-18
2.649792E+03	4.134214E-16	9.498729E-18
2.689342E+03	4.135803E-16	9.471922E-18
2.728891E+03	4.132098E-16	9.432386E-18
2.768440E+03	4.122224E-16	9.378249E-18
2.807989E+03	4.107102E-16	9.311741E-18
2.847538E+03	4.087462E-16	9.234638E-18
2.887087E+03	4.063282E-16	9.147003E-18
2.926636E+03	4.034419E-16	9.048636E-18
2.966185E+03	4.002189E-16	8.942602E-18
2.976073E+03	3.993597E-16	8.914890E-18
2.985960E+03	3.985064E-16	8.887305E-18
2.995847E+03	3.976055E-16	8.858660E-18
3.005735E+03	3.966560E-16	8.828930E-18
3.015622E+03	3.957061E-16	8.799198E-18
3.025509E+03	3.947045E-16	8.768317E-18
3.035396E+03	3.937491E-16	8.738468E-18
3.045284E+03	3.927369E-16	8.707365E-18
3.055171E+03	3.916811E-16	8.675301E-18
3.065058E+03	3.906720E-16	8.644279E-18
3.074946E+03	3.896108E-16	8.612113E-18
3.084833E+03	3.885862E-16	8.580765E-18
3.094720E+03	3.875022E-16	8.548115E-18
3.104607E+03	3.864009E-16	8.515095E-18
3.114495E+03	3.853227E-16	8.482595E-18
3.124382E+03	3.841755E-16	8.448589E-18
3.134269E+03	3.830431E-16	8.414925E-18
3.144157E+03	3.818785E-16	8.380567E-18
3.154044E+03	3.806785E-16	8.345452E-18
3.163931E+03	3.794815E-16	8.310419E-18
3.173818E+03	3.782830E-16	8.275374E-18
3.183706E+03	3.769987E-16	8.238473E-18
3.193593E+03	3.757464E-16	8.202295E-18
3.203480E+03	3.744426E-16	8.165016E-18
3.213368E+03	3.731237E-16	8.127435E-18
3.223255E+03	3.717861E-16	8.089473E-18
3.233142E+03	3.704263E-16	8.051057E-18
3.243029E+03	3.690414E-16	8.012124E-18
3.252917E+03	3.676282E-16	7.972611E-18
3.262804E+03	3.661840E-16	7.932458E-18
3.272691E+03	3.647063E-16	7.891615E-18
3.282579E+03	3.632269E-16	7.850773E-18
3.292466E+03	3.617421E-16	7.809854E-18
3.302353E+03	3.602153E-16	7.768065E-18
3.312240E+03	3.586449E-16	7.725380E-18
3.322128E+03	3.570937E-16	7.683149E-18
3.332015E+03	3.554943E-16	7.639928E-18
3.341902E+03	3.538772E-16	7.596373E-18
3.351790E+03	3.522706E-16	7.553090E-18
3.361677E+03	3.506117E-16	7.508737E-18
3.371564E+03	3.489595E-16	7.464575E-18
3.381451E+03	3.473115E-16	7.420557E-18
3.391339E+03	3.456375E-16	7.376034E-18
3.401226E+03	3.439375E-16	7.331011E-18
3.411113E+03	3.422657E-16	7.286644E-18
3.421001E+03	3.405664E-16	7.241745E-18
3.430888E+03	3.388916E-16	7.197426E-18
3.440775E+03	3.371879E-16	7.152547E-18
3.450662E+03	3.355057E-16	7.108182E-18
3.460550E+03	3.338426E-16	7.064279E-18
3.470437E+03	3.321729E-16	7.020293E-18
3.480324E+03	3.305199E-16	6.976719E-18
3.490212E+03	3.288828E-16	6.933537E-18
3.500099E+03	3.272611E-16	6.890736E-18
3.509986E+03	3.256548E-16	6.848317E-18
3.519873E+03	3.240648E-16	6.806298E-18
3.529761E+03	3.225134E-16	6.765145E-18
3.539648E+03	3.209804E-16	6.724433E-18
3.549535E+03	3.195089E-16	6.685061E-18
3.559423E+03	3.180598E-16	6.646210E-18
3.569310E+03	3.166561E-16	6.608359E-18
3.579197E+03	3.153203E-16	6.571971E-18
3.589084E+03	3.140365E-16	6.536713E-18
3.598972E+03	3.128277E-16	6.503060E-18
3.608859E+03	3.116807E-16	6.470728E-18
3.618746E+03	3.106361E-16	6.440558E-18
3.628634E+03	3.096646E-16	6.411933E-18
3.638521E+03	3.088064E-16	6.385681E-18
3.648408E+03	3.080671E-16	6.361907E-18
3.658295E+03	3.074208E-16	6.340069E-18
3.668183E+03	3.069233E-16	6.321309E-18
3.678070E+03	3.065658E-16	6.305430E-18
3.687957E+03	3.063561E-16	6.292586E-18
3.697845E+03	3.063028E-16	6.282940E-18
3.707732E+03	3.064150E-16	6.276664E-18
3.717619E+03	3.067300E-16	6.274509E-18
3.727506E+03	3.072275E-16	6.276042E-18
3.737394E+03	3.079296E-16	6.281698E-18
3.747281E+03	3.088428E-16	6.291595E-18
3.757168E+03	3.099720E-16	6.305813E-18
3.767056E+03	3.113333E-16	6.324661E-18
3.776943E+03	3.129137E-16	6.347856E-18
3.786830E+03	3.147368E-16	6.375858E-18
3.796717E+03	3.167717E-16	6.408020E-18
3.806605E+03	3.190223E-16	6.444403E-18
3.816492E+03	3.214761E-16	6.484734E-18
3.826379E+03	3.241169E-16	6.528674E-18
3.836267E+03	3.269378E-16	6.576062E-18
3.846154E+03	3.299049E-16	6.626207E-18
3.856041E+03	3.330066E-16	6.678860E-18
3.865928E+03	3.362172E-16	6.733496E-18
3.875816E+03	3.394988E-16	6.789347E-18
3.885703E+03	3.428354E-16	6.846085E-18
3.895590E+03	3.462099E-16	6.903367E-18
3.905478E+03	3.495709E-16	6.960168E-18
3.915365E+03	3.529008E-16	7.016135E-18
3.925252E+03	3.561704E-16	7.070693E-18
3.935139E+03	3.593507E-16	7.123270E-18
3.945027E+03	3.624232E-16	7.173512E-18
3.954914E+03	3.653378E-16	7.220437E-18
3.964801E+03	3.680876E-16	7.263921E-18
3.974689E+03	3.706242E-16	7.303027E-18
3.984576E+03	3.729332E-16	7.337490E-18
3.994463E+03	3.750020E-16	7.367082E-18
4.004350E+03	3.767915E-16	7.391062E-18
4.014238E+03	3.782878E-16	7.409178E-18
4.024125E+03	3.794912E-16	7.421465E-18
4.034012E+03	3.803971E-16	7.427858E-18
4.043900E+03	3.809871E-16	7.428027E-18
4.053787E+03	3.812849E-16	7.422462E-18
4.063674E+03	3.812818E-16	7.411021E-18
4.073561E+03	3.810004E-16	7.394170E-18
4.083449E+03	3.804497E-16	7.372108E-18
4.093336E+03	3.796430E-16	7.345117E-18
4.103223E+03	3.786223E-16	7.314034E-18
4.113111E+03	3.773916E-16	7.278955E-18
4.122998E+03	3.759910E-16	7.240671E-18
4.132885E+03	3.744543E-16	7.199849E-18
4.142772E+03	3.728094E-16	7.157038E-18
4.152660E+03	3.710850E-16	7.112799E-18
4.162547E+03	3.693177E-16	7.067838E-18
4.172434E+03	3.675351E-16	7.022689E-18
4.182322E+03	3.657706E-16	6.977992E-18
4.192209E+03	3.640489E-16	6.934214E-18
4.202096E+03	3.623986E-16	6.891898E-18
4.211983E+03	3.608333E-16	6.851297E-18
4.221871E+03	3.593777E-16	6.812870E-18
4.231758E+03	3.580485E-16	6.776925E-18
4.241645E+03	3.568669E-16	6.743853E-18
4.251533E+03	3.558415E-16	6.713804E-18
4.261420E+03	3.549868E-16	6.687035E-18
4.271307E+03	3.543167E-16	6.663796E-18
4.281194E+03	3.538456E-16	6.644340E-18
4.291082E+03	3.535820E-16	6.628811E-18
4.300969E+03	3.535409E-16	6.617468E-18
4.310856E+03	3.537313E-16	6.610464E-18
4.320744E+03	3.541628E-16	6.607958E-18
4.330631E+03	3.548504E-16	6.610208E-18
4.340518E+03	3.557888E-16	6.617092E-18
4.350405E+03	3.569999E-16	6.628997E-18
4.360293E+03	3.584836E-16	6.645897E-18
4.370180E+03	3.602377E-16	6.667728E-18
4.380067E+03	3.622674E-16	6.694563E-18
4.389955E+03	3.645696E-16	6.726321E-18
4.399842E+03	3.671317E-16	6.762746E-18
4.409729E+03	3.699614E-16	6.803959E-18
4.419616E+03	3.730500E-16	6.849776E-18
4.429504E+03	3.764021E-16	6.900263E-18
4.439391E+03	3.799994E-16	6.955058E-18
4.449278E+03	3.838305E-16	7.013937E-18
4.459166E+03	3.878668E-16	7.076357E-18
4.469053E+03	3.920776E-16	7.141741E-18
4.478940E+03	3.964141E-16	7.209191E-18
4.488827E+03	4.008412E-16	7.278059E-18
4.498715E+03	4.052907E-16	7.347100E-18
4.508602E+03	4.096976E-16	7.415141E-18
4.518489E+03	4.140002E-16	7.481072E-18
4.528377E+03	4.181159E-16	7.543412E-18
4.538264E+03	4.219628E-16	7.600705E-18
4.548151E+03	4.254577E-16	7.651478E-18
4.558038E+03	4.285187E-16	7.694294E-18
4.567926E+03	4.310631E-16	7.727709E-18
4.577813E+03	4.330273E-16	7.750632E-18
4.587700E+03	4.343544E-16	7.762094E-18
4.597588E+03	4.350023E-16	7.761403E-18
4.607475E+03	4.349414E-16	7.748087E-18
4.617362E+03	4.341669E-16	7.722123E-18
4.627249E+03	4.326986E-16	7.683924E-18
4.637137E+03	4.305596E-16	7.633958E-18
4.647024E+03	4.278111E-16	7.573365E-18
4.656911E+03	4.245138E-16	7.503269E-18
4.666798E+03	4.207462E-16	7.425099E-18
4.676686E+03	4.165962E-16	7.340447E-18
4.686573E+03	4.121539E-16	7.250924E-18
4.696460E+03	4.075172E-16	7.158278E-18
4.706348E+03	4.027788E-16	7.064146E-18
4.716235E+03	3.980359E-16	6.970240E-18
4.726122E+03	3.933671E-16	6.877935E-18
4.736009E+03	3.888611E-16	6.788771E-18
4.745897E+03	3.845874E-16	6.703944E-18
4.755784E+03	3.806147E-16	6.624633E-18
4.765671E+03	3.770141E-16	6.552045E-18
4.775559E+03	3.738371E-16	6.487044E-18
4.785446E+03	3.711363E-16	6.430509E-18
4.795333E+03	3.689440E-16	6.382959E-18
4.805220E+03	3.672976E-16	6.345000E-18
4.815108E+03	3.662212E-16	6.317006E-18
4.824995E+03	3.657253E-16	6.299113E-18
4.834882E+03	3.658188E-16	6.291431E-18
4.844770E+03	3.664863E-16	6.293651E-18
4.854657E+03	3.677123E-16	6.305461E-18
4.864544E+03	3.694585E-16	6.326168E-18
4.874431E+03	3.716802E-16	6.354968E-18
4.884319E+03	3.743031E-16	6.390560E-18
4.894206E+03	3.772489E-16	6.431576E-18
4.904093E+03	3.804178E-16	6.476301E-18
4.913981E+03	3.836906E-16	6.522690E-18
4.923868E+03	3.869452E-16	6.568668E-18
4.933755E+03	3.900431E-16	6.611885E-18
4.943642E+03	3.928678E-16	6.650388E-18
4.953530E+03	3.953032E-16	6.682231E-18
4.963417E+03	3.972768E-16	6.706223E-18
4.973304E+03	3.987531E-16	6.721798E-18
4.983192E+03	3.997357E-16	6.729052E-18
4.993079E+03	4.002603E-16	6.728624E-18
5.002966E+03	4.003828E-16	6.721481E-18
5.012853E+03	4.001834E-16	6.708998E-18
5.022741E+03	3.997398E-16	6.692499E-18
5.032628E+03	3.991424E-16	6.673511E-18
5.042515E+03	3.984603E-16	6.653200E-18
5.052403E+03	3.977646E-16	6.632758E-18
5.062290E+03	3.971275E-16	6.613387E-18
5.072177E+03	3.965964E-16	6.595873E-18
5.082064E+03	3.962194E-16	6.581009E-18
5.091952E+03	3.960456E-16	6.569599E-18
5.101839E+03	3.961047E-16	6.562122E-18
5.111726E+03	3.964205E-16	6.558960E-18
5.121614E+03	3.970196E-16	6.560534E-18
5.131501E+03	3.979240E-16	6.567194E-18
5.141388E+03	3.991384E-16	6.578997E-18
5.151275E+03	4.006759E-16	6.596142E-18
5.161163E+03	4.025451E-16	6.618753E-18
5.171050E+03	4.047385E-16	6.646688E-18
5.180937E+03	4.072610E-16	6.680009E-18
5.190825E+03	4.101008E-16	6.718509E-18
5.200712E+03	4.132473E-16	6.761994E-18
5.210599E+03	4.166859E-16	6.810212E-18
5.220486E+03	4.203994E-16	6.862872E-18
5.230374E+03	4.243725E-16	6.919706E-18
5.240261E+03	4.285791E-16	6.980280E-18
5.250148E+03	4.329950E-16	7.044194E-18
5.260036E+03	4.375947E-16	7.111023E-18
5.269923E+03	4.423550E-16	7.180384E-18
5.279810E+03	4.472416E-16	7.251718E-18
5.289697E+03	4.522230E-16	7.324511E-18
5.299585E+03	4.572656E-16	7.398222E-18
5.309472E+03	4.623378E-16	7.472337E-18
5.319359E+03	4.673844E-16	7.545970E-18
5.329247E+03	4.723494E-16	7.618220E-18
5.339134E+03	4.771521E-16	7.687795E-18
5.349021E+03	4.817140E-16	7.753440E-18
5.358908E+03	4.859548E-16	7.813879E-18
5.368796E+03	4.897927E-16	7.867816E-18
5.378683E+03	4.931401E-16	7.913864E-18
5.388570E+03	4.959230E-16	7.950863E-18
5.398458E+03	4.980476E-16	7.977339E-18
5.408345E+03	4.994317E-16	7.992004E-18
5.418232E+03	5.000054E-16	7.993776E-18
5.428119E+03	4.996798E-16	7.981271E-18
5.438007E+03	4.983994E-16	7.953642E-18
5.447894E+03	4.961109E-16	7.910077E-18
5.457781E+03	4.927724E-16	7.849953E-18
5.467669E+03	4.883688E-16	7.773068E-18
5.477556E+03	4.829152E-16	7.679705E-18
5.487443E+03	4.764441E-16	7.570417E-18
5.497330E+03	4.690302E-16	7.446430E-18
5.507218E+03	4.607562E-16	7.309086E-18
5.517105E+03	4.517401E-16	7.160284E-18
5.526992E+03	4.421103E-16	7.002080E-18
5.536880E+03	4.320045E-16	6.836672E-18
5.546767E+03	4.215666E-16	6.666345E-18
5.556654E+03	4.109424E-16	6.493408E-18
5.566541E+03	4.002816E-16	6.320228E-18
5.576429E+03	3.897223E-16	6.148976E-18
5.586316E+03	3.794035E-16	5.981836E-18
5.596203E+03	3.694481E-16	5.820728E-18
5.606091E+03	3.599718E-16	5.667457E-18
5.615978E+03	3.510818E-16	5.523686E-18
5.625865E+03	3.428658E-16	5.390771E-18
5.635752E+03	3.354010E-16	5.269900E-18
5.645640E+03	3.287541E-16	5.162089E-18
5.655527E+03	3.229699E-16	5.068016E-18
5.665414E+03	3.180834E-16	4.988197E-18
5.675302E+03	3.141154E-16	4.922932E-18
5.685189E+03	3.110773E-16	4.872367E-18
5.695076E+03	3.089613E-16	4.836354E-18
5.704963E+03	3.077473E-16	4.814552E-18
5.714851E+03	3.074111E-16	4.806556E-18
5.724738E+03	3.079057E-16	4.811608E-18
5.734625E+03	3.091698E-16	4.828731E-18
5.744513E+03	3.111330E-16	4.856806E-18
5.754400E+03	3.137080E-16	4.894456E-18
5.764287E+03	3.167965E-16	4.940134E-18
5.774174E+03	3.202887E-16	4.992119E-18
5.784062E+03	3.240747E-16	5.048690E-18
5.793949E+03	3.280509E-16	5.108233E-18
5.803836E+03	3.321158E-16	5.169164E-18
5.813724E+03	3.361800E-16	5.230096E-18
5.823611E+03	3.401664E-16	5.289830E-18
5.833498E+03	3.439958E-16	5.347140E-18
5.843385E+03	3.476064E-16	5.401072E-18
5.853273E+03	3.509374E-16	5.450689E-18
5.863160E+03	3.539460E-16	5.495334E-18
5.873047E+03	3.565806E-16	5.534212E-18
5.882935E+03	3.588137E-16	5.566908E-18
5.892822E+03	3.606158E-16	5.592971E-18
5.902709E+03	3.619693E-16	5.612138E-18
5.912596E+03	3.628658E-16	5.624287E-18
5.922484E+03	3.633069E-16	5.629449E-18
5.932371E+03	3.633009E-16	5.627761E-18
5.942258E+03	3.628696E-16	5.619567E-18
5.952146E+03	3.620484E-16	5.605420E-18
5.962033E+03	3.608703E-16	5.585839E-18
5.971920E+03	3.593868E-16	5.561619E-18
5.981807E+03	3.576511E-16	5.533591E-18
5.991695E+03	3.557143E-16	5.502544E-18
6.001582E+03	3.536440E-16	5.469527E-18
6.011469E+03	3.514963E-16	5.435407E-18
6.021357E+03	3.493354E-16	5.401177E-18
6.031244E+03	3.472230E-16	5.367791E-18
6.041131E+03	3.452282E-16	5.336314E-18
6.051018E+03	3.434096E-16	5.307651E-18
6.060906E+03	3.418312E-16	5.282791E-18
6.070793E+03	3.405514E-16	5.262634E-18
6.080680E+03	3.396215E-16	5.247972E-18
6.090568E+03	3.390933E-16	5.239603E-18
6.100455E+03	3.390010E-16	5.238058E-18
6.110342E+03	3.393758E-16	5.243817E-18
6.120229E+03	3.402426E-16	5.257268E-18
6.130117E+03	3.416095E-16	5.278535E-18
6.140004E+03	3.434832E-16	5.307724E-18
6.149891E+03	3.458442E-16	5.344536E-18
6.159779E+03	3.486698E-16	5.388621E-18
6.169666E+03	3.519086E-16	5.439185E-18
6.179553E+03	3.554955E-16	5.495228E-18
6.189440E+03	3.593283E-16	5.555171E-18
6.199328E+03	3.632937E-16	5.617264E-18
6.209215E+03	3.672857E-16	5.679874E-18
6.219102E+03	3.711818E-16	5.741103E-18
6.228990E+03	3.748766E-16	5.799326E-18
6.238877E+03	3.782833E-16	5.853195E-18
6.248764E+03	3.813228E-16	5.901487E-18
6.258651E+03	3.839413E-16	5.943366E-18
6.268539E+03	3.861091E-16	5.978367E-18
6.278426E+03	3.878151E-16	6.006313E-18
6.288313E+03	3.890509E-16	6.027069E-18
6.298201E+03	3.898314E-16	6.040860E-18
6.308088E+03	3.901671E-16	6.047840E-18
6.317975E+03	3.900645E-16	6.048106E-18
6.327862E+03	3.895317E-16	6.041773E-18
6.337750E+03	3.885761E-16	6.028950E-18
6.347637E+03	3.871918E-16	6.009536E-18
6.357524E+03	3.853647E-16	5.983303E-18
6.367412E+03	3.830817E-16	5.950040E-18
6.377299E+03	3.803195E-16	5.909372E-18
6.387186E+03	3.770619E-16	5.861040E-18
6.397073E+03	3.732964E-16	5.804834E-18
6.406961E+03	3.690405E-16	5.741018E-18
6.416848E+03	3.643344E-16	5.670201E-18
6.426735E+03	3.592396E-16	5.593331E-18
6.436623E+03	3.538551E-16	5.511938E-18
6.446510E+03	3.482842E-16	5.427622E-18
6.456397E+03	3.426375E-16	5.342101E-18
6.466284E+03	3.370188E-16	5.256988E-18
6.476172E+03	3.315271E-16	5.173827E-18
6.486059E+03	3.262476E-16	5.093944E-18
6.495946E+03	3.212448E-16	5.018353E-18
6.505833E+03	3.165485E-16	4.947521E-18
6.515721E+03	3.121693E-16	4.881620E-18
6.525608E+03	3.080876E-16	4.820347E-18
6.535495E+03	3.042710E-16	4.763200E-18
6.545383E+03	3.006820E-16	4.709597E-18
6.555270E+03	2.972857E-16	4.658994E-18
6.565157E+03	2.940452E-16	4.610817E-18
6.575044E+03	2.909268E-16	4.564539E-18
6.584932E+03	2.879033E-16	4.519734E-18
6.594819E+03	2.849423E-16	4.475895E-18
6.604706E+03	2.820294E-16	4.432794E-18
6.614594E+03	2.791458E-16	4.390137E-18
6.624481E+03	2.762822E-16	4.347778E-18
6.634368E+03	2.734395E-16	4.305727E-18
6.644255E+03	2.706179E-16	4.263990E-18
6.654143E+03	2.678304E-16	4.222769E-18
6.664030E+03	2.650854E-16	4.182198E-18
6.673917E+03	2.624082E-16	4.142674E-18
6.683805E+03	2.598216E-16	4.104561E-18
6.693692E+03	2.573487E-16	4.068223E-18
6.703579E+03	2.550147E-16	4.034064E-18
6.713466E+03	2.528587E-16	4.002706E-18
6.723354E+03	2.509036E-16	3.974514E-18
6.733241E+03	2.491851E-16	3.950061E-18
6.743128E+03	2.477397E-16	3.929935E-18
6.753016E+03	2.466000E-16	3.914662E-18
6.762903E+03	2.458025E-16	3.904828E-18
6.772790E+03	2.453852E-16	3.901054E-18
6.782677E+03	2.453877E-16	3.903980E-18
6.792565E+03	2.458529E-16	3.914304E-18
6.802452E+03	2.468133E-16	3.932561E-18
6.812339E+03	2.483077E-16	3.959390E-18
6.822227E+03	2.503706E-16	3.995358E-18
6.832114E+03	2.530212E-16	4.040796E-18
6.842001E+03	2.562821E-16	4.096088E-18
6.851888E+03	2.601555E-16	4.161293E-18
6.861776E+03	2.646264E-16	4.236197E-18
6.871663E+03	2.696673E-16	4.320383E-18
6.881550E+03	2.752113E-16	4.412803E-18
6.891438E+03	2.811528E-16	4.511787E-18
6.901325E+03	2.873521E-16	4.615107E-18
6.911212E+03	2.936185E-16	4.719712E-18
6.921099E+03	2.997313E-16	4.822056E-18
6.930987E+03	3.054679E-16	4.918554E-18
6.940874E+03	3.106096E-16	5.005665E-18
6.950761E+03	3.149904E-16	5.080693E-18
6.960649E+03	3.185162E-16	5.142087E-18
6.970536E+03	3.211846E-16	5.189775E-18
6.980423E+03	3.230534E-16	5.224655E-18
6.990310E+03	3.242432E-16	5.248647E-18
7.000198E+03	3.249184E-16	5.264386E-18
7.010085E+03	3.252689E-16	5.274928E-18
7.019972E+03	3.254943E-16	5.283502E-18
7.029860E+03	3.257935E-16	5.293333E-18
7.039747E+03	3.263333E-16	5.307138E-18
7.049634E+03	3.272639E-16	5.327372E-18
7.059521E+03	3.287041E-16	5.355994E-18
7.069409E+03	3.307343E-16	5.394339E-18
7.079296E+03	3.334080E-16	5.443310E-18
7.089183E+03	3.367471E-16	5.503299E-18
7.099071E+03	3.407401E-16	5.574151E-18
7.108958E+03	3.453446E-16	5.655210E-18
7.118845E+03	3.504747E-16	5.745097E-18
7.128732E+03	3.560422E-16	5.842398E-18
7.138620E+03	3.619134E-16	5.944943E-18
7.148507E+03	3.679604E-16	6.050647E-18
7.158394E+03	3.740276E-16	6.156964E-18
7.168282E+03	3.799561E-16	6.261279E-18
7.178169E+03	3.855686E-16	6.360664E-18
7.188056E+03	3.906936E-16	6.452276E-18
7.197943E+03	3.951581E-16	6.533231E-18
7.207831E+03	3.987963E-16	6.600753E-18
7.217718E+03	4.014765E-16	6.652615E-18
7.227605E+03	4.030953E-16	6.687055E-18
7.237493E+03	4.035835E-16	6.702861E-18
7.247380E+03	4.029293E-16	6.699777E-18
7.257267E+03	4.011470E-16	6.677973E-18
7.267154E+03	3.982937E-16	6.638335E-18
7.277042E+03	3.944621E-16	6.582347E-18
7.286929E+03	3.897568E-16	6.511697E-18
7.296816E+03	3.843065E-16	6.428482E-18
7.306704E+03	3.782334E-16	6.334701E-18
7.316591E+03	3.716611E-16	6.232384E-18
7.326478E+03	3.647095E-16	6.123508E-18
7.336365E+03	3.574802E-16	6.009758E-18
7.346253E+03	3.500523E-16	5.892438E-18
7.356140E+03	3.425074E-16	5.772910E-18
7.366027E+03	3.349144E-16	5.652325E-18
7.375915E+03	3.273376E-16	5.531760E-18
7.385802E+03	3.198419E-16	5.412308E-18
7.395689E+03	3.124806E-16	5.294877E-18
7.405576E+03	3.053094E-16	5.180414E-18
7.415464E+03	2.983824E-16	5.069843E-18
7.425351E+03	2.917513E-16	4.964055E-18
7.435238E+03	2.854620E-16	4.863849E-18
7.445126E+03	2.795693E-16	4.770175E-18
7.455013E+03	2.741017E-16	4.683547E-18
7.464900E+03	2.690932E-16	4.604569E-18
7.474787E+03	2.645561E-16	4.533484E-18
7.484675E+03	2.605071E-16	4.470607E-18
7.494562E+03	2.569487E-16	4.416015E-18
7.504449E+03	2.538913E-16	4.369922E-18
7.514337E+03	2.513353E-16	4.332367E-18
7.524224E+03	2.492877E-16	4.303510E-18
7.534111E+03	2.477386E-16	4.283213E-18
7.543998E+03	2.466816E-16	4.271404E-18
7.553886E+03	2.461104E-16	4.268012E-18
7.563773E+03	2.460081E-16	4.272779E-18
7.573660E+03	2.463601E-16	4.285487E-18
7.583548E+03	2.471397E-16	4.305708E-18
7.593435E+03	2.483207E-16	4.333019E-18
7.603322E+03	2.498625E-16	4.366741E-18
7.613209E+03	2.517194E-16	4.406104E-18
7.623097E+03	2.538372E-16	4.450183E-18
7.632984E+03	2.561578E-16	4.497981E-18
7.642871E+03	2.586094E-16	4.548251E-18
7.652759E+03	2.611224E-16	4.599777E-18
7.662646E+03	2.636176E-16	4.651169E-18
7.672533E+03	2.660196E-16	4.701091E-18
7.682420E+03	2.682605E-16	4.748335E-18
7.692308E+03	2.702725E-16	4.791684E-18
7.702195E+03	2.720023E-16	4.830170E-18
7.712082E+03	2.734120E-16	4.863098E-18
7.721970E+03	2.744723E-16	4.889914E-18
7.731857E+03	2.751612E-16	4.910198E-18
7.741744E+03	2.754743E-16	4.923835E-18
7.751631E+03	2.754103E-16	4.930769E-18
7.761519E+03	2.749697E-16	4.930973E-18
7.771406E+03	2.741675E-16	4.924686E-18
7.781293E+03	2.730057E-16	4.911908E-18
7.791181E+03	2.714979E-16	4.892852E-18
7.801068E+03	2.696542E-16	4.867666E-18
7.810955E+03	2.674835E-16	4.836480E-18
7.820842E+03	2.649942E-16	4.799418E-18
7.830730E+03	2.621946E-16	4.756597E-18
7.840617E+03	2.590948E-16	4.708172E-18
7.850504E+03	2.557107E-16	4.654406E-18
7.860392E+03	2.520544E-16	4.595490E-18
7.870279E+03	2.481460E-16	4.531765E-18
7.880166E+03	2.440130E-16	4.463708E-18
7.890053E+03	2.396840E-16	4.391824E-18
7.899941E+03	2.351919E-16	4.316695E-18
7.909828E+03	2.305698E-16	4.238916E-18
7.919715E+03	2.258665E-16	4.159369E-18
7.929603E+03	2.211181E-16	4.078713E-18
7.939490E+03	2.163637E-16	3.997663E-18
7.949377E+03	2.116430E-16	3.916955E-18
7.959264E+03	2.069924E-16	3.837264E-18
7.969152E+03	2.024353E-16	3.759030E-18
7.979039E+03	1.979962E-16	3.682714E-18
7.988926E+03	1.936964E-16	3.608727E-18
7.998814E+03	1.895414E-16	3.537181E-18
8.008701E+03	1.855425E-16	3.468300E-18
8.018588E+03	1.817051E-16	3.402200E-18
8.028475E+03	1.780292E-16	3.338893E-18
8.038363E+03	1.745158E-16	3.278415E-18
8.048250E+03	1.711624E-16	3.220733E-18
8.058137E+03	1.679714E-16	3.165903E-18
8.068025E+03	1.649426E-16	3.113939E-18
8.077912E+03	1.620745E-16	3.064830E-18
8.087799E+03	1.593699E-16	3.018637E-18
8.097686E+03	1.568328E-16	2.975456E-18
8.107574E+03	1.544683E-16	2.935394E-18
8.117461E+03	1.522899E-16	2.898730E-18
8.127348E+03	1.503035E-16	2.865589E-18
8.137236E+03	1.485268E-16	2.836329E-18
8.147123E+03	1.469708E-16	2.811178E-18
8.157010E+03	1.456559E-16	2.790548E-18
8.166897E+03	1.445933E-16	2.774677E-18
8.176785E+03	1.438058E-16	2.764024E-18
8.186672E+03	1.433110E-16	2.758955E-18
8.196559E+03	1.431297E-16	2.759895E-18
8.206447E+03	1.432813E-16	2.767254E-18
8.216334E+03	1.437888E-16	2.781502E-18
8.226221E+03	1.446764E-16	2.803140E-18
8.236108E+03	1.459695E-16	2.832701E-18
8.245996E+03	1.476914E-16	2.870670E-18
8.255883E+03	1.498753E-16	2.917735E-18
8.265770E+03	1.525507E-16	2.974513E-18
8.275658E+03	1.557491E-16	3.041664E-18
8.285545E+03	1.595064E-16	3.119938E-18
8.295432E+03	1.638608E-16	3.210135E-18
8.305319E+03	1.688505E-16	3.313055E-18
8.315207E+03	1.745168E-16	3.429572E-18
8.325094E+03	1.809022E-16	3.560580E-18
8.334981E+03	1.880490E-16	3.706978E-18
8.344868E+03	1.959937E-16	3.869556E-18
8.354756E+03	2.047812E-16	4.049273E-18
8.364643E+03	2.144425E-16	4.246820E-18
8.374530E+03	2.250091E-16	4.462895E-18
8.384418E+03	2.365019E-16	4.697999E-18
8.394305E+03	2.489402E-16	4.952592E-18
8.404192E+03	2.623271E-16	5.226822E-18
8.414079E+03	2.766584E-16	5.520691E-18
8.423967E+03	2.919181E-16	5.833956E-18
8.433854E+03	3.080676E-16	6.165928E-18
8.443741E+03	3.250637E-16	6.515818E-18
8.453629E+03	3.428360E-16	6.882284E-18
8.463516E+03	3.613005E-16	7.263705E-18
8.473403E+03	3.803330E-16	7.657635E-18
8.483290E+03	3.997938E-16	8.061305E-18
8.493178E+03	4.194995E-16	8.471045E-18
8.503065E+03	4.392366E-16	8.882556E-18
8.512952E+03	4.587514E-16	9.290698E-18
8.522840E+03	4.777749E-16	9.689988E-18
8.532727E+03	4.960061E-16	1.007427E-17
8.542614E+03	5.131442E-16	1.043734E-17
8.552501E+03	5.288926E-16	1.077308E-17
8.562389E+03	5.429981E-16	1.107617E-17
8.572276E+03	5.552358E-16	1.134189E-17
8.582163E+03	5.654427E-16	1.156674E-17
8.592051E+03	5.735179E-16	1.174846E-17
8.601938E+03	5.794202E-16	1.188603E-17
8.611825E+03	5.831522E-16	1.197930E-17
8.621712E+03	5.847760E-16	1.202938E-17
8.631600E+03	5.843710E-16	1.203771E-17
8.641487E+03	5.820582E-16	1.200662E-17
8.651374E+03	5.779593E-16	1.193845E-17
8.661262E+03	5.722243E-16	1.183616E-17
8.671149E+03	5.649943E-16	1.170253E-17
8.681036E+03	5.564231E-16	1.154063E-17
8.690923E+03	5.466742E-16	1.135374E-17
8.700811E+03	5.358944E-16	1.114482E-17
8.710698E+03	5.242437E-16	1.091712E-17
8.720585E+03	5.118615E-16	1.067347E-17
8.730473E+03	4.988951E-16	1.041689E-17
8.740360E+03	4.854748E-16	1.015006E-17
8.750247E+03	4.717292E-16	9.875633E-18
8.760134E+03	4.577695E-16	9.595925E-18
8.770022E+03	4.436986E-16	9.313077E-18
8.779909E+03	4.296172E-16	9.029203E-18
8.789796E+03	4.156177E-16	8.746246E-18
8.799684E+03	4.017773E-16	8.465846E-18
8.809571E+03	3.881715E-16	8.189612E-18
8.819458E+03	3.748614E-16	7.918856E-18
8.829345E+03	3.619054E-16	7.654842E-18
8.839233E+03	3.493481E-16	7.398546E-18
8.849120E+03	3.372313E-16	7.150888E-18
8.859007E+03	3.255885E-16	6.912621E-18
8.868895E+03	3.144354E-16	6.684116E-18
8.878782E+03	3.037975E-16	6.465961E-18
8.888669E+03	2.936795E-16	6.258297E-18
8.898556E+03	2.841023E-16	6.061614E-18
8.938106E+03	2.511879E-16	5.385303E-18
8.977655E+03	2.266831E-16	4.882999E-18
9.017204E+03	2.093282E-16	4.530119E-18
9.056753E+03	1.972846E-16	4.288921E-18
9.096302E+03	1.888090E-16	4.122964E-18
9.135851E+03	1.825305E-16	4.003257E-18
9.175400E+03	1.774560E-16	3.908583E-18
9.214950E+03	1.729776E-16	3.825862E-18
9.254499E+03	1.687652E-16	3.747949E-18
9.294048E+03	1.646688E-16	3.671590E-18
9.333597E+03	1.606308E-16	3.595549E-18
9.373146E+03	1.566117E-16	3.518975E-18
9.412695E+03	1.526012E-16	3.441661E-18
9.452244E+03	1.485812E-16	3.363216E-18
9.491794E+03	1.445470E-16	3.283558E-18
9.531343E+03	1.404848E-16	3.202385E-18
9.570892E+03	1.364033E-16	3.119914E-18
9.610441E+03	1.322937E-16	3.035958E-18
9.649990E+03	1.281682E-16	2.950812E-18
9.689539E+03	1.240308E-16	2.864586E-18
9.729088E+03	1.198874E-16	2.777434E-18
9.768638E+03	1.157573E-16	2.689828E-18
9.808187E+03	1.116488E-16	2.601984E-18
9.847736E+03	1.075761E-16	2.514255E-18
9.887285E+03	1.035530E-16	2.426994E-18
9.926834E+03	9.959193E-17	2.340522E-18
9.966383E+03	9.571649E-17	2.255426E-18
1.000593E+04	9.192889E-17	2.171793E-18
1.004548E+04	8.824815E-17	2.090106E-18
1.008503E+04	8.468384E-17	2.010629E-18
1.012458E+04	8.124897E-17	1.933709E-18
1.016413E+04	7.794082E-17	1.859317E-18
1.020368E+04	7.476637E-17	1.787657E-18
