#wls	flux	fluxerr
1.570383E+03	2.278186E-02	2.777750E-04
1.609642E+03	2.343903E-02	2.856338E-04
1.648902E+03	2.413887E-02	2.939995E-04
1.688161E+03	2.488572E-02	3.029239E-04
1.727421E+03	2.568136E-02	3.124269E-04
1.766680E+03	2.652993E-02	3.225576E-04
1.805940E+03	2.743298E-02	3.333329E-04
1.845200E+03	2.839686E-02	3.448284E-04
1.884459E+03	2.942532E-02	3.570873E-04
1.923719E+03	3.051943E-02	3.701206E-04
1.962978E+03	3.168506E-02	3.839970E-04
2.002238E+03	3.292290E-02	3.987223E-04
2.041497E+03	3.423347E-02	4.143001E-04
2.080757E+03	3.562191E-02	4.307900E-04
2.120016E+03	3.708093E-02	4.481007E-04
2.159276E+03	3.860308E-02	4.661393E-04
2.198536E+03	4.017350E-02	4.847236E-04
2.237795E+03	4.176040E-02	5.034681E-04
2.277055E+03	4.338762E-02	5.226581E-04
2.316314E+03	4.508316E-02	5.426284E-04
2.355574E+03	4.686718E-02	5.636178E-04
2.394833E+03	4.875439E-02	5.857993E-04
2.434093E+03	5.075882E-02	6.093363E-04
2.473353E+03	5.289145E-02	6.343554E-04
2.512612E+03	5.515787E-02	6.609176E-04
2.551872E+03	5.756540E-02	6.891043E-04
2.591131E+03	6.011832E-02	7.189598E-04
2.630391E+03	6.281803E-02	7.504939E-04
2.669650E+03	6.566309E-02	7.836820E-04
2.708910E+03	6.865380E-02	8.185200E-04
2.748170E+03	7.177900E-02	8.548672E-04
2.787429E+03	7.502730E-02	8.925805E-04
2.826689E+03	7.839402E-02	9.315970E-04
2.865948E+03	8.188050E-02	9.719250E-04
2.905208E+03	8.550496E-02	1.013773E-03
2.944467E+03	8.929485E-02	1.057458E-03
2.954282E+03	9.027089E-02	1.068697E-03
2.964097E+03	9.125918E-02	1.080073E-03
2.973912E+03	9.226171E-02	1.091609E-03
2.983727E+03	9.327810E-02	1.103300E-03
2.993542E+03	9.430827E-02	1.115145E-03
3.003357E+03	9.535398E-02	1.127165E-03
3.013172E+03	9.641301E-02	1.139333E-03
3.022986E+03	9.748919E-02	1.151695E-03
3.032801E+03	9.858024E-02	1.164222E-03
3.042616E+03	9.968791E-02	1.176937E-03
3.052431E+03	1.008121E-01	1.189836E-03
3.062246E+03	1.019543E-01	1.202939E-03
3.072061E+03	1.031146E-01	1.216243E-03
3.081876E+03	1.042924E-01	1.229746E-03
3.091691E+03	1.054897E-01	1.243466E-03
3.101506E+03	1.067040E-01	1.257376E-03
3.111320E+03	1.079392E-01	1.271522E-03
3.121135E+03	1.091929E-01	1.285873E-03
3.130950E+03	1.104668E-01	1.300453E-03
3.140765E+03	1.117606E-01	1.315254E-03
3.150580E+03	1.130740E-01	1.330275E-03
3.160395E+03	1.144087E-01	1.345534E-03
3.170210E+03	1.157643E-01	1.361026E-03
3.180025E+03	1.171387E-01	1.376726E-03
3.189840E+03	1.185372E-01	1.392698E-03
3.199655E+03	1.199537E-01	1.408868E-03
3.209469E+03	1.213938E-01	1.425302E-03
3.219284E+03	1.228531E-01	1.441948E-03
3.229099E+03	1.243333E-01	1.458826E-03
3.238914E+03	1.258361E-01	1.475954E-03
3.248729E+03	1.273571E-01	1.493282E-03
3.258544E+03	1.288998E-01	1.510851E-03
3.268359E+03	1.304639E-01	1.528655E-03
3.278174E+03	1.320471E-01	1.546669E-03
3.287989E+03	1.336490E-01	1.564887E-03
3.297803E+03	1.352694E-01	1.583306E-03
3.307618E+03	1.369096E-01	1.601942E-03
3.317433E+03	1.385656E-01	1.620746E-03
3.327248E+03	1.402407E-01	1.639758E-03
3.337063E+03	1.419309E-01	1.658929E-03
3.346878E+03	1.436356E-01	1.678255E-03
3.356693E+03	1.453564E-01	1.697752E-03
3.366508E+03	1.470873E-01	1.717351E-03
3.376323E+03	1.488317E-01	1.737090E-03
3.386137E+03	1.505873E-01	1.756942E-03
3.395952E+03	1.523481E-01	1.776840E-03
3.405767E+03	1.541176E-01	1.796819E-03
3.415582E+03	1.558898E-01	1.816814E-03
3.425397E+03	1.576643E-01	1.836818E-03
3.435212E+03	1.594390E-01	1.856807E-03
3.445027E+03	1.612064E-01	1.876692E-03
3.454842E+03	1.629661E-01	1.896471E-03
3.464657E+03	1.647126E-01	1.916078E-03
3.474471E+03	1.664401E-01	1.935447E-03
3.484286E+03	1.681450E-01	1.954535E-03
3.494101E+03	1.698201E-01	1.973261E-03
3.503916E+03	1.714602E-01	1.991562E-03
3.513731E+03	1.730581E-01	2.009356E-03
3.523546E+03	1.746107E-01	2.026608E-03
3.533361E+03	1.761128E-01	2.043258E-03
3.543176E+03	1.775578E-01	2.059230E-03
3.552991E+03	1.789429E-01	2.074492E-03
3.562805E+03	1.802653E-01	2.089012E-03
3.572620E+03	1.815190E-01	2.102722E-03
3.582435E+03	1.827068E-01	2.115656E-03
3.592250E+03	1.838234E-01	2.127752E-03
3.602065E+03	1.848706E-01	2.139032E-03
3.611880E+03	1.858489E-01	2.149505E-03
3.621695E+03	1.867596E-01	2.159183E-03
3.631510E+03	1.876060E-01	2.168108E-03
3.641325E+03	1.883939E-01	2.176347E-03
3.651140E+03	1.891233E-01	2.183900E-03
3.660954E+03	1.898046E-01	2.190891E-03
3.670769E+03	1.904412E-01	2.197355E-03
3.680584E+03	1.910414E-01	2.203393E-03
3.690399E+03	1.916144E-01	2.209108E-03
3.700214E+03	1.921645E-01	2.214552E-03
3.710029E+03	1.927039E-01	2.219865E-03
3.719844E+03	1.932381E-01	2.225111E-03
3.729659E+03	1.937751E-01	2.230382E-03
3.739474E+03	1.943202E-01	2.235739E-03
3.749288E+03	1.948793E-01	2.241250E-03
3.759103E+03	1.954552E-01	2.246946E-03
3.768918E+03	1.960510E-01	2.252864E-03
3.778733E+03	1.966669E-01	2.259004E-03
3.788548E+03	1.973049E-01	2.265390E-03
3.798363E+03	1.979623E-01	2.271991E-03
3.808178E+03	1.986358E-01	2.278767E-03
3.817993E+03	1.993223E-01	2.285685E-03
3.827808E+03	2.000164E-01	2.292682E-03
3.837622E+03	2.007150E-01	2.299720E-03
3.847437E+03	2.014111E-01	2.306723E-03
3.857252E+03	2.020988E-01	2.313620E-03
3.867067E+03	2.027700E-01	2.320320E-03
3.876882E+03	2.034161E-01	2.326723E-03
3.886697E+03	2.040327E-01	2.332783E-03
3.896512E+03	2.046075E-01	2.338356E-03
3.906327E+03	2.051339E-01	2.343369E-03
3.916142E+03	2.056025E-01	2.347715E-03
3.925956E+03	2.060051E-01	2.351303E-03
3.935771E+03	2.063344E-01	2.354047E-03
3.945586E+03	2.065798E-01	2.355831E-03
3.955401E+03	2.067367E-01	2.356602E-03
3.965216E+03	2.067980E-01	2.356280E-03
3.975031E+03	2.067596E-01	2.354821E-03
3.984846E+03	2.066172E-01	2.352177E-03
3.994661E+03	2.063681E-01	2.348319E-03
4.004476E+03	2.060145E-01	2.343273E-03
4.014290E+03	2.055556E-01	2.337033E-03
4.024105E+03	2.049956E-01	2.329647E-03
4.033920E+03	2.043403E-01	2.321184E-03
4.043735E+03	2.035941E-01	2.311693E-03
4.053550E+03	2.027676E-01	2.301297E-03
4.063365E+03	2.018680E-01	2.290080E-03
4.073180E+03	2.009071E-01	2.278175E-03
4.082995E+03	1.998978E-01	2.265732E-03
4.092810E+03	1.988509E-01	2.252871E-03
4.102625E+03	1.977829E-01	2.239781E-03
4.112439E+03	1.967048E-01	2.226587E-03
4.122254E+03	1.956358E-01	2.213506E-03
4.132069E+03	1.945881E-01	2.200676E-03
4.141884E+03	1.935783E-01	2.188284E-03
4.151699E+03	1.926213E-01	2.176500E-03
4.161514E+03	1.917332E-01	2.165502E-03
4.171329E+03	1.909245E-01	2.155409E-03
4.181144E+03	1.902105E-01	2.146395E-03
4.190959E+03	1.896007E-01	2.138560E-03
4.200773E+03	1.891023E-01	2.131989E-03
4.210588E+03	1.887234E-01	2.126770E-03
4.220403E+03	1.884681E-01	2.122946E-03
4.230218E+03	1.883349E-01	2.120500E-03
4.240033E+03	1.883221E-01	2.119411E-03
4.249848E+03	1.884254E-01	2.119627E-03
4.259663E+03	1.886373E-01	2.121065E-03
4.269478E+03	1.889484E-01	2.123615E-03
4.279293E+03	1.893476E-01	2.127154E-03
4.289107E+03	1.898214E-01	2.131525E-03
4.298922E+03	1.903543E-01	2.136556E-03
4.308737E+03	1.909347E-01	2.142115E-03
4.318552E+03	1.915462E-01	2.148018E-03
4.328367E+03	1.921742E-01	2.154101E-03
4.338182E+03	1.928061E-01	2.160224E-03
4.347997E+03	1.934292E-01	2.166241E-03
4.357812E+03	1.940301E-01	2.172005E-03
4.367627E+03	1.945999E-01	2.177416E-03
4.377441E+03	1.951283E-01	2.182359E-03
4.387256E+03	1.956076E-01	2.186751E-03
4.397071E+03	1.960315E-01	2.190520E-03
4.406886E+03	1.963917E-01	2.193573E-03
4.416701E+03	1.966851E-01	2.195880E-03
4.426516E+03	1.969064E-01	2.197381E-03
4.436331E+03	1.970507E-01	2.198023E-03
4.446146E+03	1.971151E-01	2.197776E-03
4.455961E+03	1.970942E-01	2.196578E-03
4.465775E+03	1.969859E-01	2.194408E-03
4.475590E+03	1.967889E-01	2.191255E-03
4.485405E+03	1.965012E-01	2.187096E-03
4.495220E+03	1.961197E-01	2.181899E-03
4.505035E+03	1.956459E-01	2.175682E-03
4.514850E+03	1.950808E-01	2.168456E-03
4.524665E+03	1.944265E-01	2.160248E-03
4.534480E+03	1.936881E-01	2.151115E-03
4.544295E+03	1.928686E-01	2.141092E-03
4.554109E+03	1.919754E-01	2.130261E-03
4.563924E+03	1.910151E-01	2.118698E-03
4.573739E+03	1.899952E-01	2.106486E-03
4.583554E+03	1.889235E-01	2.093714E-03
4.593369E+03	1.878085E-01	2.080474E-03
4.603184E+03	1.866588E-01	2.066864E-03
4.612999E+03	1.854859E-01	2.053012E-03
4.622814E+03	1.842985E-01	2.039013E-03
4.632629E+03	1.831047E-01	2.024959E-03
4.642444E+03	1.819157E-01	2.010972E-03
4.652258E+03	1.807374E-01	1.997119E-03
4.662073E+03	1.795769E-01	1.983477E-03
4.671888E+03	1.784425E-01	1.970136E-03
4.681703E+03	1.773402E-01	1.957166E-03
4.691518E+03	1.762742E-01	1.944609E-03
4.701333E+03	1.752513E-01	1.932541E-03
4.711148E+03	1.742761E-01	1.921013E-03
4.720963E+03	1.733518E-01	1.910058E-03
4.730778E+03	1.724840E-01	1.899738E-03
4.740592E+03	1.716769E-01	1.890099E-03
4.750407E+03	1.709347E-01	1.881185E-03
4.760222E+03	1.702614E-01	1.873041E-03
4.770037E+03	1.696599E-01	1.865696E-03
4.779852E+03	1.691378E-01	1.859234E-03
4.789667E+03	1.686965E-01	1.853671E-03
4.799482E+03	1.683409E-01	1.849056E-03
4.809297E+03	1.680769E-01	1.845456E-03
4.819112E+03	1.679088E-01	1.842916E-03
4.828926E+03	1.678405E-01	1.841478E-03
4.838741E+03	1.678717E-01	1.841137E-03
4.848556E+03	1.680076E-01	1.841949E-03
4.858371E+03	1.682472E-01	1.843902E-03
4.868186E+03	1.685897E-01	1.846987E-03
4.878001E+03	1.690328E-01	1.851177E-03
4.887816E+03	1.695720E-01	1.856421E-03
4.897631E+03	1.701997E-01	1.862636E-03
4.907446E+03	1.709079E-01	1.869733E-03
4.917260E+03	1.716885E-01	1.877624E-03
4.927075E+03	1.725284E-01	1.886164E-03
4.936890E+03	1.734132E-01	1.895194E-03
4.946705E+03	1.743321E-01	1.904598E-03
4.956520E+03	1.752652E-01	1.914157E-03
4.966335E+03	1.761999E-01	1.923735E-03
4.976150E+03	1.771203E-01	1.933157E-03
4.985965E+03	1.780054E-01	1.942196E-03
4.995780E+03	1.788445E-01	1.950735E-03
5.005594E+03	1.796192E-01	1.958573E-03
5.015409E+03	1.803152E-01	1.965557E-03
5.025224E+03	1.809212E-01	1.971564E-03
5.035039E+03	1.814221E-01	1.976430E-03
5.044854E+03	1.818077E-01	1.980047E-03
5.054669E+03	1.820715E-01	1.982343E-03
5.064484E+03	1.822052E-01	1.983232E-03
5.074299E+03	1.822047E-01	1.982667E-03
5.084114E+03	1.820659E-01	1.980608E-03
5.093929E+03	1.817908E-01	1.977076E-03
5.103743E+03	1.813780E-01	1.972060E-03
5.113558E+03	1.808358E-01	1.965648E-03
5.123373E+03	1.801691E-01	1.957896E-03
5.133188E+03	1.793848E-01	1.948881E-03
5.143003E+03	1.784932E-01	1.938714E-03
5.152818E+03	1.775076E-01	1.927541E-03
5.162633E+03	1.764372E-01	1.915463E-03
5.172448E+03	1.752966E-01	1.902639E-03
5.182263E+03	1.741008E-01	1.889233E-03
5.192077E+03	1.728576E-01	1.875328E-03
5.201892E+03	1.715842E-01	1.861112E-03
5.211707E+03	1.702869E-01	1.846653E-03
5.221522E+03	1.689812E-01	1.832119E-03
5.231337E+03	1.676710E-01	1.817553E-03
5.241152E+03	1.663677E-01	1.803079E-03
5.250967E+03	1.650784E-01	1.788772E-03
5.260782E+03	1.638071E-01	1.774677E-03
5.270597E+03	1.625622E-01	1.760883E-03
5.280411E+03	1.613431E-01	1.747383E-03
5.290226E+03	1.601578E-01	1.734265E-03
5.300041E+03	1.590074E-01	1.721540E-03
5.309856E+03	1.578936E-01	1.709225E-03
5.319671E+03	1.568166E-01	1.697322E-03
5.329486E+03	1.557757E-01	1.685822E-03
5.339301E+03	1.547671E-01	1.674685E-03
5.349116E+03	1.537876E-01	1.663875E-03
5.358931E+03	1.528336E-01	1.653354E-03
5.368745E+03	1.519017E-01	1.643082E-03
5.378560E+03	1.509868E-01	1.633006E-03
5.388375E+03	1.500847E-01	1.623079E-03
5.398190E+03	1.491949E-01	1.613296E-03
5.408005E+03	1.483145E-01	1.603624E-03
5.417820E+03	1.474413E-01	1.594040E-03
5.427635E+03	1.465740E-01	1.584531E-03
5.437450E+03	1.457150E-01	1.575119E-03
5.447265E+03	1.448625E-01	1.565788E-03
5.457079E+03	1.440201E-01	1.556575E-03
5.466894E+03	1.431871E-01	1.547472E-03
5.476709E+03	1.423663E-01	1.538509E-03
5.486524E+03	1.415619E-01	1.529732E-03
5.496339E+03	1.407737E-01	1.521138E-03
5.506154E+03	1.400062E-01	1.512775E-03
5.515969E+03	1.392618E-01	1.504669E-03
5.525784E+03	1.385410E-01	1.496824E-03
5.535599E+03	1.378454E-01	1.489259E-03
5.545414E+03	1.371772E-01	1.481998E-03
5.555228E+03	1.365365E-01	1.475039E-03
5.565043E+03	1.359211E-01	1.468360E-03
5.574858E+03	1.353306E-01	1.461956E-03
5.584673E+03	1.347635E-01	1.455811E-03
5.594488E+03	1.342135E-01	1.449857E-03
5.604303E+03	1.336775E-01	1.444059E-03
5.614118E+03	1.331518E-01	1.438377E-03
5.623933E+03	1.326307E-01	1.432751E-03
5.633748E+03	1.321085E-01	1.427117E-03
5.643562E+03	1.315792E-01	1.421412E-03
5.653377E+03	1.310374E-01	1.415576E-03
5.663192E+03	1.304792E-01	1.409569E-03
5.673007E+03	1.298990E-01	1.403327E-03
5.682822E+03	1.292957E-01	1.396841E-03
5.692637E+03	1.286653E-01	1.390066E-03
5.702452E+03	1.280059E-01	1.382981E-03
5.712267E+03	1.273197E-01	1.375611E-03
5.722082E+03	1.266042E-01	1.367927E-03
5.731896E+03	1.258620E-01	1.359959E-03
5.741711E+03	1.250966E-01	1.351743E-03
5.751526E+03	1.243096E-01	1.343296E-03
5.761341E+03	1.235055E-01	1.334669E-03
5.771156E+03	1.226871E-01	1.325888E-03
5.780971E+03	1.218609E-01	1.317026E-03
5.790786E+03	1.210298E-01	1.308113E-03
5.800601E+03	1.201975E-01	1.299190E-03
5.810416E+03	1.193691E-01	1.290312E-03
5.820230E+03	1.185467E-01	1.281499E-03
5.830045E+03	1.177344E-01	1.272798E-03
5.839860E+03	1.169332E-01	1.264219E-03
5.849675E+03	1.161464E-01	1.255796E-03
5.859490E+03	1.153752E-01	1.247545E-03
5.869305E+03	1.146207E-01	1.239474E-03
5.879120E+03	1.138818E-01	1.231574E-03
5.888935E+03	1.131600E-01	1.223861E-03
5.898750E+03	1.124551E-01	1.216331E-03
5.908564E+03	1.117654E-01	1.208966E-03
5.918379E+03	1.110915E-01	1.201774E-03
5.928194E+03	1.104317E-01	1.194734E-03
5.938009E+03	1.097839E-01	1.187826E-03
5.947824E+03	1.091506E-01	1.181075E-03
5.957639E+03	1.085289E-01	1.174451E-03
5.967454E+03	1.079206E-01	1.167972E-03
5.977269E+03	1.073237E-01	1.161617E-03
5.987084E+03	1.067406E-01	1.155411E-03
5.996898E+03	1.061715E-01	1.149358E-03
6.006713E+03	1.056182E-01	1.143477E-03
6.016528E+03	1.050830E-01	1.137791E-03
6.026343E+03	1.045668E-01	1.132311E-03
6.036158E+03	1.040718E-01	1.127062E-03
6.045973E+03	1.036003E-01	1.122068E-03
6.055788E+03	1.031544E-01	1.117350E-03
6.065603E+03	1.027357E-01	1.112927E-03
6.075418E+03	1.023445E-01	1.108803E-03
6.085233E+03	1.019831E-01	1.105002E-03
6.095047E+03	1.016524E-01	1.101534E-03
6.104862E+03	1.013529E-01	1.098404E-03
6.114677E+03	1.010859E-01	1.095627E-03
6.124492E+03	1.008528E-01	1.093217E-03
6.134307E+03	1.006542E-01	1.091182E-03
6.144122E+03	1.004908E-01	1.089529E-03
6.153937E+03	1.003628E-01	1.088259E-03
6.163752E+03	1.002713E-01	1.087387E-03
6.173567E+03	1.002128E-01	1.086873E-03
6.183381E+03	1.001904E-01	1.086751E-03
6.193196E+03	1.001997E-01	1.086973E-03
6.203011E+03	1.002398E-01	1.087530E-03
6.212826E+03	1.003082E-01	1.088394E-03
6.222641E+03	1.004017E-01	1.089533E-03
6.232456E+03	1.005156E-01	1.090893E-03
6.242271E+03	1.006463E-01	1.092435E-03
6.252086E+03	1.007900E-01	1.094120E-03
6.261901E+03	1.009416E-01	1.095892E-03
6.271715E+03	1.010961E-01	1.097696E-03
6.281530E+03	1.012503E-01	1.099497E-03
6.291345E+03	1.013967E-01	1.101214E-03
6.301160E+03	1.015312E-01	1.102802E-03
6.310975E+03	1.016487E-01	1.104207E-03
6.320790E+03	1.017430E-01	1.105360E-03
6.330605E+03	1.018128E-01	1.106247E-03
6.340420E+03	1.018532E-01	1.106815E-03
6.350235E+03	1.018637E-01	1.107058E-03
6.360049E+03	1.018433E-01	1.106966E-03
6.369864E+03	1.017897E-01	1.106513E-03
6.379679E+03	1.017024E-01	1.105693E-03
6.389494E+03	1.015813E-01	1.104506E-03
6.399309E+03	1.014266E-01	1.102953E-03
6.409124E+03	1.012387E-01	1.101038E-03
6.418939E+03	1.010197E-01	1.098785E-03
6.428754E+03	1.007686E-01	1.096183E-03
6.438569E+03	1.004848E-01	1.093223E-03
6.448383E+03	1.001723E-01	1.089950E-03
6.458198E+03	9.982878E-02	1.086339E-03
6.468013E+03	9.945705E-02	1.082421E-03
6.477828E+03	9.905805E-02	1.078204E-03
6.487643E+03	9.863302E-02	1.073703E-03
6.497458E+03	9.818298E-02	1.068928E-03
6.507273E+03	9.770750E-02	1.063875E-03
6.517088E+03	9.720926E-02	1.058573E-03
6.526903E+03	9.668758E-02	1.053014E-03
6.536718E+03	9.614501E-02	1.047226E-03
6.546532E+03	9.558099E-02	1.041203E-03
6.556347E+03	9.499639E-02	1.034954E-03
6.566162E+03	9.439381E-02	1.028507E-03
6.575977E+03	9.377423E-02	1.021874E-03
6.585792E+03	9.313570E-02	1.015032E-03
6.595607E+03	9.248266E-02	1.008030E-03
6.605422E+03	9.181341E-02	1.000850E-03
6.615237E+03	9.113272E-02	9.935431E-04
6.625052E+03	9.044068E-02	9.861104E-04
6.634866E+03	8.973754E-02	9.785549E-04
6.644681E+03	8.902840E-02	9.709320E-04
6.654496E+03	8.831206E-02	9.632285E-04
6.664311E+03	8.759204E-02	9.554829E-04
6.674126E+03	8.687040E-02	9.477178E-04
6.683941E+03	8.614934E-02	9.399568E-04
6.693756E+03	8.542942E-02	9.322064E-04
6.703571E+03	8.471442E-02	9.245077E-04
6.713386E+03	8.400525E-02	9.168705E-04
6.723200E+03	8.330572E-02	9.093368E-04
6.733015E+03	8.261685E-02	9.019175E-04
6.742830E+03	8.194126E-02	8.946414E-04
6.752645E+03	8.128308E-02	8.875535E-04
6.762460E+03	8.064179E-02	8.806483E-04
6.772275E+03	8.002305E-02	8.739876E-04
6.782090E+03	7.942765E-02	8.675803E-04
6.791905E+03	7.885795E-02	8.614520E-04
6.801720E+03	7.831588E-02	8.556242E-04
6.811534E+03	7.780302E-02	8.501139E-04
6.821349E+03	7.731912E-02	8.449190E-04
6.831164E+03	7.686640E-02	8.400634E-04
6.840979E+03	7.644495E-02	8.355483E-04
6.850794E+03	7.605427E-02	8.313686E-04
6.860609E+03	7.569053E-02	8.274823E-04
6.870424E+03	7.535649E-02	8.239198E-04
6.880239E+03	7.504556E-02	8.206092E-04
6.890054E+03	7.475824E-02	8.175559E-04
6.899868E+03	7.449023E-02	8.147130E-04
6.909683E+03	7.423840E-02	8.120466E-04
6.919498E+03	7.399963E-02	8.095223E-04
6.929313E+03	7.377067E-02	8.071047E-04
6.939128E+03	7.354699E-02	8.047445E-04
6.948943E+03	7.332696E-02	8.024235E-04
6.958758E+03	7.310777E-02	8.001113E-04
6.968573E+03	7.288530E-02	7.977628E-04
6.978388E+03	7.265869E-02	7.953684E-04
6.988203E+03	7.242431E-02	7.928885E-04
6.998017E+03	7.218042E-02	7.903040E-04
7.007832E+03	7.192544E-02	7.875975E-04
7.017647E+03	7.165957E-02	7.847713E-04
7.027462E+03	7.137897E-02	7.817833E-04
7.037277E+03	7.108284E-02	7.786247E-04
7.047092E+03	7.077373E-02	7.753232E-04
7.056907E+03	7.044829E-02	7.718424E-04
7.066722E+03	7.010644E-02	7.681811E-04
7.076537E+03	6.974969E-02	7.643559E-04
7.086351E+03	6.937667E-02	7.603519E-04
7.096166E+03	6.898767E-02	7.561720E-04
7.105981E+03	6.858295E-02	7.518190E-04
7.115796E+03	6.816309E-02	7.472995E-04
7.125611E+03	6.773007E-02	7.426348E-04
7.135426E+03	6.728163E-02	7.378004E-04
7.145241E+03	6.682144E-02	7.328363E-04
7.155056E+03	6.634913E-02	7.277387E-04
7.164871E+03	6.586567E-02	7.225178E-04
7.174685E+03	6.537370E-02	7.172028E-04
7.184500E+03	6.487312E-02	7.117924E-04
7.194315E+03	6.436668E-02	7.063171E-04
7.204130E+03	6.385579E-02	7.007919E-04
7.213945E+03	6.334326E-02	6.952481E-04
7.223760E+03	6.283049E-02	6.897007E-04
7.233575E+03	6.232024E-02	6.841802E-04
7.243390E+03	6.181232E-02	6.786844E-04
7.253205E+03	6.131210E-02	6.732725E-04
7.263019E+03	6.082059E-02	6.679556E-04
7.272834E+03	6.033732E-02	6.627284E-04
7.282649E+03	5.986729E-02	6.576459E-04
7.292464E+03	5.940981E-02	6.527007E-04
7.302279E+03	5.896688E-02	6.479147E-04
7.312094E+03	5.853767E-02	6.432790E-04
7.321909E+03	5.812403E-02	6.388139E-04
7.331724E+03	5.772227E-02	6.344790E-04
7.341539E+03	5.733549E-02	6.303084E-04
7.351353E+03	5.695992E-02	6.262606E-04
7.361168E+03	5.659714E-02	6.223532E-04
7.370983E+03	5.624598E-02	6.185734E-04
7.380798E+03	5.590521E-02	6.149075E-04
7.390613E+03	5.557620E-02	6.113709E-04
7.400428E+03	5.525491E-02	6.079191E-04
7.410243E+03	5.494394E-02	6.045807E-04
7.420058E+03	5.464183E-02	6.013399E-04
7.429873E+03	5.434841E-02	5.981946E-04
7.439687E+03	5.406218E-02	5.951285E-04
7.449502E+03	5.378424E-02	5.921538E-04
7.459317E+03	5.351308E-02	5.892538E-04
7.469132E+03	5.324849E-02	5.864262E-04
7.478947E+03	5.299157E-02	5.836833E-04
7.488762E+03	5.274083E-02	5.810086E-04
7.498577E+03	5.249736E-02	5.784144E-04
7.508392E+03	5.225835E-02	5.758695E-04
7.518207E+03	5.202625E-02	5.734011E-04
7.528022E+03	5.179957E-02	5.709927E-04
7.537836E+03	5.157945E-02	5.686571E-04
7.547651E+03	5.136439E-02	5.663776E-04
7.557466E+03	5.115422E-02	5.641524E-04
7.567281E+03	5.094877E-02	5.619798E-04
7.577096E+03	5.075050E-02	5.598868E-04
7.586911E+03	5.055528E-02	5.578281E-04
7.596726E+03	5.036688E-02	5.558451E-04
7.606541E+03	5.018250E-02	5.539072E-04
7.616356E+03	5.000328E-02	5.520268E-04
7.626170E+03	4.982904E-02	5.502020E-04
7.635985E+03	4.965960E-02	5.484309E-04
7.645800E+03	4.949609E-02	5.467261E-04
7.655615E+03	4.933702E-02	5.450710E-04
7.665430E+03	4.918221E-02	5.434638E-04
7.675245E+03	4.903279E-02	5.419169E-04
7.685060E+03	4.888990E-02	5.404432E-04
7.694875E+03	4.875204E-02	5.390259E-04
7.704690E+03	4.861904E-02	5.376633E-04
7.714504E+03	4.849337E-02	5.363827E-04
7.724319E+03	4.837485E-02	5.351823E-04
7.734134E+03	4.826199E-02	5.340455E-04
7.743949E+03	4.815728E-02	5.330001E-04
7.753764E+03	4.806057E-02	5.320444E-04
7.763579E+03	4.797303E-02	5.311914E-04
7.773394E+03	4.789587E-02	5.304547E-04
7.783209E+03	4.782895E-02	5.298328E-04
7.793024E+03	4.777214E-02	5.293243E-04
7.802838E+03	4.772802E-02	5.289579E-04
7.812653E+03	4.769783E-02	5.287476E-04
7.822468E+03	4.767878E-02	5.286625E-04
7.832283E+03	4.767349E-02	5.287318E-04
7.842098E+03	4.768054E-02	5.289398E-04
7.851913E+03	4.769714E-02	5.292557E-04
7.861728E+03	4.772459E-02	5.296940E-04
7.871543E+03	4.776012E-02	5.302239E-04
7.881358E+03	4.780367E-02	5.308450E-04
7.891172E+03	4.785525E-02	5.315573E-04
7.900987E+03	4.791068E-02	5.323145E-04
7.910802E+03	4.797273E-02	5.331473E-04
7.920617E+03	4.804001E-02	5.340404E-04
7.930432E+03	4.810975E-02	5.349629E-04
7.940247E+03	4.818475E-02	5.359460E-04
7.950062E+03	4.826224E-02	5.369589E-04
7.959877E+03	4.834220E-02	5.380014E-04
7.969692E+03	4.842466E-02	5.390739E-04
7.979507E+03	4.850822E-02	5.401607E-04
7.989321E+03	4.859430E-02	5.412777E-04
7.999136E+03	4.868290E-02	5.424248E-04
8.008951E+03	4.877120E-02	5.435708E-04
8.018766E+03	4.886205E-02	5.447471E-04
8.028581E+03	4.895258E-02	5.459221E-04
8.038396E+03	4.904567E-02	5.471276E-04
8.048211E+03	4.913844E-02	5.483316E-04
8.058026E+03	4.923233E-02	5.495501E-04
8.067841E+03	4.932588E-02	5.507669E-04
8.077655E+03	4.942054E-02	5.519980E-04
8.087470E+03	4.951484E-02	5.532271E-04
8.097285E+03	4.961023E-02	5.544704E-04
8.107100E+03	4.970523E-02	5.557114E-04
8.116915E+03	4.979983E-02	5.569497E-04
8.126730E+03	4.989401E-02	5.581853E-04
8.136545E+03	4.998923E-02	5.594343E-04
8.146360E+03	5.008251E-02	5.606636E-04
8.156175E+03	5.017679E-02	5.619059E-04
8.165989E+03	5.027056E-02	5.631443E-04
8.175804E+03	5.036381E-02	5.643787E-04
8.185619E+03	5.045501E-02	5.655920E-04
8.195434E+03	5.054713E-02	5.668174E-04
8.205249E+03	5.063714E-02	5.680207E-04
8.215064E+03	5.072652E-02	5.692188E-04
8.224879E+03	5.081522E-02	5.704109E-04
8.234694E+03	5.090323E-02	5.715970E-04
8.244509E+03	5.098901E-02	5.727595E-04
8.254323E+03	5.107401E-02	5.739151E-04
8.264138E+03	5.115670E-02	5.750461E-04
8.273953E+03	5.123856E-02	5.761694E-04
8.283768E+03	5.131956E-02	5.772845E-04
8.293583E+03	5.139812E-02	5.783737E-04
8.303398E+03	5.147419E-02	5.794363E-04
8.313213E+03	5.154775E-02	5.804720E-04
8.323028E+03	5.162028E-02	5.814976E-04
8.332843E+03	5.169021E-02	5.824950E-04
8.342657E+03	5.175903E-02	5.834814E-04
8.352472E+03	5.182359E-02	5.844210E-04
8.362287E+03	5.188697E-02	5.853485E-04
8.372102E+03	5.194597E-02	5.862277E-04
8.381917E+03	5.200369E-02	5.870938E-04
8.391732E+03	5.205693E-02	5.879102E-04
8.401547E+03	5.210882E-02	5.887124E-04
8.411362E+03	5.215611E-02	5.894637E-04
8.421177E+03	5.220034E-02	5.901813E-04
8.430992E+03	5.224145E-02	5.908646E-04
8.440806E+03	5.227780E-02	5.914949E-04
8.450621E+03	5.231091E-02	5.920894E-04
8.460436E+03	5.234076E-02	5.926476E-04
8.470251E+03	5.236564E-02	5.931504E-04
8.480066E+03	5.238550E-02	5.935969E-04
8.489881E+03	5.240190E-02	5.940047E-04
8.499696E+03	5.241314E-02	5.943546E-04
8.509511E+03	5.241916E-02	5.946458E-04
8.519326E+03	5.241989E-02	5.948774E-04
8.529140E+03	5.241691E-02	5.950672E-04
8.538955E+03	5.240684E-02	5.951767E-04
8.548770E+03	5.239294E-02	5.952430E-04
8.558585E+03	5.237178E-02	5.952271E-04
8.568400E+03	5.234668E-02	5.951662E-04
8.578215E+03	5.231416E-02	5.950212E-04
8.588030E+03	5.227586E-02	5.948103E-04
8.597845E+03	5.223170E-02	5.945326E-04
8.607660E+03	5.218160E-02	5.941871E-04
8.617474E+03	5.212549E-02	5.937729E-04
8.627289E+03	5.206160E-02	5.932696E-04
8.637104E+03	5.199326E-02	5.927153E-04
8.646919E+03	5.191697E-02	5.920699E-04
8.656734E+03	5.183612E-02	5.913718E-04
8.666549E+03	5.174715E-02	5.905806E-04
8.676364E+03	5.165348E-02	5.897350E-04
8.686179E+03	5.155330E-02	5.888143E-04
8.695994E+03	5.144830E-02	5.878377E-04
8.705808E+03	5.133841E-02	5.868044E-04
8.715623E+03	5.122182E-02	5.856936E-04
8.725438E+03	5.110201E-02	5.845448E-04
8.735253E+03	5.097537E-02	5.833169E-04
8.745068E+03	5.084362E-02	5.820294E-04
8.754883E+03	5.070670E-02	5.806816E-04
8.764698E+03	5.056457E-02	5.792728E-04
8.774513E+03	5.041717E-02	5.778023E-04
8.784328E+03	5.026263E-02	5.762486E-04
8.794142E+03	5.010452E-02	5.746525E-04
8.803957E+03	4.994097E-02	5.729926E-04
8.813772E+03	4.977195E-02	5.712683E-04
8.823587E+03	4.959921E-02	5.694998E-04
8.833402E+03	4.941907E-02	5.676446E-04
8.872662E+03	4.866017E-02	5.597659E-04
8.911921E+03	4.783461E-02	5.510901E-04
8.951181E+03	4.695737E-02	5.417863E-04
8.990440E+03	4.604051E-02	5.319904E-04
9.029700E+03	4.509292E-02	5.218032E-04
9.068959E+03	4.412604E-02	5.113553E-04
9.108219E+03	4.314997E-02	5.007632E-04
9.147479E+03	4.216930E-02	4.900792E-04
9.186738E+03	4.119091E-02	4.793835E-04
9.225998E+03	4.021998E-02	4.687364E-04
9.265257E+03	3.926194E-02	4.582020E-04
9.304517E+03	3.831819E-02	4.477975E-04
9.343776E+03	3.739452E-02	4.375912E-04
9.383036E+03	3.649255E-02	4.276035E-04
9.422296E+03	3.561179E-02	4.178300E-04
9.461555E+03	3.475607E-02	4.083169E-04
9.500815E+03	3.392491E-02	3.990600E-04
9.540074E+03	3.311772E-02	3.900538E-04
9.579334E+03	3.234063E-02	3.813722E-04
9.618593E+03	3.158627E-02	3.729298E-04
9.657853E+03	3.086072E-02	3.647996E-04
9.697112E+03	3.015863E-02	3.569203E-04
9.736372E+03	2.948377E-02	3.493375E-04
9.775632E+03	2.883523E-02	3.420422E-04
9.814891E+03	2.820967E-02	3.349961E-04
9.854151E+03	2.760837E-02	3.282157E-04
9.893410E+03	2.703017E-02	3.216886E-04
9.932670E+03	2.647384E-02	3.154013E-04
9.971929E+03	2.594048E-02	3.093681E-04
1.001119E+04	2.542630E-02	3.035452E-04
1.005045E+04	2.493226E-02	2.979449E-04
1.008971E+04	2.445932E-02	2.925796E-04
1.012897E+04	2.400344E-02	2.874024E-04
