#wls	flux	fluxerr
1.600000E+03	2.427552E-15	9.362840E-17
1.640000E+03	2.279139E-15	8.618582E-17
1.680000E+03	2.125108E-15	7.875237E-17
1.720000E+03	1.966911E-15	7.139681E-17
1.760000E+03	1.806038E-15	6.418441E-17
1.800000E+03	1.644442E-15	5.719166E-17
1.840000E+03	1.484178E-15	5.049189E-17
1.880000E+03	1.327817E-15	4.416879E-17
1.920000E+03	1.177922E-15	3.829728E-17
1.960000E+03	1.037042E-15	3.294357E-17
2.000000E+03	9.078452E-16	2.816937E-17
2.040000E+03	7.925479E-16	2.401452E-17
2.080000E+03	6.929310E-16	2.049942E-17
2.120000E+03	6.109470E-16	1.764461E-17
2.160000E+03	5.492258E-16	1.548493E-17
2.200000E+03	5.097210E-16	1.403067E-17
2.240000E+03	4.937947E-16	1.327298E-17
2.280000E+03	5.028396E-16	1.320303E-17
2.320000E+03	5.396234E-16	1.384735E-17
2.360000E+03	6.084233E-16	1.526833E-17
2.400000E+03	7.157830E-16	1.757971E-17
2.440000E+03	8.708498E-16	2.095025E-17
2.480000E+03	1.085075E-15	2.559285E-17
2.520000E+03	1.371073E-15	3.173350E-17
2.560000E+03	1.740481E-15	3.956264E-17
2.600000E+03	2.200582E-15	4.916356E-17
2.640000E+03	2.749640E-15	6.041855E-17
2.680000E+03	3.377330E-15	7.303354E-17
2.720000E+03	4.064784E-15	8.655122E-17
2.760000E+03	4.783321E-15	1.003350E-16
2.800000E+03	5.497549E-15	1.136447E-16
2.840000E+03	6.171819E-15	1.257751E-16
2.880000E+03	6.776406E-15	1.361770E-16
2.920000E+03	7.291676E-15	1.445305E-16
2.960000E+03	7.711021E-15	1.507875E-16
3.000000E+03	8.040025E-15	1.551390E-16
3.010000E+03	8.109666E-15	1.559671E-16
3.020000E+03	8.174824E-15	1.567043E-16
3.030000E+03	8.235946E-15	1.573599E-16
3.040000E+03	8.293320E-15	1.579404E-16
3.050000E+03	8.347253E-15	1.584523E-16
3.060000E+03	8.398271E-15	1.589065E-16
3.070000E+03	8.446539E-15	1.593067E-16
3.080000E+03	8.492777E-15	1.596671E-16
3.090000E+03	8.537197E-15	1.599921E-16
3.100000E+03	8.580367E-15	1.602928E-16
3.110000E+03	8.622708E-15	1.605775E-16
3.120000E+03	8.664806E-15	1.608574E-16
3.130000E+03	8.707109E-15	1.611409E-16
3.140000E+03	8.750057E-15	1.614363E-16
3.150000E+03	8.794283E-15	1.617554E-16
3.160000E+03	8.840087E-15	1.621033E-16
3.170000E+03	8.888292E-15	1.624948E-16
3.180000E+03	8.939225E-15	1.629352E-16
3.190000E+03	8.993585E-15	1.634367E-16
3.200000E+03	9.051898E-15	1.640081E-16
3.210000E+03	9.114728E-15	1.646588E-16
3.220000E+03	9.182821E-15	1.654015E-16
3.230000E+03	9.256779E-15	1.662460E-16
3.240000E+03	9.337079E-15	1.671998E-16
3.250000E+03	9.424849E-15	1.682821E-16
3.260000E+03	9.520323E-15	1.694957E-16
3.270000E+03	9.624672E-15	1.708603E-16
3.280000E+03	9.738336E-15	1.723821E-16
3.290000E+03	9.862260E-15	1.740765E-16
3.300000E+03	9.997365E-15	1.759580E-16
3.310000E+03	1.014417E-14	1.780341E-16
3.320000E+03	1.030378E-14	1.803225E-16
3.330000E+03	1.047702E-14	1.828354E-16
3.340000E+03	1.066449E-14	1.855816E-16
3.350000E+03	1.086692E-14	1.885716E-16
3.360000E+03	1.108497E-14	1.918146E-16
3.370000E+03	1.131933E-14	1.953205E-16
3.380000E+03	1.157008E-14	1.990884E-16
3.390000E+03	1.183777E-14	2.031253E-16
3.400000E+03	1.212206E-14	2.074233E-16
3.410000E+03	1.242267E-14	2.119755E-16
3.420000E+03	1.273914E-14	2.167718E-16
3.430000E+03	1.306999E-14	2.217851E-16
3.440000E+03	1.341411E-14	2.269949E-16
3.450000E+03	1.376941E-14	2.323641E-16
3.460000E+03	1.413292E-14	2.378421E-16
3.470000E+03	1.450201E-14	2.433833E-16
3.480000E+03	1.487283E-14	2.489232E-16
3.490000E+03	1.524195E-14	2.544046E-16
3.500000E+03	1.560558E-14	2.597651E-16
3.510000E+03	1.595898E-14	2.649273E-16
3.520000E+03	1.629780E-14	2.698209E-16
3.530000E+03	1.661684E-14	2.743624E-16
3.540000E+03	1.691081E-14	2.784680E-16
3.550000E+03	1.717461E-14	2.820572E-16
3.560000E+03	1.740301E-14	2.850473E-16
3.570000E+03	1.759135E-14	2.873664E-16
3.580000E+03	1.773547E-14	2.889512E-16
3.590000E+03	1.783246E-14	2.897594E-16
3.600000E+03	1.788036E-14	2.897646E-16
3.610000E+03	1.787840E-14	2.889600E-16
3.620000E+03	1.782773E-14	2.873695E-16
3.630000E+03	1.773116E-14	2.850443E-16
3.640000E+03	1.759295E-14	2.820578E-16
3.650000E+03	1.741986E-14	2.785230E-16
3.660000E+03	1.721948E-14	2.745646E-16
3.670000E+03	1.700139E-14	2.703383E-16
3.680000E+03	1.677611E-14	2.660129E-16
3.690000E+03	1.655499E-14	2.617681E-16
3.700000E+03	1.634997E-14	2.577915E-16
3.710000E+03	1.617333E-14	2.542736E-16
3.720000E+03	1.603669E-14	2.513927E-16
3.730000E+03	1.595229E-14	2.493341E-16
3.740000E+03	1.593126E-14	2.482639E-16
3.750000E+03	1.598467E-14	2.483448E-16
3.760000E+03	1.612305E-14	2.497289E-16
3.770000E+03	1.635589E-14	2.525503E-16
3.780000E+03	1.669265E-14	2.569402E-16
3.790000E+03	1.714128E-14	2.630048E-16
3.800000E+03	1.770878E-14	2.708337E-16
3.810000E+03	1.840032E-14	2.804867E-16
3.820000E+03	1.921886E-14	2.919890E-16
3.830000E+03	2.016423E-14	3.053170E-16
3.840000E+03	2.123252E-14	3.203906E-16
3.850000E+03	2.241507E-14	3.370582E-16
3.860000E+03	2.369821E-14	3.550951E-16
3.870000E+03	2.506235E-14	3.741905E-16
3.880000E+03	2.648234E-14	3.939549E-16
3.890000E+03	2.792844E-14	4.139362E-16
3.900000E+03	2.936726E-14	4.336346E-16
3.910000E+03	3.076436E-14	4.525431E-16
3.920000E+03	3.208577E-14	4.701684E-16
3.930000E+03	3.330103E-14	4.860773E-16
3.940000E+03	3.438502E-14	4.999215E-16
3.950000E+03	3.531999E-14	5.114657E-16
3.960000E+03	3.609732E-14	5.206109E-16
3.970000E+03	3.671565E-14	5.273650E-16
3.980000E+03	3.718256E-14	5.318650E-16
3.990000E+03	3.751170E-14	5.343325E-16
4.000000E+03	3.772175E-14	5.350585E-16
4.010000E+03	3.783421E-14	5.343688E-16
4.020000E+03	3.787080E-14	5.325882E-16
4.030000E+03	3.785327E-14	5.300363E-16
4.040000E+03	3.780052E-14	5.269883E-16
4.050000E+03	3.772869E-14	5.236766E-16
4.060000E+03	3.765006E-14	5.202760E-16
4.070000E+03	3.757329E-14	5.169090E-16
4.080000E+03	3.750416E-14	5.136565E-16
4.090000E+03	3.744463E-14	5.105459E-16
4.100000E+03	3.739472E-14	5.075779E-16
4.110000E+03	3.735247E-14	5.047265E-16
4.120000E+03	3.731401E-14	5.019407E-16
4.130000E+03	3.727560E-14	4.991721E-16
4.140000E+03	3.723210E-14	4.963548E-16
4.150000E+03	3.717851E-14	4.934260E-16
4.160000E+03	3.710973E-14	4.903228E-16
4.170000E+03	3.702035E-14	4.869793E-16
4.180000E+03	3.690656E-14	4.833522E-16
4.190000E+03	3.676486E-14	4.794027E-16
4.200000E+03	3.659455E-14	4.751289E-16
4.210000E+03	3.639504E-14	4.705309E-16
4.220000E+03	3.616866E-14	4.656461E-16
4.230000E+03	3.591899E-14	4.605271E-16
4.240000E+03	3.565117E-14	4.552455E-16
4.250000E+03	3.537084E-14	4.498782E-16
4.260000E+03	3.508525E-14	4.445208E-16
4.270000E+03	3.480070E-14	4.392558E-16
4.280000E+03	3.452307E-14	4.341588E-16
4.290000E+03	3.425781E-14	4.292991E-16
4.300000E+03	3.400856E-14	4.247219E-16
4.310000E+03	3.377618E-14	4.204380E-16
4.320000E+03	3.356049E-14	4.164446E-16
4.330000E+03	3.335979E-14	4.127206E-16
4.340000E+03	3.317049E-14	4.092215E-16
4.350000E+03	3.298889E-14	4.059022E-16
4.360000E+03	3.281222E-14	4.027285E-16
4.370000E+03	3.263888E-14	3.996779E-16
4.380000E+03	3.247325E-14	3.967996E-16
4.390000E+03	3.232545E-14	3.942123E-16
4.400000E+03	3.220982E-14	3.920851E-16
4.410000E+03	3.214488E-14	3.906376E-16
4.420000E+03	3.214847E-14	3.900792E-16
4.430000E+03	3.223307E-14	3.905542E-16
4.440000E+03	3.240642E-14	3.921494E-16
4.450000E+03	3.267247E-14	3.949059E-16
4.460000E+03	3.302949E-14	3.987965E-16
4.470000E+03	3.347117E-14	4.037397E-16
4.480000E+03	3.398693E-14	4.096034E-16
4.490000E+03	3.456192E-14	4.162048E-16
4.500000E+03	3.517837E-14	4.233265E-16
4.510000E+03	3.581481E-14	4.307075E-16
4.520000E+03	3.644833E-14	4.380704E-16
4.530000E+03	3.705483E-14	4.451233E-16
4.540000E+03	3.760930E-14	4.515645E-16
4.550000E+03	3.808936E-14	4.571237E-16
4.560000E+03	3.847463E-14	4.615548E-16
4.570000E+03	3.874732E-14	4.646434E-16
4.580000E+03	3.889442E-14	4.662317E-16
4.590000E+03	3.890793E-14	4.662230E-16
4.600000E+03	3.878428E-14	4.645729E-16
4.610000E+03	3.852571E-14	4.613075E-16
4.620000E+03	3.813928E-14	4.565099E-16
4.630000E+03	3.763508E-14	4.503004E-16
4.640000E+03	3.702760E-14	4.428516E-16
4.650000E+03	3.633310E-14	4.343577E-16
4.660000E+03	3.556913E-14	4.250279E-16
4.670000E+03	3.475425E-14	4.150842E-16
4.680000E+03	3.390650E-14	4.047417E-16
4.690000E+03	3.304221E-14	3.941954E-16
4.700000E+03	3.217604E-14	3.836203E-16
4.710000E+03	3.131965E-14	3.731555E-16
4.720000E+03	3.048197E-14	3.629064E-16
4.730000E+03	2.966930E-14	3.529474E-16
4.740000E+03	2.888484E-14	3.433157E-16
4.750000E+03	2.813019E-14	3.340295E-16
4.760000E+03	2.740552E-14	3.250902E-16
4.770000E+03	2.670970E-14	3.164838E-16
4.780000E+03	2.604092E-14	3.081884E-16
4.790000E+03	2.539778E-14	3.001872E-16
4.800000E+03	2.477951E-14	2.924706E-16
4.810000E+03	2.418808E-14	2.850621E-16
4.820000E+03	2.362859E-14	2.780211E-16
4.830000E+03	2.310641E-14	2.714102E-16
4.840000E+03	2.262684E-14	2.652905E-16
4.850000E+03	2.219532E-14	2.597240E-16
4.860000E+03	2.181634E-14	2.547613E-16
4.870000E+03	2.149391E-14	2.504460E-16
4.880000E+03	2.123002E-14	2.467979E-16
4.890000E+03	2.102571E-14	2.438253E-16
4.900000E+03	2.088018E-14	2.415142E-16
4.910000E+03	2.078936E-14	2.398132E-16
4.920000E+03	2.074742E-14	2.386500E-16
4.930000E+03	2.074716E-14	2.379376E-16
4.940000E+03	2.078146E-14	2.375904E-16
4.950000E+03	2.084225E-14	2.375126E-16
4.960000E+03	2.092276E-14	2.376246E-16
4.970000E+03	2.101940E-14	2.378832E-16
4.980000E+03	2.113027E-14	2.382652E-16
4.990000E+03	2.125464E-14	2.387606E-16
5.000000E+03	2.139469E-14	2.393922E-16
5.010000E+03	2.155390E-14	2.401968E-16
5.020000E+03	2.173559E-14	2.412089E-16
5.030000E+03	2.194305E-14	2.424618E-16
5.040000E+03	2.217960E-14	2.439886E-16
5.050000E+03	2.244630E-14	2.457969E-16
5.060000E+03	2.274343E-14	2.478857E-16
5.070000E+03	2.306907E-14	2.502299E-16
5.080000E+03	2.341872E-14	2.527768E-16
5.090000E+03	2.378718E-14	2.554676E-16
5.100000E+03	2.416619E-14	2.582119E-16
5.110000E+03	2.454642E-14	2.609095E-16
5.120000E+03	2.491795E-14	2.634570E-16
5.130000E+03	2.526921E-14	2.657355E-16
5.140000E+03	2.558850E-14	2.676283E-16
5.150000E+03	2.586473E-14	2.690275E-16
5.160000E+03	2.608660E-14	2.698263E-16
5.170000E+03	2.624388E-14	2.699316E-16
5.180000E+03	2.632765E-14	2.692668E-16
5.190000E+03	2.633125E-14	2.677798E-16
5.200000E+03	2.624943E-14	2.654354E-16
5.210000E+03	2.608120E-14	2.622415E-16
5.220000E+03	2.582753E-14	2.582262E-16
5.230000E+03	2.549275E-14	2.534505E-16
5.240000E+03	2.508608E-14	2.480224E-16
5.250000E+03	2.461968E-14	2.420761E-16
5.260000E+03	2.410756E-14	2.357612E-16
5.270000E+03	2.356863E-14	2.292708E-16
5.280000E+03	2.302241E-14	2.227999E-16
5.290000E+03	2.248613E-14	2.165170E-16
5.300000E+03	2.197668E-14	2.105840E-16
5.310000E+03	2.150732E-14	2.051245E-16
5.320000E+03	2.108916E-14	2.002397E-16
5.330000E+03	2.072741E-14	1.959734E-16
5.340000E+03	2.042537E-14	1.923514E-16
5.350000E+03	2.018256E-14	1.893637E-16
5.360000E+03	1.999277E-14	1.869479E-16
5.370000E+03	1.984793E-14	1.850258E-16
5.380000E+03	1.973775E-14	1.835002E-16
5.390000E+03	1.965147E-14	1.822710E-16
5.400000E+03	1.957713E-14	1.812287E-16
5.410000E+03	1.950339E-14	1.802703E-16
5.420000E+03	1.941968E-14	1.792994E-16
5.430000E+03	1.931766E-14	1.782403E-16
5.440000E+03	1.919373E-14	1.770602E-16
5.450000E+03	1.905279E-14	1.758020E-16
5.460000E+03	1.890394E-14	1.745450E-16
5.470000E+03	1.875693E-14	1.733744E-16
5.480000E+03	1.862006E-14	1.723624E-16
5.490000E+03	1.850185E-14	1.715839E-16
5.500000E+03	1.841208E-14	1.711263E-16
5.510000E+03	1.835949E-14	1.710687E-16
5.520000E+03	1.835279E-14	1.714912E-16
5.530000E+03	1.839780E-14	1.724490E-16
5.540000E+03	1.849259E-14	1.739253E-16
5.550000E+03	1.863044E-14	1.758590E-16
5.560000E+03	1.880271E-14	1.781703E-16
5.570000E+03	1.899675E-14	1.807405E-16
5.580000E+03	1.919830E-14	1.834338E-16
5.590000E+03	1.939273E-14	1.861086E-16
5.600000E+03	1.956520E-14	1.886188E-16
5.610000E+03	1.970222E-14	1.908285E-16
5.620000E+03	1.979201E-14	1.926159E-16
5.630000E+03	1.982645E-14	1.938924E-16
5.640000E+03	1.980059E-14	1.945986E-16
5.650000E+03	1.971262E-14	1.947052E-16
5.660000E+03	1.956463E-14	1.942211E-16
5.670000E+03	1.936130E-14	1.931811E-16
5.680000E+03	1.911004E-14	1.916484E-16
5.690000E+03	1.882103E-14	1.897162E-16
5.700000E+03	1.850535E-14	1.874882E-16
5.710000E+03	1.817540E-14	1.850847E-16
5.720000E+03	1.784442E-14	1.826372E-16
5.730000E+03	1.752534E-14	1.802769E-16
5.740000E+03	1.723028E-14	1.781297E-16
5.750000E+03	1.697045E-14	1.763145E-16
5.760000E+03	1.675569E-14	1.749385E-16
5.770000E+03	1.659425E-14	1.740942E-16
5.780000E+03	1.649163E-14	1.738469E-16
5.790000E+03	1.645187E-14	1.742477E-16
5.800000E+03	1.647637E-14	1.753199E-16
5.810000E+03	1.656372E-14	1.770576E-16
5.820000E+03	1.671081E-14	1.794355E-16
5.830000E+03	1.691180E-14	1.823986E-16
5.840000E+03	1.715907E-14	1.858715E-16
5.850000E+03	1.744326E-14	1.897577E-16
5.860000E+03	1.775334E-14	1.939415E-16
5.870000E+03	1.807779E-14	1.982990E-16
5.880000E+03	1.840386E-14	2.026910E-16
5.890000E+03	1.871890E-14	2.069774E-16
5.900000E+03	1.900972E-14	2.110097E-16
5.910000E+03	1.926328E-14	2.146393E-16
5.920000E+03	1.946672E-14	2.177173E-16
5.930000E+03	1.960704E-14	2.200916E-16
5.940000E+03	1.967214E-14	2.216183E-16
5.950000E+03	1.965011E-14	2.221541E-16
5.960000E+03	1.953023E-14	2.215678E-16
5.970000E+03	1.930349E-14	2.197461E-16
5.980000E+03	1.896352E-14	2.166049E-16
5.990000E+03	1.850701E-14	2.120948E-16
6.000000E+03	1.793565E-14	2.062231E-16
6.010000E+03	1.725651E-14	1.990599E-16
6.020000E+03	1.648256E-14	1.907450E-16
6.030000E+03	1.563237E-14	1.814848E-16
6.040000E+03	1.472872E-14	1.715375E-16
6.050000E+03	1.379845E-14	1.612121E-16
6.060000E+03	1.286944E-14	1.508333E-16
6.070000E+03	1.196787E-14	1.407101E-16
6.080000E+03	1.111928E-14	1.311471E-16
6.090000E+03	1.034437E-14	1.223955E-16
6.100000E+03	9.658950E-15	1.146515E-16
6.110000E+03	9.074195E-15	1.080584E-16
6.120000E+03	8.597476E-15	1.027158E-16
6.130000E+03	8.232599E-15	9.868193E-17
6.140000E+03	7.980118E-15	9.597669E-17
6.150000E+03	7.839985E-15	9.461332E-17
6.160000E+03	7.812001E-15	9.460365E-17
6.170000E+03	7.894782E-15	9.594569E-17
6.180000E+03	8.087295E-15	9.864208E-17
6.190000E+03	8.388427E-15	1.026950E-16
6.200000E+03	8.795030E-15	1.080823E-16
6.210000E+03	9.301728E-15	1.147545E-16
6.220000E+03	9.900373E-15	1.226281E-16
6.230000E+03	1.057862E-14	1.315664E-16
6.240000E+03	1.131946E-14	1.413730E-16
6.250000E+03	1.210253E-14	1.518068E-16
6.260000E+03	1.290738E-14	1.626219E-16
6.270000E+03	1.371266E-14	1.735568E-16
6.280000E+03	1.449651E-14	1.843390E-16
6.290000E+03	1.523788E-14	1.947014E-16
6.300000E+03	1.591835E-14	2.044050E-16
6.310000E+03	1.652104E-14	2.132256E-16
6.320000E+03	1.703410E-14	2.209978E-16
6.330000E+03	1.744950E-14	2.276002E-16
6.340000E+03	1.776311E-14	2.329594E-16
6.350000E+03	1.797489E-14	2.370530E-16
6.360000E+03	1.808832E-14	2.399041E-16
6.370000E+03	1.810917E-14	2.415667E-16
6.380000E+03	1.804479E-14	2.421164E-16
6.390000E+03	1.790359E-14	2.416446E-16
6.400000E+03	1.769471E-14	2.402550E-16
6.410000E+03	1.742680E-14	2.380468E-16
6.420000E+03	1.710900E-14	2.351285E-16
6.430000E+03	1.675026E-14	2.316086E-16
6.440000E+03	1.635984E-14	2.276029E-16
6.450000E+03	1.594771E-14	2.232406E-16
6.460000E+03	1.552319E-14	2.186445E-16
6.470000E+03	1.509700E-14	2.139613E-16
6.480000E+03	1.467940E-14	2.093345E-16
6.490000E+03	1.428001E-14	2.049024E-16
6.500000E+03	1.390892E-14	2.008138E-16
6.510000E+03	1.357508E-14	1.972046E-16
6.520000E+03	1.328588E-14	1.941914E-16
6.530000E+03	1.304713E-14	1.918704E-16
6.540000E+03	1.285807E-14	1.902426E-16
6.550000E+03	1.270990E-14	1.891895E-16
6.560000E+03	1.259305E-14	1.885777E-16
6.570000E+03	1.249840E-14	1.882773E-16
6.580000E+03	1.241644E-14	1.881495E-16
6.590000E+03	1.234000E-14	1.880873E-16
6.600000E+03	1.226278E-14	1.879951E-16
6.610000E+03	1.217962E-14	1.877921E-16
6.620000E+03	1.208716E-14	1.874241E-16
6.630000E+03	1.198292E-14	1.868494E-16
6.640000E+03	1.186580E-14	1.860470E-16
6.650000E+03	1.173563E-14	1.850107E-16
6.660000E+03	1.159332E-14	1.837507E-16
6.670000E+03	1.143975E-14	1.822778E-16
6.680000E+03	1.127664E-14	1.806166E-16
6.690000E+03	1.110603E-14	1.787973E-16
6.700000E+03	1.092971E-14	1.768469E-16
6.710000E+03	1.074925E-14	1.747897E-16
6.720000E+03	1.056681E-14	1.726598E-16
6.730000E+03	1.038359E-14	1.704766E-16
6.740000E+03	1.020155E-14	1.682723E-16
6.750000E+03	1.002184E-14	1.660668E-16
6.760000E+03	9.845432E-15	1.638767E-16
6.770000E+03	9.673811E-15	1.617280E-16
6.780000E+03	9.507542E-15	1.596315E-16
6.790000E+03	9.347475E-15	1.576030E-16
6.800000E+03	9.194279E-15	1.556555E-16
6.810000E+03	9.048416E-15	1.537986E-16
6.820000E+03	8.910011E-15	1.520362E-16
6.830000E+03	8.779596E-15	1.503792E-16
6.840000E+03	8.657256E-15	1.488312E-16
6.850000E+03	8.543209E-15	1.473975E-16
6.860000E+03	8.437281E-15	1.460771E-16
6.870000E+03	8.339336E-15	1.448695E-16
6.880000E+03	8.249253E-15	1.437740E-16
6.890000E+03	8.166351E-15	1.427805E-16
6.900000E+03	8.090454E-15	1.418872E-16
6.910000E+03	8.020854E-15	1.410832E-16
6.920000E+03	7.956931E-15	1.403586E-16
6.930000E+03	7.897999E-15	1.397023E-16
6.940000E+03	7.843347E-15	1.391027E-16
6.950000E+03	7.792193E-15	1.385467E-16
6.960000E+03	7.744036E-15	1.380258E-16
6.970000E+03	7.698247E-15	1.375296E-16
6.980000E+03	7.654365E-15	1.370501E-16
6.990000E+03	7.611657E-15	1.365746E-16
7.000000E+03	7.570153E-15	1.361040E-16
7.010000E+03	7.529178E-15	1.356265E-16
7.020000E+03	7.488804E-15	1.351434E-16
7.030000E+03	7.448660E-15	1.346485E-16
7.040000E+03	7.408669E-15	1.341406E-16
7.050000E+03	7.368734E-15	1.336180E-16
7.060000E+03	7.328727E-15	1.330787E-16
7.070000E+03	7.288472E-15	1.325198E-16
7.080000E+03	7.248053E-15	1.319429E-16
7.090000E+03	7.207383E-15	1.313468E-16
7.100000E+03	7.166330E-15	1.307292E-16
7.110000E+03	7.125037E-15	1.300931E-16
7.120000E+03	7.083333E-15	1.294356E-16
7.130000E+03	7.041275E-15	1.287579E-16
7.140000E+03	6.998897E-15	1.280611E-16
7.150000E+03	6.956300E-15	1.273472E-16
7.160000E+03	6.913105E-15	1.266096E-16
7.170000E+03	6.869136E-15	1.258455E-16
7.180000E+03	6.824408E-15	1.250553E-16
7.190000E+03	6.778273E-15	1.242276E-16
7.200000E+03	6.730264E-15	1.233542E-16
7.210000E+03	6.679959E-15	1.224277E-16
7.220000E+03	6.626576E-15	1.214342E-16
7.230000E+03	6.569379E-15	1.203606E-16
7.240000E+03	6.507546E-15	1.191924E-16
7.250000E+03	6.440241E-15	1.179147E-16
7.260000E+03	6.366703E-15	1.165144E-16
7.270000E+03	6.285744E-15	1.149702E-16
7.280000E+03	6.196816E-15	1.132730E-16
7.290000E+03	6.099012E-15	1.114071E-16
7.300000E+03	5.991673E-15	1.093614E-16
7.310000E+03	5.874522E-15	1.071319E-16
7.320000E+03	5.747226E-15	1.047138E-16
7.330000E+03	5.609984E-15	1.021117E-16
7.340000E+03	5.463313E-15	9.933656E-17
7.350000E+03	5.308159E-15	9.640673E-17
7.360000E+03	5.145653E-15	9.334407E-17
7.370000E+03	4.977472E-15	9.018020E-17
7.380000E+03	4.805304E-15	8.694686E-17
7.390000E+03	4.631493E-15	8.368743E-17
7.400000E+03	4.458312E-15	8.044382E-17
7.410000E+03	4.288008E-15	7.725716E-17
7.420000E+03	4.123219E-15	7.417538E-17
7.430000E+03	3.966249E-15	7.124004E-17
7.440000E+03	3.819443E-15	6.849312E-17
7.450000E+03	3.684761E-15	6.596937E-17
7.460000E+03	3.564229E-15	6.370442E-17
7.470000E+03	3.459271E-15	6.172286E-17
7.480000E+03	3.371412E-15	6.005077E-17
7.490000E+03	3.301478E-15	5.870165E-17
7.500000E+03	3.250347E-15	5.768969E-17
7.510000E+03	3.218412E-15	5.702034E-17
7.520000E+03	3.205660E-15	5.669181E-17
7.530000E+03	3.211953E-15	5.670008E-17
7.540000E+03	3.236627E-15	5.703183E-17
7.550000E+03	3.279152E-15	5.767616E-17
7.560000E+03	3.338514E-15	5.861372E-17
7.570000E+03	3.413503E-15	5.982195E-17
7.580000E+03	3.502525E-15	6.127173E-17
7.590000E+03	3.603827E-15	6.293139E-17
7.600000E+03	3.715140E-15	6.476063E-17
7.610000E+03	3.833947E-15	6.671506E-17
7.620000E+03	3.957548E-15	6.874757E-17
7.630000E+03	4.082900E-15	7.080544E-17
7.640000E+03	4.207315E-15	7.284250E-17
7.650000E+03	4.328607E-15	7.482167E-17
7.660000E+03	4.445587E-15	7.672332E-17
7.670000E+03	4.556950E-15	7.852595E-17
7.680000E+03	4.661822E-15	8.021569E-17
7.690000E+03	4.759373E-15	8.177951E-17
7.700000E+03	4.849226E-15	8.321222E-17
7.710000E+03	4.931215E-15	8.451227E-17
7.720000E+03	5.005678E-15	8.568676E-17
7.730000E+03	5.072760E-15	8.673944E-17
7.740000E+03	5.133526E-15	8.768969E-17
7.750000E+03	5.188385E-15	8.854567E-17
7.760000E+03	5.238208E-15	8.932329E-17
7.770000E+03	5.283630E-15	9.003444E-17
7.780000E+03	5.325123E-15	9.068810E-17
7.790000E+03	5.363200E-15	9.129399E-17
7.800000E+03	5.397915E-15	9.185392E-17
7.810000E+03	5.429286E-15	9.236912E-17
7.820000E+03	5.457387E-15	9.284168E-17
7.830000E+03	5.482156E-15	9.327142E-17
7.840000E+03	5.503131E-15	9.365125E-17
7.850000E+03	5.519968E-15	9.397609E-17
7.860000E+03	5.532552E-15	9.424468E-17
7.870000E+03	5.540372E-15	9.444890E-17
7.880000E+03	5.542711E-15	9.457708E-17
7.890000E+03	5.539226E-15	9.462376E-17
7.900000E+03	5.529162E-15	9.457627E-17
7.910000E+03	5.511828E-15	9.442289E-17
7.920000E+03	5.486453E-15	9.415024E-17
7.930000E+03	5.452054E-15	9.374107E-17
7.940000E+03	5.407640E-15	9.317758E-17
7.950000E+03	5.352543E-15	9.244723E-17
7.960000E+03	5.286049E-15	9.153628E-17
7.970000E+03	5.207234E-15	9.042684E-17
7.980000E+03	5.115966E-15	8.911438E-17
7.990000E+03	5.011925E-15	8.759068E-17
8.000000E+03	4.895094E-15	8.585230E-17
8.010000E+03	4.766154E-15	8.390779E-17
8.020000E+03	4.625660E-15	8.176319E-17
8.030000E+03	4.474915E-15	7.943763E-17
8.040000E+03	4.315559E-15	7.695596E-17
8.050000E+03	4.149169E-15	7.434181E-17
8.060000E+03	3.978256E-15	7.163603E-17
8.070000E+03	3.805003E-15	6.887422E-17
8.080000E+03	3.631402E-15	6.608938E-17
8.090000E+03	3.459805E-15	6.332185E-17
8.100000E+03	3.291938E-15	6.060155E-17
8.110000E+03	3.129549E-15	5.795961E-17
8.120000E+03	2.974246E-15	5.542555E-17
8.130000E+03	2.827307E-15	5.302368E-17
8.140000E+03	2.689910E-15	5.077719E-17
8.150000E+03	2.562891E-15	4.870369E-17
8.160000E+03	2.446714E-15	4.681432E-17
8.170000E+03	2.341917E-15	4.512219E-17
8.180000E+03	2.248543E-15	4.363136E-17
8.190000E+03	2.166770E-15	4.234885E-17
8.200000E+03	2.096407E-15	4.127476E-17
8.210000E+03	2.037361E-15	4.041128E-17
8.220000E+03	1.989378E-15	3.975754E-17
8.230000E+03	1.952312E-15	3.931500E-17
8.240000E+03	1.925900E-15	3.908277E-17
8.250000E+03	1.910012E-15	3.906279E-17
8.260000E+03	1.904444E-15	3.925552E-17
8.270000E+03	1.909063E-15	3.966298E-17
8.280000E+03	1.923778E-15	4.028810E-17
8.290000E+03	1.948591E-15	4.113592E-17
8.300000E+03	1.983371E-15	4.220873E-17
8.310000E+03	2.028241E-15	4.351435E-17
8.320000E+03	2.083189E-15	4.505789E-17
8.330000E+03	2.148293E-15	4.684647E-17
8.340000E+03	2.223581E-15	4.888637E-17
8.350000E+03	2.309281E-15	5.118833E-17
8.360000E+03	2.405369E-15	5.375781E-17
8.370000E+03	2.511997E-15	5.660420E-17
8.380000E+03	2.629196E-15	5.973445E-17
8.390000E+03	2.756950E-15	6.315446E-17
8.400000E+03	2.895054E-15	6.686582E-17
8.410000E+03	3.043325E-15	7.087057E-17
8.420000E+03	3.201246E-15	7.516280E-17
8.430000E+03	3.368280E-15	7.973582E-17
8.440000E+03	3.543581E-15	8.457510E-17
8.450000E+03	3.725952E-15	8.965714E-17
8.460000E+03	3.914048E-15	9.495384E-17
8.470000E+03	4.106295E-15	1.004305E-16
8.480000E+03	4.301083E-15	1.060502E-16
8.490000E+03	4.496390E-15	1.117646E-16
8.500000E+03	4.690360E-15	1.175277E-16
8.510000E+03	4.880739E-15	1.232822E-16
8.520000E+03	5.065876E-15	1.289839E-16
8.530000E+03	5.243608E-15	1.345745E-16
8.540000E+03	5.412604E-15	1.400150E-16
8.550000E+03	5.571089E-15	1.452540E-16
8.560000E+03	5.718164E-15	1.502614E-16
8.570000E+03	5.852542E-15	1.549962E-16
8.580000E+03	5.973704E-15	1.594365E-16
8.590000E+03	6.081184E-15	1.635617E-16
8.600000E+03	6.174567E-15	1.673518E-16
8.610000E+03	6.253996E-15	1.708020E-16
8.620000E+03	6.319574E-15	1.739063E-16
8.630000E+03	6.371324E-15	1.766564E-16
8.640000E+03	6.409540E-15	1.790518E-16
8.650000E+03	6.434755E-15	1.810988E-16
8.660000E+03	6.447125E-15	1.827935E-16
8.670000E+03	6.447001E-15	1.841377E-16
8.680000E+03	6.434726E-15	1.851332E-16
8.690000E+03	6.410839E-15	1.857878E-16
8.700000E+03	6.375265E-15	1.860918E-16
8.710000E+03	6.328735E-15	1.860592E-16
8.720000E+03	6.271196E-15	1.856814E-16
8.730000E+03	6.203437E-15	1.849747E-16
8.740000E+03	6.125502E-15	1.839340E-16
8.750000E+03	6.038131E-15	1.825750E-16
8.760000E+03	5.941960E-15	1.809111E-16
8.770000E+03	5.837737E-15	1.789595E-16
8.780000E+03	5.726347E-15	1.767424E-16
8.790000E+03	5.608605E-15	1.742805E-16
8.800000E+03	5.486003E-15	1.716165E-16
8.810000E+03	5.359415E-15	1.687748E-16
8.820000E+03	5.230509E-15	1.658057E-16
8.830000E+03	5.100280E-15	1.627395E-16
8.840000E+03	4.970447E-15	1.596307E-16
8.850000E+03	4.842177E-15	1.565170E-16
8.860000E+03	4.716890E-15	1.534459E-16
8.870000E+03	4.595742E-15	1.504568E-16
8.880000E+03	4.479602E-15	1.475813E-16
8.890000E+03	4.369641E-15	1.448610E-16
8.900000E+03	4.266242E-15	1.423128E-16
8.910000E+03	4.170071E-15	1.399631E-16
8.920000E+03	4.081458E-15	1.378275E-16
8.930000E+03	4.000552E-15	1.359157E-16
8.940000E+03	3.927341E-15	1.342323E-16
8.950000E+03	3.861534E-15	1.327718E-16
8.960000E+03	3.803119E-15	1.315386E-16
8.970000E+03	3.751564E-15	1.305185E-16
8.980000E+03	3.706394E-15	1.296993E-16
8.990000E+03	3.667194E-15	1.290701E-16
9.000000E+03	3.633109E-15	1.286045E-16
9.040000E+03	3.538764E-15	1.281072E-16
9.080000E+03	3.486551E-15	1.289886E-16
9.120000E+03	3.455133E-15	1.305424E-16
9.160000E+03	3.434562E-15	1.324334E-16
9.200000E+03	3.420008E-15	1.344961E-16
9.240000E+03	3.405985E-15	1.365241E-16
9.280000E+03	3.383181E-15	1.381377E-16
9.320000E+03	3.339186E-15	1.388016E-16
9.360000E+03	3.263381E-15	1.380206E-16
9.400000E+03	3.151352E-15	1.355376E-16
9.440000E+03	3.006504E-15	1.314272E-16
9.480000E+03	2.837213E-15	1.259964E-16
9.520000E+03	2.653786E-15	1.196645E-16
9.560000E+03	2.465751E-15	1.128446E-16
9.600000E+03	2.281911E-15	1.059423E-16
9.640000E+03	2.110764E-15	9.937192E-17
9.680000E+03	1.958969E-15	9.348171E-17
9.720000E+03	1.830529E-15	8.850752E-17
9.760000E+03	1.726523E-15	8.455051E-17
9.800000E+03	1.644490E-15	8.153762E-17
9.840000E+03	1.581701E-15	7.937487E-17
9.880000E+03	1.535229E-15	7.795057E-17
9.920000E+03	1.502949E-15	7.718611E-17
9.960000E+03	1.482054E-15	7.696177E-17
1.000000E+04	1.468777E-15	7.710013E-17
1.004000E+04	1.459110E-15	7.740201E-17
1.008000E+04	1.449271E-15	7.767088E-17
1.012000E+04	1.436450E-15	7.775467E-17
1.016000E+04	1.419129E-15	7.756590E-17
1.020000E+04	1.396582E-15	7.705798E-17
1.024000E+04	1.369264E-15	7.624863E-17
1.028000E+04	1.338447E-15	7.520280E-17
1.032000E+04	1.305884E-15	7.401554E-17
