#wls	flux	fluxerr
1.600000E+03	9.675043E-16	4.637734E-17
1.640000E+03	8.730594E-16	4.141494E-17
1.680000E+03	7.839897E-16	3.679798E-17
1.720000E+03	7.007583E-16	3.254065E-17
1.760000E+03	6.240977E-16	2.866841E-17
1.800000E+03	5.541600E-16	2.517869E-17
1.840000E+03	4.911441E-16	2.207058E-17
1.880000E+03	4.350880E-16	1.933549E-17
1.920000E+03	3.859447E-16	1.696095E-17
1.960000E+03	3.434912E-16	1.492690E-17
2.000000E+03	3.074389E-16	1.321090E-17
2.040000E+03	2.775059E-16	1.179141E-17
2.080000E+03	2.534083E-16	1.064744E-17
2.120000E+03	2.349542E-16	9.762492E-18
2.160000E+03	2.222261E-16	9.131882E-18
2.200000E+03	2.153229E-16	8.751667E-18
2.240000E+03	2.146025E-16	8.628429E-18
2.280000E+03	2.205551E-16	8.773766E-18
2.320000E+03	2.337699E-16	9.202789E-18
2.360000E+03	2.548402E-16	9.930125E-18
2.400000E+03	2.846786E-16	1.098212E-17
2.440000E+03	3.242669E-16	1.238685E-17
2.480000E+03	3.745875E-16	1.417146E-17
2.520000E+03	4.362442E-16	1.634795E-17
2.560000E+03	5.090552E-16	1.889880E-17
2.600000E+03	5.917535E-16	2.176721E-17
2.640000E+03	6.816012E-16	2.484481E-17
2.680000E+03	7.756091E-16	2.801796E-17
2.720000E+03	8.707095E-16	3.117419E-17
2.760000E+03	9.638143E-16	3.420412E-17
2.800000E+03	1.051947E-15	3.700609E-17
2.840000E+03	1.132608E-15	3.949849E-17
2.880000E+03	1.204106E-15	4.163059E-17
2.920000E+03	1.265533E-15	4.338016E-17
2.960000E+03	1.317423E-15	4.477495E-17
3.000000E+03	1.361287E-15	4.587482E-17
3.010000E+03	1.371314E-15	4.611516E-17
3.020000E+03	1.380984E-15	4.634246E-17
3.030000E+03	1.390398E-15	4.656019E-17
3.040000E+03	1.399593E-15	4.676967E-17
3.050000E+03	1.408672E-15	4.697435E-17
3.060000E+03	1.417675E-15	4.717562E-17
3.070000E+03	1.426582E-15	4.737281E-17
3.080000E+03	1.435559E-15	4.757150E-17
3.090000E+03	1.444589E-15	4.777109E-17
3.100000E+03	1.453776E-15	4.797503E-17
3.110000E+03	1.463105E-15	4.818281E-17
3.120000E+03	1.472743E-15	4.839991E-17
3.130000E+03	1.482676E-15	4.862575E-17
3.140000E+03	1.493010E-15	4.886379E-17
3.150000E+03	1.503791E-15	4.911540E-17
3.160000E+03	1.515067E-15	4.938206E-17
3.170000E+03	1.526941E-15	4.966702E-17
3.180000E+03	1.539460E-15	4.997170E-17
3.190000E+03	1.552672E-15	5.029748E-17
3.200000E+03	1.566678E-15	5.064752E-17
3.210000E+03	1.581525E-15	5.102314E-17
3.220000E+03	1.597259E-15	5.142565E-17
3.230000E+03	1.613979E-15	5.185811E-17
3.240000E+03	1.631732E-15	5.232174E-17
3.250000E+03	1.650559E-15	5.281773E-17
3.260000E+03	1.670562E-15	5.334904E-17
3.270000E+03	1.691835E-15	5.391853E-17
3.280000E+03	1.714365E-15	5.452546E-17
3.290000E+03	1.738303E-15	5.517441E-17
3.300000E+03	1.763576E-15	5.586281E-17
3.310000E+03	1.790388E-15	5.659681E-17
3.320000E+03	1.818719E-15	5.737553E-17
3.330000E+03	1.848605E-15	5.819978E-17
3.340000E+03	1.880188E-15	5.907372E-17
3.350000E+03	1.913446E-15	5.999637E-17
3.360000E+03	1.948410E-15	6.096836E-17
3.370000E+03	1.985219E-15	6.199370E-17
3.380000E+03	2.023845E-15	6.307120E-17
3.390000E+03	2.064316E-15	6.420138E-17
3.400000E+03	2.106714E-15	6.538643E-17
3.410000E+03	2.151065E-15	6.662680E-17
3.420000E+03	2.197392E-15	6.792286E-17
3.430000E+03	2.245720E-15	6.927500E-17
3.440000E+03	2.296019E-15	7.068189E-17
3.450000E+03	2.348366E-15	7.214562E-17
3.460000E+03	2.402786E-15	7.366652E-17
3.470000E+03	2.459132E-15	7.523975E-17
3.480000E+03	2.517529E-15	7.686877E-17
3.490000E+03	2.577818E-15	7.854839E-17
3.500000E+03	2.639873E-15	8.027441E-17
3.510000E+03	2.703566E-15	8.204263E-17
3.520000E+03	2.768702E-15	8.384692E-17
3.530000E+03	2.835146E-15	8.568291E-17
3.540000E+03	2.902703E-15	8.754451E-17
3.550000E+03	2.971296E-15	8.942923E-17
3.560000E+03	3.040735E-15	9.133121E-17
3.570000E+03	3.110832E-15	9.324469E-17
3.580000E+03	3.181465E-15	9.516592E-17
3.590000E+03	3.252454E-15	9.708941E-17
3.600000E+03	3.323568E-15	9.900823E-17
3.610000E+03	3.394705E-15	1.009193E-16
3.620000E+03	3.465649E-15	1.028161E-16
3.630000E+03	3.536508E-15	1.047019E-16
3.640000E+03	3.607107E-15	1.065716E-16
3.650000E+03	3.677604E-15	1.084298E-16
3.660000E+03	3.748142E-15	1.102806E-16
3.670000E+03	3.818727E-15	1.121243E-16
3.680000E+03	3.889613E-15	1.139682E-16
3.690000E+03	3.961131E-15	1.158220E-16
3.700000E+03	4.033625E-15	1.176955E-16
3.710000E+03	4.107461E-15	1.195991E-16
3.720000E+03	4.183137E-15	1.215471E-16
3.730000E+03	4.261284E-15	1.235574E-16
3.740000E+03	4.342441E-15	1.256450E-16
3.750000E+03	4.427300E-15	1.278294E-16
3.760000E+03	4.516412E-15	1.301258E-16
3.770000E+03	4.610421E-15	1.325517E-16
3.780000E+03	4.709698E-15	1.351171E-16
3.790000E+03	4.814783E-15	1.378362E-16
3.800000E+03	4.925808E-15	1.407117E-16
3.810000E+03	5.042943E-15	1.437474E-16
3.820000E+03	5.166097E-15	1.469395E-16
3.830000E+03	5.294962E-15	1.502782E-16
3.840000E+03	5.428916E-15	1.537446E-16
3.850000E+03	5.567162E-15	1.573154E-16
3.860000E+03	5.708731E-15	1.609623E-16
3.870000E+03	5.852346E-15	1.646488E-16
3.880000E+03	5.996368E-15	1.683285E-16
3.890000E+03	6.139294E-15	1.719591E-16
3.900000E+03	6.279286E-15	1.754895E-16
3.910000E+03	6.414528E-15	1.788696E-16
3.920000E+03	6.543234E-15	1.820505E-16
3.930000E+03	6.663798E-15	1.849890E-16
3.940000E+03	6.774537E-15	1.876399E-16
3.950000E+03	6.874250E-15	1.899718E-16
3.960000E+03	6.962027E-15	1.919618E-16
3.970000E+03	7.037031E-15	1.935892E-16
3.980000E+03	7.099114E-15	1.948522E-16
3.990000E+03	7.148142E-15	1.957498E-16
4.000000E+03	7.184665E-15	1.962994E-16
4.010000E+03	7.209210E-15	1.965177E-16
4.020000E+03	7.222910E-15	1.964381E-16
4.030000E+03	7.226781E-15	1.960901E-16
4.040000E+03	7.222334E-15	1.955165E-16
4.050000E+03	7.210927E-15	1.947558E-16
4.060000E+03	7.193967E-15	1.938470E-16
4.070000E+03	7.173090E-15	1.928355E-16
4.080000E+03	7.149635E-15	1.917579E-16
4.090000E+03	7.124848E-15	1.906482E-16
4.100000E+03	7.100010E-15	1.895409E-16
4.110000E+03	7.076243E-15	1.884659E-16
4.120000E+03	7.054181E-15	1.874400E-16
4.130000E+03	7.034720E-15	1.864868E-16
4.140000E+03	7.018162E-15	1.856139E-16
4.150000E+03	7.004739E-15	1.848270E-16
4.160000E+03	6.994460E-15	1.841258E-16
4.170000E+03	6.987126E-15	1.835046E-16
4.180000E+03	6.982271E-15	1.829509E-16
4.190000E+03	6.979415E-15	1.824518E-16
4.200000E+03	6.977728E-15	1.819853E-16
4.210000E+03	6.976515E-15	1.815335E-16
4.220000E+03	6.974817E-15	1.810712E-16
4.230000E+03	6.971810E-15	1.805777E-16
4.240000E+03	6.966706E-15	1.800327E-16
4.250000E+03	6.958643E-15	1.794147E-16
4.260000E+03	6.947003E-15	1.787084E-16
4.270000E+03	6.931229E-15	1.779003E-16
4.280000E+03	6.910924E-15	1.769811E-16
4.290000E+03	6.885878E-15	1.759463E-16
4.300000E+03	6.856023E-15	1.747952E-16
4.310000E+03	6.821657E-15	1.735364E-16
4.320000E+03	6.783125E-15	1.721793E-16
4.330000E+03	6.741295E-15	1.707470E-16
4.340000E+03	6.697022E-15	1.692615E-16
4.350000E+03	6.651603E-15	1.677562E-16
4.360000E+03	6.606482E-15	1.662676E-16
4.370000E+03	6.563540E-15	1.648431E-16
4.380000E+03	6.525772E-15	1.635574E-16
4.390000E+03	6.496125E-15	1.624836E-16
4.400000E+03	6.477786E-15	1.617001E-16
4.410000E+03	6.473658E-15	1.612777E-16
4.420000E+03	6.486425E-15	1.612809E-16
4.430000E+03	6.518562E-15	1.617688E-16
4.440000E+03	6.572181E-15	1.627908E-16
4.450000E+03	6.649060E-15	1.643878E-16
4.460000E+03	6.750602E-15	1.665916E-16
4.470000E+03	6.877794E-15	1.694230E-16
4.480000E+03	7.031068E-15	1.728897E-16
4.490000E+03	7.210363E-15	1.769868E-16
4.500000E+03	7.414894E-15	1.816921E-16
4.510000E+03	7.643133E-15	1.869653E-16
4.520000E+03	7.892717E-15	1.927463E-16
4.530000E+03	8.160306E-15	1.989515E-16
4.540000E+03	8.441714E-15	2.054771E-16
4.550000E+03	8.731856E-15	2.121986E-16
4.560000E+03	9.024689E-15	2.189689E-16
4.570000E+03	9.313714E-15	2.256307E-16
4.580000E+03	9.592006E-15	2.320174E-16
4.590000E+03	9.852529E-15	2.379609E-16
4.600000E+03	1.008882E-14	2.433077E-16
4.610000E+03	1.029492E-14	2.479172E-16
4.620000E+03	1.046627E-14	2.516836E-16
4.630000E+03	1.059961E-14	2.545323E-16
4.640000E+03	1.069316E-14	2.564247E-16
4.650000E+03	1.074711E-14	2.573694E-16
4.660000E+03	1.076273E-14	2.574009E-16
4.670000E+03	1.074317E-14	2.565982E-16
4.680000E+03	1.069229E-14	2.550562E-16
4.690000E+03	1.061484E-14	2.528913E-16
4.700000E+03	1.051601E-14	2.502292E-16
4.710000E+03	1.040104E-14	2.471958E-16
4.720000E+03	1.027520E-14	2.439179E-16
4.730000E+03	1.014363E-14	2.405175E-16
4.740000E+03	1.001076E-14	2.371004E-16
4.750000E+03	9.880528E-15	2.337591E-16
4.760000E+03	9.756320E-15	2.305735E-16
4.770000E+03	9.640455E-15	2.275977E-16
4.780000E+03	9.534941E-15	2.248782E-16
4.790000E+03	9.440881E-15	2.224401E-16
4.800000E+03	9.358885E-15	2.202968E-16
4.810000E+03	9.289010E-15	2.184489E-16
4.820000E+03	9.230678E-15	2.168817E-16
4.830000E+03	9.182840E-15	2.155701E-16
4.840000E+03	9.144212E-15	2.144831E-16
4.850000E+03	9.113161E-15	2.135819E-16
4.860000E+03	9.087911E-15	2.128247E-16
4.870000E+03	9.066510E-15	2.121653E-16
4.880000E+03	9.046790E-15	2.115529E-16
4.890000E+03	9.026596E-15	2.109369E-16
4.900000E+03	9.003608E-15	2.102628E-16
4.910000E+03	8.975766E-15	2.094826E-16
4.920000E+03	8.941127E-15	2.085511E-16
4.930000E+03	8.898067E-15	2.074304E-16
4.940000E+03	8.845482E-15	2.060950E-16
4.950000E+03	8.782634E-15	2.045279E-16
4.960000E+03	8.709485E-15	2.027283E-16
4.970000E+03	8.626804E-15	2.007142E-16
4.980000E+03	8.535650E-15	1.985104E-16
4.990000E+03	8.437822E-15	1.961586E-16
5.000000E+03	8.335749E-15	1.937152E-16
5.010000E+03	8.231809E-15	1.912354E-16
5.020000E+03	8.129090E-15	1.887906E-16
5.030000E+03	8.030384E-15	1.864454E-16
5.040000E+03	7.938635E-15	1.842679E-16
5.050000E+03	7.856777E-15	1.823259E-16
5.060000E+03	7.787504E-15	1.806814E-16
5.070000E+03	7.733235E-15	1.793903E-16
5.080000E+03	7.696243E-15	1.785050E-16
5.090000E+03	7.678564E-15	1.780726E-16
5.100000E+03	7.681990E-15	1.781342E-16
5.110000E+03	7.708144E-15	1.787275E-16
5.120000E+03	7.758170E-15	1.798790E-16
5.130000E+03	7.833242E-15	1.816157E-16
5.140000E+03	7.933938E-15	1.839514E-16
5.150000E+03	8.060648E-15	1.868953E-16
5.160000E+03	8.213550E-15	1.904518E-16
5.170000E+03	8.391977E-15	1.946059E-16
5.180000E+03	8.595166E-15	1.993404E-16
5.190000E+03	8.821547E-15	2.046197E-16
5.200000E+03	9.069110E-15	2.103977E-16
5.210000E+03	9.334943E-15	2.166078E-16
5.220000E+03	9.615761E-15	2.231746E-16
5.230000E+03	9.907610E-15	2.300071E-16
5.240000E+03	1.020594E-14	2.370006E-16
5.250000E+03	1.050593E-14	2.440442E-16
5.260000E+03	1.080272E-14	2.510254E-16
5.270000E+03	1.109124E-14	2.578271E-16
5.280000E+03	1.136681E-14	2.643413E-16
5.290000E+03	1.162504E-14	2.704661E-16
5.300000E+03	1.186243E-14	2.761203E-16
5.310000E+03	1.207600E-14	2.812343E-16
5.320000E+03	1.226379E-14	2.857627E-16
5.330000E+03	1.242436E-14	2.896712E-16
5.340000E+03	1.255735E-14	2.929511E-16
5.350000E+03	1.266299E-14	2.956072E-16
5.360000E+03	1.274195E-14	2.976542E-16
5.370000E+03	1.279548E-14	2.991207E-16
5.380000E+03	1.282478E-14	3.000337E-16
5.390000E+03	1.283151E-14	3.004309E-16
5.400000E+03	1.281717E-14	3.003470E-16
5.410000E+03	1.278302E-14	2.998100E-16
5.420000E+03	1.273061E-14	2.988557E-16
5.430000E+03	1.266086E-14	2.975040E-16
5.440000E+03	1.257436E-14	2.957677E-16
5.450000E+03	1.246996E-14	2.936176E-16
5.460000E+03	1.234603E-14	2.910137E-16
5.470000E+03	1.220133E-14	2.879242E-16
5.480000E+03	1.203520E-14	2.843318E-16
5.490000E+03	1.184772E-14	2.802354E-16
5.500000E+03	1.163948E-14	2.756466E-16
5.510000E+03	1.141157E-14	2.705884E-16
5.520000E+03	1.116598E-14	2.651058E-16
5.530000E+03	1.090503E-14	2.592513E-16
5.540000E+03	1.063126E-14	2.530831E-16
5.550000E+03	1.034807E-14	2.466802E-16
5.560000E+03	1.005852E-14	2.401138E-16
5.570000E+03	9.766004E-15	2.334637E-16
5.580000E+03	9.474114E-15	2.268147E-16
5.590000E+03	9.185990E-15	2.202414E-16
5.600000E+03	8.904951E-15	2.138232E-16
5.610000E+03	8.634059E-15	2.076338E-16
5.620000E+03	8.376186E-15	2.017429E-16
5.630000E+03	8.134070E-15	1.962173E-16
5.640000E+03	7.910049E-15	1.911148E-16
5.650000E+03	7.706307E-15	1.864899E-16
5.660000E+03	7.524858E-15	1.823932E-16
5.670000E+03	7.367315E-15	1.788662E-16
5.680000E+03	7.235199E-15	1.759483E-16
5.690000E+03	7.129724E-15	1.736719E-16
5.700000E+03	7.051865E-15	1.720638E-16
5.710000E+03	7.002375E-15	1.711455E-16
5.720000E+03	6.981770E-15	1.709331E-16
5.730000E+03	6.990395E-15	1.714384E-16
5.740000E+03	7.028183E-15	1.726636E-16
5.750000E+03	7.094832E-15	1.746049E-16
5.760000E+03	7.189769E-15	1.772518E-16
5.770000E+03	7.311850E-15	1.805797E-16
5.780000E+03	7.459679E-15	1.845578E-16
5.790000E+03	7.631058E-15	1.891350E-16
5.800000E+03	7.823153E-15	1.942443E-16
5.810000E+03	8.032685E-15	1.998069E-16
5.820000E+03	8.255503E-15	2.057219E-16
5.830000E+03	8.486583E-15	2.118658E-16
5.840000E+03	8.720728E-15	2.181101E-16
5.850000E+03	8.951806E-15	2.243015E-16
5.860000E+03	9.173766E-15	2.302880E-16
5.870000E+03	9.380120E-15	2.359054E-16
5.880000E+03	9.565016E-15	2.410041E-16
5.890000E+03	9.722837E-15	2.454394E-16
5.900000E+03	9.848997E-15	2.490919E-16
5.910000E+03	9.939882E-15	2.518653E-16
5.920000E+03	9.993008E-15	2.536918E-16
5.930000E+03	1.000756E-14	2.545453E-16
5.940000E+03	9.983699E-15	2.544241E-16
5.950000E+03	9.922893E-15	2.533604E-16
5.960000E+03	9.827726E-15	2.514146E-16
5.970000E+03	9.701321E-15	2.486619E-16
5.980000E+03	9.547648E-15	2.451993E-16
5.990000E+03	9.370509E-15	2.411205E-16
6.000000E+03	9.174232E-15	2.365336E-16
6.010000E+03	8.962771E-15	2.315375E-16
6.020000E+03	8.740171E-15	2.262346E-16
6.030000E+03	8.510120E-15	2.207186E-16
6.040000E+03	8.276368E-15	2.150857E-16
6.050000E+03	8.042449E-15	2.094271E-16
6.060000E+03	7.811723E-15	2.038303E-16
6.070000E+03	7.587759E-15	1.983890E-16
6.080000E+03	7.373782E-15	1.931884E-16
6.090000E+03	7.172932E-15	1.883126E-16
6.100000E+03	6.988475E-15	1.838492E-16
6.110000E+03	6.823149E-15	1.798731E-16
6.120000E+03	6.679622E-15	1.764578E-16
6.130000E+03	6.560259E-15	1.736693E-16
6.140000E+03	6.466994E-15	1.715629E-16
6.150000E+03	6.401364E-15	1.701837E-16
6.160000E+03	6.364388E-15	1.695638E-16
6.170000E+03	6.356526E-15	1.697201E-16
6.180000E+03	6.377947E-15	1.706624E-16
6.190000E+03	6.428570E-15	1.723938E-16
6.200000E+03	6.507351E-15	1.748913E-16
6.210000E+03	6.613040E-15	1.781263E-16
6.220000E+03	6.743397E-15	1.820432E-16
6.230000E+03	6.895853E-15	1.865769E-16
6.240000E+03	7.067245E-15	1.916458E-16
6.250000E+03	7.253881E-15	1.971531E-16
6.260000E+03	7.452842E-15	2.030223E-16
6.270000E+03	7.660840E-15	2.091658E-16
6.280000E+03	7.874469E-15	2.154923E-16
6.290000E+03	8.090564E-15	2.219161E-16
6.300000E+03	8.305680E-15	2.283431E-16
6.310000E+03	8.516542E-15	2.346828E-16
6.320000E+03	8.720133E-15	2.408513E-16
6.330000E+03	8.913446E-15	2.467638E-16
6.340000E+03	9.093860E-15	2.523457E-16
6.350000E+03	9.259234E-15	2.575350E-16
6.360000E+03	9.407575E-15	2.622730E-16
6.370000E+03	9.537673E-15	2.665227E-16
6.380000E+03	9.648247E-15	2.702444E-16
6.390000E+03	9.738780E-15	2.734197E-16
6.400000E+03	9.809122E-15	2.760402E-16
6.410000E+03	9.859300E-15	2.781027E-16
6.420000E+03	9.889575E-15	2.796103E-16
6.430000E+03	9.900376E-15	2.805711E-16
6.440000E+03	9.892100E-15	2.809923E-16
6.450000E+03	9.865320E-15	2.808863E-16
6.460000E+03	9.820344E-15	2.802580E-16
6.470000E+03	9.757849E-15	2.791230E-16
6.480000E+03	9.678089E-15	2.774850E-16
6.490000E+03	9.581556E-15	2.753544E-16
6.500000E+03	9.468609E-15	2.727382E-16
6.510000E+03	9.339774E-15	2.696481E-16
6.520000E+03	9.195527E-15	2.660947E-16
6.530000E+03	9.036704E-15	2.620989E-16
6.540000E+03	8.863989E-15	2.576778E-16
6.550000E+03	8.678296E-15	2.528550E-16
6.560000E+03	8.480767E-15	2.476613E-16
6.570000E+03	8.272669E-15	2.421314E-16
6.580000E+03	8.055849E-15	2.363174E-16
6.590000E+03	7.832007E-15	2.302674E-16
6.600000E+03	7.603108E-15	2.240380E-16
6.610000E+03	7.371209E-15	2.176890E-16
6.620000E+03	7.138485E-15	2.112841E-16
6.630000E+03	6.906856E-15	2.048803E-16
6.640000E+03	6.678425E-15	1.985403E-16
6.650000E+03	6.454647E-15	1.923081E-16
6.660000E+03	6.237350E-15	1.862393E-16
6.670000E+03	6.027757E-15	1.803718E-16
6.680000E+03	5.826946E-15	1.747395E-16
6.690000E+03	5.635853E-15	1.693723E-16
6.700000E+03	5.455018E-15	1.642886E-16
6.710000E+03	5.284954E-15	1.595057E-16
6.720000E+03	5.125830E-15	1.550309E-16
6.730000E+03	4.977825E-15	1.508719E-16
6.740000E+03	4.840986E-15	1.470323E-16
6.750000E+03	4.715033E-15	1.435057E-16
6.760000E+03	4.599828E-15	1.402901E-16
6.770000E+03	4.495092E-15	1.373791E-16
6.780000E+03	4.400556E-15	1.347664E-16
6.790000E+03	4.315775E-15	1.324404E-16
6.800000E+03	4.240332E-15	1.303902E-16
6.810000E+03	4.173777E-15	1.286037E-16
6.820000E+03	4.115696E-15	1.270698E-16
6.830000E+03	4.065582E-15	1.257744E-16
6.840000E+03	4.022838E-15	1.247006E-16
6.850000E+03	3.986910E-15	1.238326E-16
6.860000E+03	3.957288E-15	1.231557E-16
6.870000E+03	3.933385E-15	1.226530E-16
6.880000E+03	3.914545E-15	1.223049E-16
6.890000E+03	3.900242E-15	1.220960E-16
6.900000E+03	3.889896E-15	1.220089E-16
6.910000E+03	3.882885E-15	1.220249E-16
6.920000E+03	3.878750E-15	1.221301E-16
6.930000E+03	3.876947E-15	1.223079E-16
6.940000E+03	3.877111E-15	1.225473E-16
6.950000E+03	3.878883E-15	1.228373E-16
6.960000E+03	3.881962E-15	1.231686E-16
6.970000E+03	3.886059E-15	1.235324E-16
6.980000E+03	3.891075E-15	1.239256E-16
6.990000E+03	3.896844E-15	1.243433E-16
7.000000E+03	3.903383E-15	1.247861E-16
7.010000E+03	3.910686E-15	1.252541E-16
7.020000E+03	3.918783E-15	1.257483E-16
7.030000E+03	3.927653E-15	1.262684E-16
7.040000E+03	3.937421E-15	1.268185E-16
7.050000E+03	3.948075E-15	1.273984E-16
7.060000E+03	3.959799E-15	1.280143E-16
7.070000E+03	3.972483E-15	1.286629E-16
7.080000E+03	3.986124E-15	1.293444E-16
7.090000E+03	4.000760E-15	1.300601E-16
7.100000E+03	4.016321E-15	1.308082E-16
7.110000E+03	4.032700E-15	1.315853E-16
7.120000E+03	4.049683E-15	1.323846E-16
7.130000E+03	4.067164E-15	1.332028E-16
7.140000E+03	4.084946E-15	1.340338E-16
7.150000E+03	4.102737E-15	1.348679E-16
7.160000E+03	4.120462E-15	1.357029E-16
7.170000E+03	4.137755E-15	1.365266E-16
7.180000E+03	4.154481E-15	1.373348E-16
7.190000E+03	4.170455E-15	1.381211E-16
7.200000E+03	4.185581E-15	1.388825E-16
7.210000E+03	4.199628E-15	1.396111E-16
7.220000E+03	4.212449E-15	1.403019E-16
7.230000E+03	4.223892E-15	1.409498E-16
7.240000E+03	4.233866E-15	1.415515E-16
7.250000E+03	4.242165E-15	1.421000E-16
7.260000E+03	4.248539E-15	1.425866E-16
7.270000E+03	4.252687E-15	1.430010E-16
7.280000E+03	4.254245E-15	1.433305E-16
7.290000E+03	4.252887E-15	1.435638E-16
7.300000E+03	4.248172E-15	1.436854E-16
7.310000E+03	4.239638E-15	1.436791E-16
7.320000E+03	4.226835E-15	1.435289E-16
7.330000E+03	4.209513E-15	1.432256E-16
7.340000E+03	4.187159E-15	1.427508E-16
7.350000E+03	4.159602E-15	1.420977E-16
7.360000E+03	4.126792E-15	1.412635E-16
7.370000E+03	4.088734E-15	1.402475E-16
7.380000E+03	4.045593E-15	1.390541E-16
7.390000E+03	3.997703E-15	1.376938E-16
7.400000E+03	3.945570E-15	1.361830E-16
7.410000E+03	3.889947E-15	1.345469E-16
7.420000E+03	3.831512E-15	1.328081E-16
7.430000E+03	3.771320E-15	1.310026E-16
7.440000E+03	3.710387E-15	1.291654E-16
7.450000E+03	3.650039E-15	1.273425E-16
7.460000E+03	3.591336E-15	1.255710E-16
7.470000E+03	3.535486E-15	1.238936E-16
7.480000E+03	3.483714E-15	1.223538E-16
7.490000E+03	3.436924E-15	1.209845E-16
7.500000E+03	3.396164E-15	1.198237E-16
7.510000E+03	3.361943E-15	1.188909E-16
7.520000E+03	3.334913E-15	1.182107E-16
7.530000E+03	3.315289E-15	1.177926E-16
7.540000E+03	3.302985E-15	1.176353E-16
7.550000E+03	3.297962E-15	1.177395E-16
7.560000E+03	3.299757E-15	1.180902E-16
7.570000E+03	3.307780E-15	1.186682E-16
7.580000E+03	3.321205E-15	1.194452E-16
7.590000E+03	3.339141E-15	1.203906E-16
7.600000E+03	3.360608E-15	1.214702E-16
7.610000E+03	3.384648E-15	1.226502E-16
7.620000E+03	3.410009E-15	1.238859E-16
7.630000E+03	3.435912E-15	1.251493E-16
7.640000E+03	3.461285E-15	1.264013E-16
7.650000E+03	3.485360E-15	1.276138E-16
7.660000E+03	3.507346E-15	1.287574E-16
7.670000E+03	3.526676E-15	1.298104E-16
7.680000E+03	3.543013E-15	1.307599E-16
7.690000E+03	3.556028E-15	1.315926E-16
7.700000E+03	3.565610E-15	1.323034E-16
7.710000E+03	3.571864E-15	1.328952E-16
7.720000E+03	3.574847E-15	1.333691E-16
7.730000E+03	3.574781E-15	1.337323E-16
7.740000E+03	3.571952E-15	1.339945E-16
7.750000E+03	3.566763E-15	1.341700E-16
7.760000E+03	3.559471E-15	1.342677E-16
7.770000E+03	3.550403E-15	1.342991E-16
7.780000E+03	3.539937E-15	1.342782E-16
7.790000E+03	3.528249E-15	1.342108E-16
7.800000E+03	3.515621E-15	1.341075E-16
7.810000E+03	3.502114E-15	1.339701E-16
7.820000E+03	3.487883E-15	1.338042E-16
7.830000E+03	3.472861E-15	1.336070E-16
7.840000E+03	3.457079E-15	1.333792E-16
7.850000E+03	3.440513E-15	1.331196E-16
7.860000E+03	3.422858E-15	1.328160E-16
7.870000E+03	3.404005E-15	1.324639E-16
7.880000E+03	3.383818E-15	1.320573E-16
7.890000E+03	3.361979E-15	1.315833E-16
7.900000E+03	3.338315E-15	1.310344E-16
7.910000E+03	3.312568E-15	1.303999E-16
7.920000E+03	3.284478E-15	1.296686E-16
7.930000E+03	3.253791E-15	1.288297E-16
7.940000E+03	3.220335E-15	1.278752E-16
7.950000E+03	3.183878E-15	1.267950E-16
7.960000E+03	3.144205E-15	1.255792E-16
7.970000E+03	3.101198E-15	1.242220E-16
7.980000E+03	3.054620E-15	1.227127E-16
7.990000E+03	3.004422E-15	1.210478E-16
8.000000E+03	2.950385E-15	1.192171E-16
8.010000E+03	2.892633E-15	1.172243E-16
8.020000E+03	2.831013E-15	1.150617E-16
8.030000E+03	2.765793E-15	1.127388E-16
8.040000E+03	2.697064E-15	1.102578E-16
8.050000E+03	2.625293E-15	1.076367E-16
8.060000E+03	2.550733E-15	1.048846E-16
8.070000E+03	2.474023E-15	1.020267E-16
8.080000E+03	2.395732E-15	9.908565E-17
8.090000E+03	2.316361E-15	9.608167E-17
8.100000E+03	2.236620E-15	9.304373E-17
8.110000E+03	2.157175E-15	8.999941E-17
8.120000E+03	2.078639E-15	8.697441E-17
8.130000E+03	2.001724E-15	8.399880E-17
8.140000E+03	1.927010E-15	8.109755E-17
8.150000E+03	1.855137E-15	7.829839E-17
8.160000E+03	1.786608E-15	7.562360E-17
8.170000E+03	1.721917E-15	7.309529E-17
8.180000E+03	1.661458E-15	7.073158E-17
8.190000E+03	1.605684E-15	6.855334E-17
8.200000E+03	1.554859E-15	6.657357E-17
8.210000E+03	1.509195E-15	6.480310E-17
8.220000E+03	1.468918E-15	6.325356E-17
8.230000E+03	1.434132E-15	6.193134E-17
8.240000E+03	1.404967E-15	6.084414E-17
8.250000E+03	1.381450E-15	5.999514E-17
8.260000E+03	1.363613E-15	5.938782E-17
8.270000E+03	1.351510E-15	5.902656E-17
8.280000E+03	1.345080E-15	5.891082E-17
8.290000E+03	1.344364E-15	5.904444E-17
8.300000E+03	1.349409E-15	5.943164E-17
8.310000E+03	1.360173E-15	6.007264E-17
8.320000E+03	1.376704E-15	6.097161E-17
8.330000E+03	1.399103E-15	6.213520E-17
8.340000E+03	1.427465E-15	6.356976E-17
8.350000E+03	1.461878E-15	6.528142E-17
8.360000E+03	1.502491E-15	6.727905E-17
8.370000E+03	1.549474E-15	6.957251E-17
8.380000E+03	1.603060E-15	7.217459E-17
8.390000E+03	1.663369E-15	7.509314E-17
8.400000E+03	1.730640E-15	7.834142E-17
8.410000E+03	1.805064E-15	8.193056E-17
8.420000E+03	1.886800E-15	8.587040E-17
8.430000E+03	1.975919E-15	9.016686E-17
8.440000E+03	2.072528E-15	9.482737E-17
8.450000E+03	2.176556E-15	9.985141E-17
8.460000E+03	2.287947E-15	1.052390E-16
8.470000E+03	2.406369E-15	1.109775E-16
8.480000E+03	2.531605E-15	1.170594E-16
8.490000E+03	2.663142E-15	1.234631E-16
8.500000E+03	2.800401E-15	1.301641E-16
8.510000E+03	2.942688E-15	1.371320E-16
8.520000E+03	3.089209E-15	1.443312E-16
8.530000E+03	3.239078E-15	1.517218E-16
8.540000E+03	3.391256E-15	1.592561E-16
8.550000E+03	3.544924E-15	1.668962E-16
8.560000E+03	3.698891E-15	1.745863E-16
8.570000E+03	3.852235E-15	1.822827E-16
8.580000E+03	4.003863E-15	1.899334E-16
8.590000E+03	4.152922E-15	1.974968E-16
8.600000E+03	4.298508E-15	2.049289E-16
8.610000E+03	4.439651E-15	2.121820E-16
8.620000E+03	4.575669E-15	2.192217E-16
8.630000E+03	4.705823E-15	2.260105E-16
8.640000E+03	4.829431E-15	2.325134E-16
8.650000E+03	4.945728E-15	2.386911E-16
8.660000E+03	5.054260E-15	2.445189E-16
8.670000E+03	5.154641E-15	2.499753E-16
8.680000E+03	5.246109E-15	2.550202E-16
8.690000E+03	5.328373E-15	2.596362E-16
8.700000E+03	5.401209E-15	2.638093E-16
8.710000E+03	5.464153E-15	2.675131E-16
8.720000E+03	5.517103E-15	2.707393E-16
8.730000E+03	5.559873E-15	2.734751E-16
8.740000E+03	5.592342E-15	2.757112E-16
8.750000E+03	5.614458E-15	2.774412E-16
8.760000E+03	5.626237E-15	2.786624E-16
8.770000E+03	5.628095E-15	2.793920E-16
8.780000E+03	5.619865E-15	2.796182E-16
8.790000E+03	5.601946E-15	2.793574E-16
8.800000E+03	5.574808E-15	2.786299E-16
8.810000E+03	5.538838E-15	2.774520E-16
8.820000E+03	5.494497E-15	2.758439E-16
8.830000E+03	5.442328E-15	2.738301E-16
8.840000E+03	5.383115E-15	2.714476E-16
8.850000E+03	5.317387E-15	2.687209E-16
8.860000E+03	5.246070E-15	2.656946E-16
8.870000E+03	5.169978E-15	2.624085E-16
8.880000E+03	5.089963E-15	2.589042E-16
8.890000E+03	5.006744E-15	2.552173E-16
8.900000E+03	4.921354E-15	2.513994E-16
8.910000E+03	4.834641E-15	2.474936E-16
8.920000E+03	4.747257E-15	2.435327E-16
8.930000E+03	4.659940E-15	2.395547E-16
8.940000E+03	4.573350E-15	2.355936E-16
8.950000E+03	4.488044E-15	2.316785E-16
8.960000E+03	4.404336E-15	2.278262E-16
8.970000E+03	4.322726E-15	2.240632E-16
8.980000E+03	4.243324E-15	2.203959E-16
8.990000E+03	4.166291E-15	2.168336E-16
9.000000E+03	4.091839E-15	2.133880E-16
9.040000E+03	3.817543E-15	2.006708E-16
9.080000E+03	3.575876E-15	1.894320E-16
9.120000E+03	3.359472E-15	1.793226E-16
9.160000E+03	3.165364E-15	1.702179E-16
9.200000E+03	2.993824E-15	1.621627E-16
9.240000E+03	2.846019E-15	1.552505E-16
9.280000E+03	2.720503E-15	1.494319E-16
9.320000E+03	2.611525E-15	1.444169E-16
9.360000E+03	2.510581E-15	1.397525E-16
9.400000E+03	2.410513E-15	1.350486E-16
9.440000E+03	2.309154E-15	1.301861E-16
9.480000E+03	2.209054E-15	1.253102E-16
9.520000E+03	2.115150E-15	1.207060E-16
9.560000E+03	2.032735E-15	1.166856E-16
9.600000E+03	1.965608E-15	1.134816E-16
9.640000E+03	1.915276E-15	1.111978E-16
9.680000E+03	1.880007E-15	1.097509E-16
9.720000E+03	1.856014E-15	1.089336E-16
9.760000E+03	1.838765E-15	1.084900E-16
9.800000E+03	1.824474E-15	1.082023E-16
9.840000E+03	1.812062E-15	1.080094E-16
9.880000E+03	1.801379E-15	1.079045E-16
9.920000E+03	1.792200E-15	1.078761E-16
9.960000E+03	1.783454E-15	1.078611E-16
1.000000E+04	1.773722E-15	1.077741E-16
1.004000E+04	1.761000E-15	1.074922E-16
1.008000E+04	1.743367E-15	1.068952E-16
1.012000E+04	1.719777E-15	1.059149E-16
1.016000E+04	1.689742E-15	1.045165E-16
1.020000E+04	1.653557E-15	1.027133E-16
1.024000E+04	1.611590E-15	1.005239E-16
1.028000E+04	1.565152E-15	9.802653E-17
1.032000E+04	1.515316E-15	9.528560E-17
