#wls	flux	fluxerr
1.595464E+03	1.156565E-02	3.542645E-04
1.635351E+03	9.764889E-03	2.939175E-04
1.675237E+03	8.171219E-03	2.415784E-04
1.715124E+03	6.781782E-03	1.968526E-04
1.755011E+03	5.585292E-03	1.591050E-04
1.794897E+03	4.568903E-03	1.276753E-04
1.834784E+03	3.717518E-03	1.018652E-04
1.874670E+03	3.013704E-03	8.094242E-05
1.914557E+03	2.439902E-03	6.420708E-05
1.954444E+03	1.978826E-03	5.100280E-05
1.994330E+03	1.614017E-03	4.073071E-05
2.034217E+03	1.331110E-03	3.287913E-05
2.074103E+03	1.117156E-03	2.700184E-05
2.113990E+03	9.624906E-04	2.275879E-05
2.153877E+03	8.617809E-04	1.993174E-05
2.193763E+03	8.123756E-04	1.837591E-05
2.233650E+03	8.152556E-04	1.803466E-05
2.273536E+03	8.771766E-04	1.897734E-05
2.313423E+03	1.010956E-03	2.139266E-05
2.353310E+03	1.237926E-03	2.562735E-05
2.393196E+03	1.590108E-03	3.221443E-05
2.433083E+03	2.109736E-03	4.184577E-05
2.472969E+03	2.843943E-03	5.525366E-05
2.512856E+03	3.831223E-03	7.294912E-05
2.552743E+03	5.082515E-03	9.488913E-05
2.592629E+03	6.561394E-03	1.201670E-04
2.632516E+03	8.189660E-03	1.471922E-04
2.672402E+03	9.913823E-03	1.749238E-04
2.712289E+03	1.175441E-02	2.036747E-04
2.752176E+03	1.378433E-02	2.346235E-04
2.792062E+03	1.609434E-02	2.691608E-04
2.831949E+03	1.874992E-02	3.081616E-04
2.871835E+03	2.174150E-02	3.512244E-04
2.911722E+03	2.495425E-02	3.962978E-04
2.951609E+03	2.818945E-02	4.401560E-04
2.991495E+03	3.123936E-02	4.796519E-04
3.001467E+03	3.195287E-02	4.885621E-04
3.011438E+03	3.264275E-02	4.970350E-04
3.021410E+03	3.330715E-02	5.050476E-04
3.031382E+03	3.394504E-02	5.125901E-04
3.041353E+03	3.455397E-02	5.196319E-04
3.051325E+03	3.513232E-02	5.261551E-04
3.061297E+03	3.567998E-02	5.321644E-04
3.071268E+03	3.619396E-02	5.376220E-04
3.081240E+03	3.667437E-02	5.425368E-04
3.091212E+03	3.711924E-02	5.468868E-04
3.101183E+03	3.752769E-02	5.506665E-04
3.111155E+03	3.790073E-02	5.538979E-04
3.121127E+03	3.823689E-02	5.565668E-04
3.131098E+03	3.853764E-02	5.587017E-04
3.141070E+03	3.880449E-02	5.603307E-04
3.151042E+03	3.904051E-02	5.615040E-04
3.161013E+03	3.924823E-02	5.622631E-04
3.170985E+03	3.943258E-02	5.626832E-04
3.180957E+03	3.959862E-02	5.628404E-04
3.190928E+03	3.975148E-02	5.628101E-04
3.200900E+03	3.989843E-02	5.626974E-04
3.210871E+03	4.004720E-02	5.626118E-04
3.220843E+03	4.020375E-02	5.626365E-04
3.230815E+03	4.037699E-02	5.628947E-04
3.240786E+03	4.057304E-02	5.634687E-04
3.250758E+03	4.080125E-02	5.644847E-04
3.260730E+03	4.106659E-02	5.660063E-04
3.270701E+03	4.137630E-02	5.681276E-04
3.280673E+03	4.173715E-02	5.709347E-04
3.290645E+03	4.215404E-02	5.744872E-04
3.300616E+03	4.263268E-02	5.788548E-04
3.310588E+03	4.317634E-02	5.840730E-04
3.320560E+03	4.378975E-02	5.901971E-04
3.330531E+03	4.447651E-02	5.972660E-04
3.340503E+03	4.523983E-02	6.053130E-04
3.350475E+03	4.608242E-02	6.143648E-04
3.360446E+03	4.700592E-02	6.244331E-04
3.370418E+03	4.801200E-02	6.355304E-04
3.380390E+03	4.910172E-02	6.476607E-04
3.390361E+03	5.027532E-02	6.608181E-04
3.400333E+03	5.153134E-02	6.749739E-04
3.410305E+03	5.286778E-02	6.900935E-04
3.420276E+03	5.428111E-02	7.061230E-04
3.430248E+03	5.576530E-02	7.229769E-04
3.440219E+03	5.731293E-02	7.405533E-04
3.450191E+03	5.891415E-02	7.587210E-04
3.460163E+03	6.055508E-02	7.772983E-04
3.470134E+03	6.222128E-02	7.960997E-04
3.480106E+03	6.389397E-02	8.148867E-04
3.490078E+03	6.555160E-02	8.333886E-04
3.500049E+03	6.717061E-02	8.513131E-04
3.510021E+03	6.872359E-02	8.683229E-04
3.519993E+03	7.018295E-02	8.840810E-04
3.529964E+03	7.151930E-02	8.982296E-04
3.539936E+03	7.270327E-02	9.104148E-04
3.549908E+03	7.370675E-02	9.203017E-04
3.559879E+03	7.450418E-02	9.275911E-04
3.569851E+03	7.507320E-02	9.320262E-04
3.579823E+03	7.539846E-02	9.334392E-04
3.589794E+03	7.546944E-02	9.317237E-04
3.599766E+03	7.528470E-02	9.268856E-04
3.609738E+03	7.484829E-02	9.189981E-04
3.619709E+03	7.417553E-02	9.082713E-04
3.629681E+03	7.328555E-02	8.949594E-04
3.639652E+03	7.220758E-02	8.794368E-04
3.649624E+03	7.097514E-02	8.621261E-04
3.659596E+03	6.962761E-02	8.435165E-04
3.669567E+03	6.820504E-02	8.241001E-04
3.679539E+03	6.675083E-02	8.044048E-04
3.689511E+03	6.530677E-02	7.849333E-04
3.699482E+03	6.391431E-02	7.661793E-04
3.709454E+03	6.261102E-02	7.485854E-04
3.719426E+03	6.143293E-02	7.325710E-04
3.729397E+03	6.040980E-02	7.184767E-04
3.739369E+03	5.956968E-02	7.066195E-04
3.749341E+03	5.893541E-02	6.972511E-04
3.759312E+03	5.852638E-02	6.905802E-04
3.769284E+03	5.835771E-02	6.867626E-04
3.779256E+03	5.844196E-02	6.859221E-04
3.789227E+03	5.878652E-02	6.881212E-04
3.799199E+03	5.939699E-02	6.933997E-04
3.809171E+03	6.027483E-02	7.017489E-04
3.819142E+03	6.141775E-02	7.131166E-04
3.829114E+03	6.281956E-02	7.274052E-04
3.839085E+03	6.446927E-02	7.444626E-04
3.849057E+03	6.635309E-02	7.641059E-04
3.859029E+03	6.845160E-02	7.860891E-04
3.869000E+03	7.074028E-02	8.101106E-04
3.878972E+03	7.319148E-02	8.358358E-04
3.888944E+03	7.577318E-02	8.628843E-04
3.898915E+03	7.845101E-02	8.908529E-04
3.908887E+03	8.118710E-02	9.193037E-04
3.918859E+03	8.394464E-02	9.478156E-04
3.928830E+03	8.668479E-02	9.759497E-04
3.938802E+03	8.937212E-02	1.003311E-03
3.948774E+03	9.197108E-02	1.029507E-03
3.958745E+03	9.444979E-02	1.054193E-03
3.968717E+03	9.678129E-02	1.077082E-03
3.978689E+03	9.893990E-02	1.097905E-03
3.988660E+03	1.009051E-01	1.116454E-03
3.998632E+03	1.026590E-01	1.132554E-03
4.008604E+03	1.041876E-01	1.146074E-03
4.018575E+03	1.054788E-01	1.156906E-03
4.028547E+03	1.065230E-01	1.164971E-03
4.038518E+03	1.073134E-01	1.170224E-03
4.048490E+03	1.078458E-01	1.172646E-03
4.058462E+03	1.081155E-01	1.172213E-03
4.068433E+03	1.081245E-01	1.168978E-03
4.078405E+03	1.078737E-01	1.162977E-03
4.088377E+03	1.073703E-01	1.154316E-03
4.098348E+03	1.066228E-01	1.143111E-03
4.108320E+03	1.056446E-01	1.129533E-03
4.118292E+03	1.044525E-01	1.113783E-03
4.128263E+03	1.030665E-01	1.096095E-03
4.138235E+03	1.015099E-01	1.076735E-03
4.148207E+03	9.980893E-02	1.055998E-03
4.158178E+03	9.799269E-02	1.034202E-03
4.168150E+03	9.609090E-02	1.011672E-03
4.178122E+03	9.413319E-02	9.887253E-04
4.188093E+03	9.214992E-02	9.656848E-04
4.198065E+03	9.017055E-02	9.428601E-04
4.208037E+03	8.822368E-02	9.205487E-04
4.218008E+03	8.633421E-02	8.990068E-04
4.227980E+03	8.452498E-02	8.784671E-04
4.237952E+03	8.281496E-02	8.591204E-04
4.247923E+03	8.122091E-02	8.411334E-04
4.257895E+03	7.975451E-02	8.246195E-04
4.267866E+03	7.842421E-02	8.096583E-04
4.277838E+03	7.723455E-02	7.962897E-04
4.287810E+03	7.618503E-02	7.845018E-04
4.297781E+03	7.527404E-02	7.742724E-04
4.307753E+03	7.449409E-02	7.655197E-04
4.317725E+03	7.383604E-02	7.581433E-04
4.327696E+03	7.328791E-02	7.520123E-04
4.337668E+03	7.283880E-02	7.470079E-04
4.347640E+03	7.247613E-02	7.429958E-04
4.357611E+03	7.219432E-02	7.399137E-04
4.367583E+03	7.199159E-02	7.377395E-04
4.377555E+03	7.187038E-02	7.364945E-04
4.387526E+03	7.183483E-02	7.362184E-04
4.397498E+03	7.188775E-02	7.369379E-04
4.407470E+03	7.203144E-02	7.386739E-04
4.417441E+03	7.226336E-02	7.413974E-04
4.427413E+03	7.258089E-02	7.450781E-04
4.437385E+03	7.297667E-02	7.496380E-04
4.447356E+03	7.344102E-02	7.549750E-04
4.457328E+03	7.396233E-02	7.609674E-04
4.467299E+03	7.452235E-02	7.674250E-04
4.477271E+03	7.510334E-02	7.741620E-04
4.487243E+03	7.568082E-02	7.809225E-04
4.497214E+03	7.623188E-02	7.874657E-04
4.507186E+03	7.673098E-02	7.935225E-04
4.517158E+03	7.715372E-02	7.988341E-04
4.527129E+03	7.747719E-02	8.031556E-04
4.537101E+03	7.767951E-02	8.062519E-04
4.547073E+03	7.774470E-02	8.079475E-04
4.557044E+03	7.765797E-02	8.080785E-04
4.567016E+03	7.741028E-02	8.065401E-04
4.576988E+03	7.699732E-02	8.032763E-04
4.586959E+03	7.641944E-02	7.982798E-04
4.596931E+03	7.568095E-02	7.915848E-04
4.606903E+03	7.479031E-02	7.832697E-04
4.616874E+03	7.376031E-02	7.734589E-04
4.626846E+03	7.260667E-02	7.623090E-04
4.636818E+03	7.134720E-02	7.499995E-04
4.646789E+03	6.999969E-02	7.367115E-04
4.656761E+03	6.858447E-02	7.226539E-04
4.666732E+03	6.712028E-02	7.080207E-04
4.676704E+03	6.562514E-02	6.929993E-04
4.686676E+03	6.411641E-02	6.777718E-04
4.696647E+03	6.260929E-02	6.624981E-04
4.706619E+03	6.111723E-02	6.473210E-04
4.716591E+03	5.965191E-02	6.323652E-04
4.726562E+03	5.822330E-02	6.177379E-04
4.736534E+03	5.683976E-02	6.035296E-04
4.746506E+03	5.550818E-02	5.898159E-04
4.756477E+03	5.423426E-02	5.766596E-04
4.766449E+03	5.302206E-02	5.641066E-04
4.776421E+03	5.187586E-02	5.522051E-04
4.786392E+03	5.079774E-02	5.409798E-04
4.796364E+03	4.979117E-02	5.304701E-04
4.806336E+03	4.885726E-02	5.206903E-04
4.816307E+03	4.799817E-02	5.116657E-04
4.826279E+03	4.721525E-02	5.034128E-04
4.836251E+03	4.650867E-02	4.959354E-04
4.846222E+03	4.588013E-02	4.892530E-04
4.856194E+03	4.532970E-02	4.833680E-04
4.866165E+03	4.485806E-02	4.782886E-04
4.876137E+03	4.446390E-02	4.740017E-04
4.886109E+03	4.414826E-02	4.705191E-04
4.896080E+03	4.390979E-02	4.678267E-04
4.906052E+03	4.374820E-02	4.659214E-04
4.916024E+03	4.366220E-02	4.647891E-04
4.925995E+03	4.365107E-02	4.644218E-04
4.935967E+03	4.371261E-02	4.647954E-04
4.945939E+03	4.384557E-02	4.658958E-04
4.955910E+03	4.404837E-02	4.677049E-04
4.965882E+03	4.431751E-02	4.701845E-04
4.975854E+03	4.464977E-02	4.732991E-04
4.985825E+03	4.504145E-02	4.770080E-04
4.995797E+03	4.548735E-02	4.812550E-04
5.005769E+03	4.598017E-02	4.859615E-04
5.015740E+03	4.651255E-02	4.910488E-04
5.025712E+03	4.707521E-02	4.964183E-04
5.035684E+03	4.765737E-02	5.019558E-04
5.045655E+03	4.824632E-02	5.075277E-04
5.055627E+03	4.882852E-02	5.129927E-04
5.065599E+03	4.938996E-02	5.182050E-04
5.075570E+03	4.991457E-02	5.229986E-04
5.085542E+03	5.038769E-02	5.272233E-04
5.095513E+03	5.079414E-02	5.307245E-04
5.105485E+03	5.112043E-02	5.333667E-04
5.115457E+03	5.135484E-02	5.350336E-04
5.125428E+03	5.148808E-02	5.356351E-04
5.135400E+03	5.151326E-02	5.351071E-04
5.145372E+03	5.142780E-02	5.334306E-04
5.155343E+03	5.123114E-02	5.306077E-04
5.165315E+03	5.092781E-02	5.266934E-04
5.175287E+03	5.052477E-02	5.217672E-04
5.185258E+03	5.003261E-02	5.159459E-04
5.195230E+03	4.946455E-02	5.093722E-04
5.205202E+03	4.883586E-02	5.022091E-04
5.215173E+03	4.816216E-02	4.946222E-04
5.225145E+03	4.746171E-02	4.868029E-04
5.235117E+03	4.675021E-02	4.789154E-04
5.245088E+03	4.604500E-02	4.711395E-04
5.255060E+03	4.536019E-02	4.636210E-04
5.265032E+03	4.470936E-02	4.564999E-04
5.275003E+03	4.410301E-02	4.498837E-04
5.284975E+03	4.354910E-02	4.438541E-04
5.294946E+03	4.305394E-02	4.384756E-04
5.304918E+03	4.261989E-02	4.337725E-04
5.314890E+03	4.224816E-02	4.297580E-04
5.324861E+03	4.193680E-02	4.264127E-04
5.334833E+03	4.168187E-02	4.236981E-04
5.344805E+03	4.147815E-02	4.215628E-04
5.354776E+03	4.131916E-02	4.199427E-04
5.364748E+03	4.119753E-02	4.187655E-04
5.374720E+03	4.110470E-02	4.179467E-04
5.384691E+03	4.103365E-02	4.174175E-04
5.394663E+03	4.097778E-02	4.171119E-04
5.404635E+03	4.093381E-02	4.169964E-04
5.414606E+03	4.090079E-02	4.170613E-04
5.424578E+03	4.088353E-02	4.173547E-04
5.434550E+03	4.088900E-02	4.179460E-04
5.444521E+03	4.092760E-02	4.189408E-04
5.454493E+03	4.100643E-02	4.204117E-04
5.464465E+03	4.112954E-02	4.224003E-04
5.474436E+03	4.129996E-02	4.249385E-04
5.484408E+03	4.151976E-02	4.280493E-04
5.494379E+03	4.179026E-02	4.317479E-04
5.504351E+03	4.210821E-02	4.360031E-04
5.514323E+03	4.247040E-02	4.407838E-04
5.524294E+03	4.286929E-02	4.460139E-04
5.534266E+03	4.329659E-02	4.516093E-04
5.544238E+03	4.374247E-02	4.574684E-04
5.554209E+03	4.419597E-02	4.634774E-04
5.564181E+03	4.464468E-02	4.695056E-04
5.574153E+03	4.507702E-02	4.754297E-04
5.584124E+03	4.548195E-02	4.811306E-04
5.594096E+03	4.584902E-02	4.864939E-04
5.604068E+03	4.616930E-02	4.914198E-04
5.614039E+03	4.643661E-02	4.958366E-04
5.624011E+03	4.664553E-02	4.996796E-04
5.633983E+03	4.679385E-02	5.029176E-04
5.643954E+03	4.688116E-02	5.055384E-04
5.653926E+03	4.690977E-02	5.075589E-04
5.663898E+03	4.688347E-02	5.090124E-04
5.673869E+03	4.680782E-02	5.099516E-04
5.683841E+03	4.669021E-02	5.104505E-04
5.693812E+03	4.653907E-02	5.105950E-04
5.703784E+03	4.636239E-02	5.104679E-04
5.713756E+03	4.616935E-02	5.101661E-04
5.723727E+03	4.596842E-02	5.097804E-04
5.733699E+03	4.576750E-02	5.093964E-04
5.743671E+03	4.557458E-02	5.091023E-04
5.753642E+03	4.539453E-02	5.089526E-04
5.763614E+03	4.523280E-02	5.090094E-04
5.773586E+03	4.509182E-02	5.093014E-04
5.783557E+03	4.497334E-02	5.098506E-04
5.793529E+03	4.487689E-02	5.106535E-04
5.803501E+03	4.480016E-02	5.116864E-04
5.813472E+03	4.473964E-02	5.129108E-04
5.823444E+03	4.468912E-02	5.142573E-04
5.833416E+03	4.464176E-02	5.156476E-04
5.843387E+03	4.458875E-02	5.169802E-04
5.853359E+03	4.451961E-02	5.181320E-04
5.863331E+03	4.442421E-02	5.189828E-04
5.873302E+03	4.428984E-02	5.193798E-04
5.883274E+03	4.410542E-02	5.191876E-04
5.893246E+03	4.385844E-02	5.182515E-04
5.903217E+03	4.353749E-02	5.164281E-04
5.913189E+03	4.313277E-02	5.135906E-04
5.923160E+03	4.263468E-02	5.096130E-04
5.933132E+03	4.203729E-02	5.044112E-04
5.943104E+03	4.133747E-02	4.979336E-04
5.953075E+03	4.053383E-02	4.901492E-04
5.963047E+03	3.962991E-02	4.810862E-04
5.973019E+03	3.863250E-02	4.708126E-04
5.982990E+03	3.755150E-02	4.594359E-04
5.992962E+03	3.640064E-02	4.471120E-04
6.002934E+03	3.519650E-02	4.340350E-04
6.012905E+03	3.395753E-02	4.204241E-04
6.022877E+03	3.270395E-02	4.065252E-04
6.032849E+03	3.145698E-02	3.925994E-04
6.042820E+03	3.023601E-02	3.788898E-04
6.052792E+03	2.906130E-02	3.656540E-04
6.062764E+03	2.794960E-02	3.531096E-04
6.072735E+03	2.691724E-02	3.414724E-04
6.082707E+03	2.597644E-02	3.309092E-04
6.092679E+03	2.513811E-02	3.215732E-04
6.102650E+03	2.440970E-02	3.135756E-04
6.112622E+03	2.379715E-02	3.070100E-04
6.122593E+03	2.330326E-02	3.019310E-04
6.132565E+03	2.292912E-02	2.983724E-04
6.142537E+03	2.267457E-02	2.963518E-04
6.152508E+03	2.253698E-02	2.958555E-04
6.162480E+03	2.251301E-02	2.968596E-04
6.172452E+03	2.259752E-02	2.993168E-04
6.182423E+03	2.278393E-02	3.031597E-04
6.192395E+03	2.306416E-02	3.083000E-04
6.202367E+03	2.342923E-02	3.146352E-04
6.212338E+03	2.386800E-02	3.220317E-04
6.222310E+03	2.436835E-02	3.303391E-04
6.232282E+03	2.491679E-02	3.393856E-04
6.242253E+03	2.549957E-02	3.489928E-04
6.252225E+03	2.610108E-02	3.589529E-04
6.262197E+03	2.670619E-02	3.690610E-04
6.272168E+03	2.730067E-02	3.791200E-04
6.282140E+03	2.787098E-02	3.889390E-04
6.292112E+03	2.840492E-02	3.983417E-04
6.302083E+03	2.889241E-02	4.071785E-04
6.312055E+03	2.932677E-02	4.153445E-04
6.322026E+03	2.970291E-02	4.227558E-04
6.331998E+03	3.001940E-02	4.293787E-04
6.341970E+03	3.027709E-02	4.352121E-04
6.351941E+03	3.047908E-02	4.402875E-04
6.361913E+03	3.063034E-02	4.446641E-04
6.371885E+03	3.073680E-02	4.484164E-04
6.381856E+03	3.080453E-02	4.516227E-04
6.391828E+03	3.083836E-02	4.543449E-04
6.401800E+03	3.084267E-02	4.566391E-04
6.411771E+03	3.082015E-02	4.585380E-04
6.421743E+03	3.077302E-02	4.600678E-04
6.431715E+03	3.070292E-02	4.612468E-04
6.441686E+03	3.061022E-02	4.620745E-04
6.451658E+03	3.049637E-02	4.625670E-04
6.461630E+03	3.036179E-02	4.627251E-04
6.471601E+03	3.020733E-02	4.625564E-04
6.481573E+03	3.003284E-02	4.620535E-04
6.491545E+03	2.983971E-02	4.612325E-04
6.501516E+03	2.962791E-02	4.600883E-04
6.511488E+03	2.939856E-02	4.586334E-04
6.521459E+03	2.915184E-02	4.568664E-04
6.531431E+03	2.888906E-02	4.548036E-04
6.541403E+03	2.861159E-02	4.524626E-04
6.551374E+03	2.831952E-02	4.498412E-04
6.561346E+03	2.801444E-02	4.469612E-04
6.571318E+03	2.769799E-02	4.438459E-04
6.581289E+03	2.737053E-02	4.404983E-04
6.591261E+03	2.703429E-02	4.369521E-04
6.601233E+03	2.668973E-02	4.332126E-04
6.611204E+03	2.633913E-02	4.293153E-04
6.621176E+03	2.598304E-02	4.252678E-04
6.631148E+03	2.562333E-02	4.210996E-04
6.641119E+03	2.526138E-02	4.168331E-04
6.651091E+03	2.489821E-02	4.124846E-04
6.661063E+03	2.453557E-02	4.080830E-04
6.671034E+03	2.417435E-02	4.036439E-04
6.681006E+03	2.381582E-02	3.991887E-04
6.690978E+03	2.346158E-02	3.947453E-04
6.700949E+03	2.311235E-02	3.903267E-04
6.710921E+03	2.276875E-02	3.859450E-04
6.720893E+03	2.243252E-02	3.816309E-04
6.730864E+03	2.210369E-02	3.773870E-04
6.740836E+03	2.178341E-02	3.732346E-04
6.750807E+03	2.147230E-02	3.691861E-04
6.760779E+03	2.117055E-02	3.652468E-04
6.770751E+03	2.087853E-02	3.614256E-04
6.780722E+03	2.059661E-02	3.577308E-04
6.790694E+03	2.032541E-02	3.541750E-04
6.800666E+03	2.006468E-02	3.507568E-04
6.810637E+03	1.981413E-02	3.474727E-04
6.820609E+03	1.957412E-02	3.443314E-04
6.830581E+03	1.934461E-02	3.413341E-04
6.840552E+03	1.912547E-02	3.384809E-04
6.850524E+03	1.891619E-02	3.357647E-04
6.860496E+03	1.871657E-02	3.331838E-04
6.870467E+03	1.852675E-02	3.307425E-04
6.880439E+03	1.834614E-02	3.284322E-04
6.890411E+03	1.817447E-02	3.262498E-04
6.900382E+03	1.801146E-02	3.241920E-04
6.910354E+03	1.785681E-02	3.222548E-04
6.920326E+03	1.771024E-02	3.204348E-04
6.930297E+03	1.757144E-02	3.187277E-04
6.940269E+03	1.743971E-02	3.171224E-04
6.950240E+03	1.731474E-02	3.156144E-04
6.960212E+03	1.719653E-02	3.142047E-04
6.970184E+03	1.708467E-02	3.128873E-04
6.980155E+03	1.697814E-02	3.116445E-04
6.990127E+03	1.687717E-02	3.104812E-04
7.000099E+03	1.678099E-02	3.093846E-04
7.010070E+03	1.668913E-02	3.083466E-04
7.020042E+03	1.660077E-02	3.073530E-04
7.030014E+03	1.651568E-02	3.063999E-04
7.039985E+03	1.643328E-02	3.054775E-04
7.049957E+03	1.635296E-02	3.045750E-04
7.059929E+03	1.627375E-02	3.036747E-04
7.069900E+03	1.619493E-02	3.027634E-04
7.079872E+03	1.611613E-02	3.018347E-04
7.089844E+03	1.603625E-02	3.008685E-04
7.099815E+03	1.595424E-02	2.998448E-04
7.109787E+03	1.586995E-02	2.987611E-04
7.119759E+03	1.578229E-02	2.975971E-04
7.129730E+03	1.569052E-02	2.963387E-04
7.139702E+03	1.559358E-02	2.949658E-04
7.149673E+03	1.549107E-02	2.934710E-04
7.159645E+03	1.538239E-02	2.918425E-04
7.169617E+03	1.526663E-02	2.900633E-04
7.179588E+03	1.514330E-02	2.881236E-04
7.189560E+03	1.501232E-02	2.860217E-04
7.199532E+03	1.487307E-02	2.837459E-04
7.209503E+03	1.472538E-02	2.812927E-04
7.219475E+03	1.456920E-02	2.786609E-04
7.229447E+03	1.440460E-02	2.758519E-04
7.239418E+03	1.423150E-02	2.728641E-04
7.249390E+03	1.405085E-02	2.697155E-04
7.259362E+03	1.386283E-02	2.664099E-04
7.269333E+03	1.366749E-02	2.629480E-04
7.279305E+03	1.346644E-02	2.593611E-04
7.289277E+03	1.325968E-02	2.556494E-04
7.299248E+03	1.304874E-02	2.518426E-04
7.309220E+03	1.283440E-02	2.479561E-04
7.319192E+03	1.261778E-02	2.440119E-04
7.329163E+03	1.239980E-02	2.400281E-04
7.339135E+03	1.218170E-02	2.360293E-04
7.349106E+03	1.196472E-02	2.320403E-04
7.359078E+03	1.175015E-02	2.280863E-04
7.369050E+03	1.153874E-02	2.241828E-04
7.379021E+03	1.133200E-02	2.203597E-04
7.388993E+03	1.113068E-02	2.166321E-04
7.398965E+03	1.093572E-02	2.130193E-04
7.408936E+03	1.074804E-02	2.095398E-04
7.418908E+03	1.056895E-02	2.062201E-04
7.428880E+03	1.039944E-02	2.030802E-04
7.438851E+03	1.024085E-02	2.001473E-04
7.448823E+03	1.009441E-02	1.974460E-04
7.458795E+03	9.960537E-03	1.949856E-04
7.468766E+03	9.839998E-03	1.927821E-04
7.478738E+03	9.733641E-03	1.908529E-04
7.488710E+03	9.641320E-03	1.891962E-04
7.498681E+03	9.563638E-03	1.878249E-04
7.508653E+03	9.500646E-03	1.867409E-04
7.518625E+03	9.452275E-03	1.859438E-04
7.528596E+03	9.418350E-03	1.854313E-04
7.538568E+03	9.398599E-03	1.851990E-04
7.548540E+03	9.392867E-03	1.852449E-04
7.558511E+03	9.400493E-03	1.855570E-04
7.568483E+03	9.421170E-03	1.861302E-04
7.578454E+03	9.454101E-03	1.869498E-04
7.588426E+03	9.498868E-03	1.880087E-04
7.598398E+03	9.554797E-03	1.892945E-04
7.608369E+03	9.620952E-03	1.907897E-04
7.618341E+03	9.696807E-03	1.924850E-04
7.628313E+03	9.781591E-03	1.943662E-04
7.638284E+03	9.874270E-03	1.964136E-04
7.648256E+03	9.974238E-03	1.986163E-04
7.658228E+03	1.008039E-02	2.009533E-04
7.668199E+03	1.019228E-02	2.034170E-04
7.678171E+03	1.030849E-02	2.059797E-04
7.688143E+03	1.042824E-02	2.086271E-04
7.698114E+03	1.055022E-02	2.113338E-04
7.708086E+03	1.067355E-02	2.140831E-04
7.718058E+03	1.079705E-02	2.168523E-04
7.728029E+03	1.091949E-02	2.196173E-04
7.738001E+03	1.103933E-02	2.223479E-04
7.747973E+03	1.115552E-02	2.250237E-04
7.757944E+03	1.126677E-02	2.276188E-04
7.767916E+03	1.137150E-02	2.301018E-04
7.777887E+03	1.146874E-02	2.324532E-04
7.787859E+03	1.155703E-02	2.346435E-04
7.797831E+03	1.163559E-02	2.366567E-04
7.807802E+03	1.170292E-02	2.384619E-04
7.817774E+03	1.175910E-02	2.400605E-04
7.827746E+03	1.180271E-02	2.414227E-04
7.837717E+03	1.183367E-02	2.425459E-04
7.847689E+03	1.185155E-02	2.434204E-04
7.857661E+03	1.185672E-02	2.440529E-04
7.867632E+03	1.184921E-02	2.444426E-04
7.877604E+03	1.182923E-02	2.445928E-04
7.887576E+03	1.179751E-02	2.445170E-04
7.897547E+03	1.175491E-02	2.442316E-04
7.907519E+03	1.170212E-02	2.437498E-04
7.917491E+03	1.163991E-02	2.430860E-04
7.927462E+03	1.156904E-02	2.422551E-04
7.937434E+03	1.149054E-02	2.412767E-04
7.947406E+03	1.140463E-02	2.401545E-04
7.957377E+03	1.131273E-02	2.389164E-04
7.967349E+03	1.121499E-02	2.375636E-04
7.977320E+03	1.111122E-02	2.360902E-04
7.987292E+03	1.100162E-02	2.344983E-04
7.997264E+03	1.088569E-02	2.327756E-04
8.007235E+03	1.076354E-02	2.309217E-04
8.017207E+03	1.063420E-02	2.289138E-04
8.027179E+03	1.049823E-02	2.267612E-04
8.037150E+03	1.035520E-02	2.244525E-04
8.047122E+03	1.020518E-02	2.219864E-04
8.057094E+03	1.004870E-02	2.193720E-04
8.067065E+03	9.886236E-03	2.166171E-04
8.077037E+03	9.718244E-03	2.137292E-04
8.087009E+03	9.545925E-03	2.107325E-04
8.096980E+03	9.370421E-03	2.076501E-04
8.106952E+03	9.193316E-03	2.045155E-04
8.116924E+03	9.015605E-03	2.013494E-04
8.126895E+03	8.839157E-03	1.981926E-04
8.136867E+03	8.665675E-03	1.950827E-04
8.146839E+03	8.496903E-03	1.920590E-04
8.156810E+03	8.334580E-03	1.891615E-04
8.166782E+03	8.180409E-03	1.864298E-04
8.176753E+03	8.035796E-03	1.838975E-04
8.186725E+03	7.902486E-03	1.816068E-04
8.196697E+03	7.781869E-03	1.795923E-04
8.206668E+03	7.675194E-03	1.778860E-04
8.216640E+03	7.583344E-03	1.765120E-04
8.226612E+03	7.507267E-03	1.754964E-04
8.236583E+03	7.447960E-03	1.748669E-04
8.246555E+03	7.405860E-03	1.746384E-04
8.256527E+03	7.381470E-03	1.748279E-04
8.266498E+03	7.375373E-03	1.754545E-04
8.276470E+03	7.387401E-03	1.765197E-04
8.286442E+03	7.418105E-03	1.780422E-04
8.296413E+03	7.467303E-03	1.800235E-04
8.306385E+03	7.534688E-03	1.824621E-04
8.316357E+03	7.620491E-03	1.853694E-04
8.326328E+03	7.723958E-03	1.887330E-04
8.336300E+03	7.844869E-03	1.925533E-04
8.346272E+03	7.982651E-03	1.968222E-04
8.356243E+03	8.136363E-03	2.015219E-04
8.366215E+03	8.305370E-03	2.066422E-04
8.376187E+03	8.488411E-03	2.121568E-04
8.386158E+03	8.684294E-03	2.180408E-04
8.396130E+03	8.891919E-03	2.242708E-04
8.406101E+03	9.109516E-03	2.308064E-04
8.416073E+03	9.335410E-03	2.376084E-04
8.426045E+03	9.568068E-03	2.446406E-04
8.436016E+03	9.804995E-03	2.518416E-04
8.445988E+03	1.004444E-02	2.591677E-04
8.455960E+03	1.028430E-02	2.665656E-04
8.465931E+03	1.052247E-02	2.739804E-04
8.475903E+03	1.075650E-02	2.813480E-04
8.485875E+03	1.098466E-02	2.886209E-04
8.495846E+03	1.120496E-02	2.957453E-04
8.505818E+03	1.141523E-02	3.026604E-04
8.515790E+03	1.161378E-02	3.093175E-04
8.525761E+03	1.179944E-02	3.156815E-04
8.535733E+03	1.197058E-02	3.217035E-04
8.545705E+03	1.212612E-02	3.273495E-04
8.555676E+03	1.226524E-02	3.325909E-04
8.565648E+03	1.238733E-02	3.374054E-04
8.575620E+03	1.249163E-02	3.417658E-04
8.585591E+03	1.257874E-02	3.456821E-04
8.595563E+03	1.264795E-02	3.491279E-04
8.605534E+03	1.269945E-02	3.521021E-04
8.615506E+03	1.273401E-02	3.546195E-04
8.625478E+03	1.275176E-02	3.566769E-04
8.635449E+03	1.275331E-02	3.582854E-04
8.645421E+03	1.273937E-02	3.594588E-04
8.655393E+03	1.271071E-02	3.602134E-04
8.665364E+03	1.266819E-02	3.605673E-04
8.675336E+03	1.261227E-02	3.605288E-04
8.685308E+03	1.254384E-02	3.601183E-04
8.695279E+03	1.246422E-02	3.593690E-04
8.705251E+03	1.237392E-02	3.582913E-04
8.715223E+03	1.227386E-02	3.569079E-04
8.725194E+03	1.216456E-02	3.552303E-04
8.735166E+03	1.204732E-02	3.532928E-04
8.745138E+03	1.192264E-02	3.511074E-04
8.755109E+03	1.179142E-02	3.486972E-04
8.765081E+03	1.165413E-02	3.460743E-04
8.775053E+03	1.151202E-02	3.432734E-04
8.785024E+03	1.136592E-02	3.403172E-04
8.794996E+03	1.121590E-02	3.372064E-04
8.804967E+03	1.106350E-02	3.339858E-04
8.814939E+03	1.090873E-02	3.306552E-04
8.824911E+03	1.075269E-02	3.272470E-04
8.834882E+03	1.059609E-02	3.237819E-04
8.844854E+03	1.043956E-02	3.202794E-04
8.854826E+03	1.028407E-02	3.167692E-04
8.864797E+03	1.013017E-02	3.132685E-04
8.874769E+03	9.978332E-03	3.097930E-04
8.884741E+03	9.829358E-03	3.063681E-04
8.894712E+03	9.683966E-03	3.030173E-04
8.904684E+03	9.542135E-03	2.997413E-04
8.914656E+03	9.404134E-03	2.965499E-04
8.924627E+03	9.270854E-03	2.934726E-04
8.934599E+03	9.142119E-03	2.905056E-04
8.944571E+03	9.018050E-03	2.876544E-04
8.954542E+03	8.899378E-03	2.849442E-04
8.964514E+03	8.785478E-03	2.823567E-04
8.974486E+03	8.677002E-03	2.799149E-04
9.014372E+03	8.294307E-03	2.715433E-04
9.054259E+03	7.990576E-03	2.653954E-04
9.094145E+03	7.757406E-03	2.613015E-04
9.134032E+03	7.580666E-03	2.588794E-04
9.173919E+03	7.442045E-03	2.575743E-04
9.213805E+03	7.320545E-03	2.567028E-04
9.253692E+03	7.195818E-03	2.555660E-04
9.293578E+03	7.049901E-03	2.535141E-04
9.333465E+03	6.871300E-03	2.501019E-04
9.373352E+03	6.653910E-03	2.450637E-04
9.413238E+03	6.398751E-03	2.383904E-04
9.453125E+03	6.112068E-03	2.302731E-04
9.493011E+03	5.802968E-03	2.210238E-04
9.532898E+03	5.483068E-03	2.110678E-04
9.572785E+03	5.163513E-03	2.008310E-04
9.612671E+03	4.854112E-03	1.907054E-04
9.652558E+03	4.563761E-03	1.810621E-04
9.692444E+03	4.298451E-03	1.721686E-04
9.732331E+03	4.061646E-03	1.641989E-04
9.772218E+03	3.855392E-03	1.572731E-04
9.812104E+03	3.679756E-03	1.514317E-04
9.851991E+03	3.533609E-03	1.466645E-04
9.891877E+03	3.415105E-03	1.429284E-04
9.931764E+03	3.322019E-03	1.401608E-04
9.971651E+03	3.251847E-03	1.382831E-04
1.001154E+04	3.201851E-03	1.372024E-04
1.005142E+04	3.169431E-03	1.368272E-04
1.009131E+04	3.151721E-03	1.370507E-04
1.013120E+04	3.145721E-03	1.377559E-04
1.017108E+04	3.149261E-03	1.388581E-04
1.021097E+04	3.160477E-03	1.402835E-04
1.025086E+04	3.177159E-03	1.419399E-04
1.029074E+04	3.197990E-03	1.437730E-04
