#wls	flux	fluxerr
1.595464E+03	7.102244E-03	2.856397E-04
1.635351E+03	5.911473E-03	2.335044E-04
1.675237E+03	4.893763E-03	1.897678E-04
1.715124E+03	4.032500E-03	1.534399E-04
1.755011E+03	3.309849E-03	1.235267E-04
1.794897E+03	2.709718E-03	9.914527E-05
1.834784E+03	2.215063E-03	7.942171E-05
1.874670E+03	1.811146E-03	6.361012E-05
1.914557E+03	1.484056E-03	5.103448E-05
1.954444E+03	1.221591E-03	4.111584E-05
1.994330E+03	1.013024E-03	3.335898E-05
2.034217E+03	8.493803E-04	2.735635E-05
2.074103E+03	7.233027E-04	2.277761E-05
2.113990E+03	6.295953E-04	1.938074E-05
2.153877E+03	5.654697E-04	1.701180E-05
2.193763E+03	5.295853E-04	1.556852E-05
2.233650E+03	5.221394E-04	1.499813E-05
2.273536E+03	5.457580E-04	1.531774E-05
2.313423E+03	6.050334E-04	1.659442E-05
2.353310E+03	7.076909E-04	1.897156E-05
2.393196E+03	8.666145E-04	2.271429E-05
2.433083E+03	1.100434E-03	2.821165E-05
2.472969E+03	1.433631E-03	3.596625E-05
2.512856E+03	1.895038E-03	4.654561E-05
2.552743E+03	2.513637E-03	6.047283E-05
2.592629E+03	3.311663E-03	7.806817E-05
2.632516E+03	4.295889E-03	9.926636E-05
2.672402E+03	5.457743E-03	1.236548E-04
2.712289E+03	6.775696E-03	1.505586E-04
2.752176E+03	8.213439E-03	1.790246E-04
2.792062E+03	9.723194E-03	2.079192E-04
2.831949E+03	1.125053E-02	2.360480E-04
2.871835E+03	1.274067E-02	2.622961E-04
2.911722E+03	1.414831E-02	2.858225E-04
2.951609E+03	1.544260E-02	3.061406E-04
2.991495E+03	1.660872E-02	3.231205E-04
3.001467E+03	1.687961E-02	3.268525E-04
3.011438E+03	1.714283E-02	3.303960E-04
3.021410E+03	1.739758E-02	3.337382E-04
3.031382E+03	1.764509E-02	3.369060E-04
3.041353E+03	1.788507E-02	3.398960E-04
3.051325E+03	1.811765E-02	3.427131E-04
3.061297E+03	1.834339E-02	3.453709E-04
3.071268E+03	1.856293E-02	3.478835E-04
3.081240E+03	1.877609E-02	3.502500E-04
3.091212E+03	1.898396E-02	3.524931E-04
3.101183E+03	1.918646E-02	3.546130E-04
3.111155E+03	1.938430E-02	3.566254E-04
3.121127E+03	1.957826E-02	3.585463E-04
3.131098E+03	1.976870E-02	3.603839E-04
3.141070E+03	1.995562E-02	3.621402E-04
3.151042E+03	2.014061E-02	3.638454E-04
3.161013E+03	2.032330E-02	3.654945E-04
3.170985E+03	2.050489E-02	3.671097E-04
3.180957E+03	2.068582E-02	3.686995E-04
3.190928E+03	2.086647E-02	3.702716E-04
3.200900E+03	2.104732E-02	3.718346E-04
3.210871E+03	2.122952E-02	3.734092E-04
3.220843E+03	2.141310E-02	3.749966E-04
3.230815E+03	2.159848E-02	3.766038E-04
3.240786E+03	2.178642E-02	3.782444E-04
3.250758E+03	2.197763E-02	3.799307E-04
3.260730E+03	2.217211E-02	3.816625E-04
3.270701E+03	2.237056E-02	3.834519E-04
3.280673E+03	2.257323E-02	3.853030E-04
3.290645E+03	2.278077E-02	3.872265E-04
3.300616E+03	2.299302E-02	3.892199E-04
3.310588E+03	2.321014E-02	3.912855E-04
3.320560E+03	2.343299E-02	3.934376E-04
3.330531E+03	2.366092E-02	3.956651E-04
3.340503E+03	2.389430E-02	3.979744E-04
3.350475E+03	2.413341E-02	4.003700E-04
3.360446E+03	2.437745E-02	4.028386E-04
3.370418E+03	2.462693E-02	4.053889E-04
3.380390E+03	2.488091E-02	4.080057E-04
3.390361E+03	2.513905E-02	4.106838E-04
3.400333E+03	2.540128E-02	4.134229E-04
3.410305E+03	2.566679E-02	4.162103E-04
3.420276E+03	2.593505E-02	4.190384E-04
3.430248E+03	2.620476E-02	4.218873E-04
3.440219E+03	2.647564E-02	4.247538E-04
3.450191E+03	2.674666E-02	4.276229E-04
3.460163E+03	2.701652E-02	4.304756E-04
3.470134E+03	2.728467E-02	4.333049E-04
3.480106E+03	2.755045E-02	4.361024E-04
3.490078E+03	2.781377E-02	4.388687E-04
3.500049E+03	2.807464E-02	4.416064E-04
3.510021E+03	2.833264E-02	4.443107E-04
3.519993E+03	2.858737E-02	4.469775E-04
3.529964E+03	2.883837E-02	4.495993E-04
3.539936E+03	2.908496E-02	4.521652E-04
3.549908E+03	2.932661E-02	4.546669E-04
3.559879E+03	2.956298E-02	4.570982E-04
3.569851E+03	2.979358E-02	4.594514E-04
3.579823E+03	3.001812E-02	4.617214E-04
3.589794E+03	3.023707E-02	4.639150E-04
3.599766E+03	3.045022E-02	4.660283E-04
3.609738E+03	3.065846E-02	4.680741E-04
3.619709E+03	3.086391E-02	4.700840E-04
3.629681E+03	3.106831E-02	4.720833E-04
3.639652E+03	3.127412E-02	4.741080E-04
3.649624E+03	3.148390E-02	4.761952E-04
3.659596E+03	3.170058E-02	4.783874E-04
3.669567E+03	3.192689E-02	4.807237E-04
3.679539E+03	3.216540E-02	4.832400E-04
3.689511E+03	3.241974E-02	4.859883E-04
3.699482E+03	3.269218E-02	4.889996E-04
3.709454E+03	3.298606E-02	4.923206E-04
3.719426E+03	3.330412E-02	4.959889E-04
3.729397E+03	3.364923E-02	5.000433E-04
3.739369E+03	3.402386E-02	5.045167E-04
3.749341E+03	3.443030E-02	5.094387E-04
3.759312E+03	3.487121E-02	5.148444E-04
3.769284E+03	3.534839E-02	5.207558E-04
3.779256E+03	3.586367E-02	5.271949E-04
3.789227E+03	3.641797E-02	5.341706E-04
3.799199E+03	3.701301E-02	5.417028E-04
3.809171E+03	3.764895E-02	5.497890E-04
3.819142E+03	3.832646E-02	5.584336E-04
3.829114E+03	3.904484E-02	5.676211E-04
3.839085E+03	3.980417E-02	5.773477E-04
3.849057E+03	4.060252E-02	5.875802E-04
3.859029E+03	4.143905E-02	5.983014E-04
3.869000E+03	4.231152E-02	6.094741E-04
3.878972E+03	4.321719E-02	6.210543E-04
3.888944E+03	4.415323E-02	6.329971E-04
3.898915E+03	4.511636E-02	6.452513E-04
3.908887E+03	4.610295E-02	6.577616E-04
3.918859E+03	4.710865E-02	6.704628E-04
3.928830E+03	4.812875E-02	6.832855E-04
3.938802E+03	4.915904E-02	6.961680E-04
3.948774E+03	5.019480E-02	7.090420E-04
3.958745E+03	5.122992E-02	7.218206E-04
3.968717E+03	5.226015E-02	7.344444E-04
3.978689E+03	5.328005E-02	7.468375E-04
3.988660E+03	5.428460E-02	7.589316E-04
3.998632E+03	5.526805E-02	7.706484E-04
4.008604E+03	5.622555E-02	7.819239E-04
4.018575E+03	5.715291E-02	7.927037E-04
4.028547E+03	5.804485E-02	8.029200E-04
4.038518E+03	5.889723E-02	8.125207E-04
4.048490E+03	5.970575E-02	8.214535E-04
4.058462E+03	6.046692E-02	8.296773E-04
4.068433E+03	6.117718E-02	8.371512E-04
4.078405E+03	6.183379E-02	8.438462E-04
4.088377E+03	6.243396E-02	8.497334E-04
4.098348E+03	6.297539E-02	8.547910E-04
4.108320E+03	6.345666E-02	8.590098E-04
4.118292E+03	6.387687E-02	8.623877E-04
4.128263E+03	6.423460E-02	8.649163E-04
4.138235E+03	6.453038E-02	8.666134E-04
4.148207E+03	6.476381E-02	8.674844E-04
4.158178E+03	6.493591E-02	8.675539E-04
4.168150E+03	6.504820E-02	8.668526E-04
4.178122E+03	6.510216E-02	8.654109E-04
4.188093E+03	6.509969E-02	8.632641E-04
4.198065E+03	6.504366E-02	8.604605E-04
4.208037E+03	6.493677E-02	8.570448E-04
4.218008E+03	6.478259E-02	8.530731E-04
4.227980E+03	6.458500E-02	8.486052E-04
4.237952E+03	6.434766E-02	8.436969E-04
4.247923E+03	6.407397E-02	8.383998E-04
4.257895E+03	6.376945E-02	8.327932E-04
4.267866E+03	6.343786E-02	8.269317E-04
4.277838E+03	6.308403E-02	8.208839E-04
4.287810E+03	6.271190E-02	8.147056E-04
4.297781E+03	6.232688E-02	8.084715E-04
4.307753E+03	6.193346E-02	8.022435E-04
4.317725E+03	6.153615E-02	7.960828E-04
4.327696E+03	6.113986E-02	7.900558E-04
4.337668E+03	6.074896E-02	7.842211E-04
4.347640E+03	6.036921E-02	7.786538E-04
4.357611E+03	6.000401E-02	7.733925E-04
4.367583E+03	5.965640E-02	7.684704E-04
4.377555E+03	5.932917E-02	7.639173E-04
4.387526E+03	5.902385E-02	7.597468E-04
4.397498E+03	5.874265E-02	7.559815E-04
4.407470E+03	5.848696E-02	7.526340E-04
4.417441E+03	5.825728E-02	7.497054E-04
4.427413E+03	5.805501E-02	7.472087E-04
4.437385E+03	5.787969E-02	7.451331E-04
4.447356E+03	5.773065E-02	7.434654E-04
4.457328E+03	5.760615E-02	7.421777E-04
4.467299E+03	5.750498E-02	7.412485E-04
4.477271E+03	5.742260E-02	7.406139E-04
4.487243E+03	5.735230E-02	7.401821E-04
4.497214E+03	5.728879E-02	7.398793E-04
4.507186E+03	5.722518E-02	7.396112E-04
4.517158E+03	5.715495E-02	7.392881E-04
4.527129E+03	5.707215E-02	7.388272E-04
4.537101E+03	5.697061E-02	7.381431E-04
4.547073E+03	5.684411E-02	7.371494E-04
4.557044E+03	5.668745E-02	7.357727E-04
4.567016E+03	5.649653E-02	7.339539E-04
4.576988E+03	5.626761E-02	7.316386E-04
4.586959E+03	5.599684E-02	7.287707E-04
4.596931E+03	5.568318E-02	7.253309E-04
4.606903E+03	5.532558E-02	7.213002E-04
4.616874E+03	5.492303E-02	7.166601E-04
4.626846E+03	5.447685E-02	7.114227E-04
4.636818E+03	5.398878E-02	7.056063E-04
4.646789E+03	5.346091E-02	6.992341E-04
4.656761E+03	5.289747E-02	6.923579E-04
4.666732E+03	5.230189E-02	6.850191E-04
4.676704E+03	5.167902E-02	6.772789E-04
4.686676E+03	5.103364E-02	6.691978E-04
4.696647E+03	5.037125E-02	6.608462E-04
4.706619E+03	4.969659E-02	6.522850E-04
4.716591E+03	4.901573E-02	6.435933E-04
4.726562E+03	4.833336E-02	6.348324E-04
4.736534E+03	4.765572E-02	6.260840E-04
4.746506E+03	4.698669E-02	6.173995E-04
4.756477E+03	4.633113E-02	6.088433E-04
4.766449E+03	4.569394E-02	6.004804E-04
4.776421E+03	4.507842E-02	5.923548E-04
4.786392E+03	4.448870E-02	5.845220E-04
4.796364E+03	4.392690E-02	5.770103E-04
4.806336E+03	4.339637E-02	5.698648E-04
4.816307E+03	4.289923E-02	5.631141E-04
4.826279E+03	4.243690E-02	5.567775E-04
4.836251E+03	4.201120E-02	5.508796E-04
4.846222E+03	4.162362E-02	5.454401E-04
4.856194E+03	4.127422E-02	5.404604E-04
4.866165E+03	4.096389E-02	5.359522E-04
4.876137E+03	4.069330E-02	5.319244E-04
4.886109E+03	4.046174E-02	5.283674E-04
4.896080E+03	4.026938E-02	5.252833E-04
4.906052E+03	4.011586E-02	5.226670E-04
4.916024E+03	4.000059E-02	5.205103E-04
4.925995E+03	3.992278E-02	5.188023E-04
4.935967E+03	3.988114E-02	5.175258E-04
4.945939E+03	3.987490E-02	5.166700E-04
4.955910E+03	3.990238E-02	5.162124E-04
4.965882E+03	3.996212E-02	5.161334E-04
4.975854E+03	4.005243E-02	5.164110E-04
4.985825E+03	4.017146E-02	5.170204E-04
4.995797E+03	4.031715E-02	5.179351E-04
5.005769E+03	4.048728E-02	5.191264E-04
5.015740E+03	4.067900E-02	5.205579E-04
5.025712E+03	4.088971E-02	5.221966E-04
5.035684E+03	4.111654E-02	5.240069E-04
5.045655E+03	4.135654E-02	5.259521E-04
5.055627E+03	4.160651E-02	5.279935E-04
5.065599E+03	4.186320E-02	5.300915E-04
5.075570E+03	4.212238E-02	5.321952E-04
5.085542E+03	4.238139E-02	5.342743E-04
5.095513E+03	4.263674E-02	5.362882E-04
5.105485E+03	4.288411E-02	5.381869E-04
5.115457E+03	4.312011E-02	5.399325E-04
5.125428E+03	4.334183E-02	5.414939E-04
5.135400E+03	4.354615E-02	5.428380E-04
5.145372E+03	4.372937E-02	5.439248E-04
5.155343E+03	4.388930E-02	5.447338E-04
5.165315E+03	4.402404E-02	5.452486E-04
5.175287E+03	4.413091E-02	5.454432E-04
5.185258E+03	4.420835E-02	5.453061E-04
5.195230E+03	4.425529E-02	5.448318E-04
5.205202E+03	4.427154E-02	5.440256E-04
5.215173E+03	4.425646E-02	5.428875E-04
5.225145E+03	4.421027E-02	5.414280E-04
5.235117E+03	4.413319E-02	5.396571E-04
5.245088E+03	4.402669E-02	5.376002E-04
5.255060E+03	4.389212E-02	5.352804E-04
5.265032E+03	4.373072E-02	5.327197E-04
5.275003E+03	4.354484E-02	5.299530E-04
5.284975E+03	4.333619E-02	5.270063E-04
5.294946E+03	4.310701E-02	5.239126E-04
5.304918E+03	4.286012E-02	5.207109E-04
5.314890E+03	4.259750E-02	5.174296E-04
5.324861E+03	4.232160E-02	5.141021E-04
5.334833E+03	4.203476E-02	5.107609E-04
5.344805E+03	4.173934E-02	5.074372E-04
5.354776E+03	4.143752E-02	5.041607E-04
5.364748E+03	4.113142E-02	5.009593E-04
5.374720E+03	4.082301E-02	4.978578E-04
5.384691E+03	4.051375E-02	4.948735E-04
5.394663E+03	4.020535E-02	4.920264E-04
5.404635E+03	3.989977E-02	4.893378E-04
5.414606E+03	3.959741E-02	4.868069E-04
5.424578E+03	3.929869E-02	4.844326E-04
5.434550E+03	3.900422E-02	4.822164E-04
5.444521E+03	3.871542E-02	4.801699E-04
5.454493E+03	3.843255E-02	4.782907E-04
5.464465E+03	3.815725E-02	4.765939E-04
5.474436E+03	3.788919E-02	4.750702E-04
5.484408E+03	3.762940E-02	4.737274E-04
5.494379E+03	3.737840E-02	4.725680E-04
5.504351E+03	3.713620E-02	4.715875E-04
5.514323E+03	3.690306E-02	4.707852E-04
5.524294E+03	3.667876E-02	4.701546E-04
5.534266E+03	3.646333E-02	4.696927E-04
5.544238E+03	3.625674E-02	4.693956E-04
5.554209E+03	3.605889E-02	4.692591E-04
5.564181E+03	3.586928E-02	4.692737E-04
5.574153E+03	3.568772E-02	4.694343E-04
5.584124E+03	3.551402E-02	4.697359E-04
5.594096E+03	3.534800E-02	4.701736E-04
5.604068E+03	3.518908E-02	4.707378E-04
5.614039E+03	3.503709E-02	4.714238E-04
5.624011E+03	3.489218E-02	4.722319E-04
5.633983E+03	3.475379E-02	4.731526E-04
5.643954E+03	3.462131E-02	4.741763E-04
5.653926E+03	3.449521E-02	4.753077E-04
5.663898E+03	3.437518E-02	4.765412E-04
5.673869E+03	3.426010E-02	4.778598E-04
5.683841E+03	3.414984E-02	4.792608E-04
5.693812E+03	3.404420E-02	4.807398E-04
5.703784E+03	3.394207E-02	4.822802E-04
5.713756E+03	3.384263E-02	4.838689E-04
5.723727E+03	3.374520E-02	4.854950E-04
5.733699E+03	3.364827E-02	4.871349E-04
5.743671E+03	3.355121E-02	4.887782E-04
5.753642E+03	3.345184E-02	4.903909E-04
5.763614E+03	3.334886E-02	4.919520E-04
5.773586E+03	3.324051E-02	4.934327E-04
5.783557E+03	3.312530E-02	4.948077E-04
5.793529E+03	3.300091E-02	4.960394E-04
5.803501E+03	3.286572E-02	4.970993E-04
5.813472E+03	3.271778E-02	4.979535E-04
5.823444E+03	3.255476E-02	4.985620E-04
5.833416E+03	3.237561E-02	4.989033E-04
5.843387E+03	3.217827E-02	4.989400E-04
5.853359E+03	3.196166E-02	4.986491E-04
5.863331E+03	3.172419E-02	4.979998E-04
5.873302E+03	3.146534E-02	4.969768E-04
5.883274E+03	3.118452E-02	4.955642E-04
5.893246E+03	3.088155E-02	4.937525E-04
5.903217E+03	3.055700E-02	4.915435E-04
5.913189E+03	3.021080E-02	4.889296E-04
5.923160E+03	2.984466E-02	4.859320E-04
5.933132E+03	2.946006E-02	4.825686E-04
5.943104E+03	2.905883E-02	4.788639E-04
5.953075E+03	2.864280E-02	4.748432E-04
5.963047E+03	2.821486E-02	4.705499E-04
5.973019E+03	2.777811E-02	4.660326E-04
5.982990E+03	2.733489E-02	4.613278E-04
5.992962E+03	2.688901E-02	4.564981E-04
6.002934E+03	2.644340E-02	4.515928E-04
6.012905E+03	2.600164E-02	4.466733E-04
6.022877E+03	2.556634E-02	4.417857E-04
6.032849E+03	2.514134E-02	4.369987E-04
6.042820E+03	2.472960E-02	4.323672E-04
6.052792E+03	2.433367E-02	4.279401E-04
6.062764E+03	2.395617E-02	4.237686E-04
6.072735E+03	2.359976E-02	4.199055E-04
6.082707E+03	2.326618E-02	4.163888E-04
6.092679E+03	2.295754E-02	4.132634E-04
6.102650E+03	2.267496E-02	4.105576E-04
6.112622E+03	2.241988E-02	4.083060E-04
6.122593E+03	2.219340E-02	4.065373E-04
6.132565E+03	2.199572E-02	4.052648E-04
6.142537E+03	2.182732E-02	4.045067E-04
6.152508E+03	2.168863E-02	4.042808E-04
6.162480E+03	2.157925E-02	4.045895E-04
6.172452E+03	2.149878E-02	4.054351E-04
6.182423E+03	2.144599E-02	4.068044E-04
6.192395E+03	2.141969E-02	4.086839E-04
6.202367E+03	2.141818E-02	4.110508E-04
6.212338E+03	2.143979E-02	4.138808E-04
6.222310E+03	2.148301E-02	4.171512E-04
6.232282E+03	2.154552E-02	4.208234E-04
6.242253E+03	2.162513E-02	4.248601E-04
6.252225E+03	2.171984E-02	4.292270E-04
6.262197E+03	2.182750E-02	4.338859E-04
6.272168E+03	2.194561E-02	4.387905E-04
6.282140E+03	2.207162E-02	4.438922E-04
6.292112E+03	2.220383E-02	4.491589E-04
6.302083E+03	2.233901E-02	4.545264E-04
6.312055E+03	2.247581E-02	4.599672E-04
6.322026E+03	2.261138E-02	4.654226E-04
6.331998E+03	2.274352E-02	4.708457E-04
6.341970E+03	2.287084E-02	4.762055E-04
6.351941E+03	2.299100E-02	4.814509E-04
6.361913E+03	2.310218E-02	4.865398E-04
6.371885E+03	2.320270E-02	4.914325E-04
6.381856E+03	2.329141E-02	4.961003E-04
6.391828E+03	2.336646E-02	5.004984E-04
6.401800E+03	2.342619E-02	5.045852E-04
6.411771E+03	2.346952E-02	5.083309E-04
6.421743E+03	2.349558E-02	5.117103E-04
6.431715E+03	2.350366E-02	5.147003E-04
6.441686E+03	2.349281E-02	5.172731E-04
6.451658E+03	2.346263E-02	5.194122E-04
6.461630E+03	2.341286E-02	5.211041E-04
6.471601E+03	2.334368E-02	5.223455E-04
6.481573E+03	2.325513E-02	5.231292E-04
6.491545E+03	2.314731E-02	5.234504E-04
6.501516E+03	2.302122E-02	5.233242E-04
6.511488E+03	2.287687E-02	5.227438E-04
6.521459E+03	2.271545E-02	5.217295E-04
6.531431E+03	2.253758E-02	5.202894E-04
6.541403E+03	2.234462E-02	5.184487E-04
6.551374E+03	2.213734E-02	5.162200E-04
6.561346E+03	2.191691E-02	5.136250E-04
6.571318E+03	2.168456E-02	5.106883E-04
6.581289E+03	2.144189E-02	5.074433E-04
6.591261E+03	2.118947E-02	5.038999E-04
6.601233E+03	2.092930E-02	5.001025E-04
6.611204E+03	2.066229E-02	4.960703E-04
6.621176E+03	2.038970E-02	4.918312E-04
6.631148E+03	2.011308E-02	4.874212E-04
6.641119E+03	1.983297E-02	4.828519E-04
6.651091E+03	1.955114E-02	4.781661E-04
6.661063E+03	1.926833E-02	4.733812E-04
6.671034E+03	1.898557E-02	4.685224E-04
6.681006E+03	1.870412E-02	4.636217E-04
6.690978E+03	1.842450E-02	4.586923E-04
6.700949E+03	1.814753E-02	4.537560E-04
6.710921E+03	1.787392E-02	4.488316E-04
6.720893E+03	1.760460E-02	4.439441E-04
6.730864E+03	1.733985E-02	4.391021E-04
6.740836E+03	1.708013E-02	4.343194E-04
6.750807E+03	1.682618E-02	4.296167E-04
6.760779E+03	1.657805E-02	4.249976E-04
6.770751E+03	1.633600E-02	4.204709E-04
6.780722E+03	1.610054E-02	4.160522E-04
6.790694E+03	1.587128E-02	4.117338E-04
6.800666E+03	1.564888E-02	4.075350E-04
6.810637E+03	1.543339E-02	4.034600E-04
6.820609E+03	1.522427E-02	3.994967E-04
6.830581E+03	1.502204E-02	3.956612E-04
6.840552E+03	1.482635E-02	3.919469E-04
6.850524E+03	1.463710E-02	3.883534E-04
6.860496E+03	1.445415E-02	3.848791E-04
6.870467E+03	1.427736E-02	3.815223E-04
6.880439E+03	1.410678E-02	3.782869E-04
6.890411E+03	1.394169E-02	3.751555E-04
6.900382E+03	1.378238E-02	3.721379E-04
6.910354E+03	1.362809E-02	3.692155E-04
6.920326E+03	1.347909E-02	3.663971E-04
6.930297E+03	1.333458E-02	3.636633E-04
6.940269E+03	1.319482E-02	3.610219E-04
6.950240E+03	1.305899E-02	3.584529E-04
6.960212E+03	1.292707E-02	3.559567E-04
6.970184E+03	1.279876E-02	3.535264E-04
6.980155E+03	1.267351E-02	3.511483E-04
6.990127E+03	1.255152E-02	3.488288E-04
7.000099E+03	1.243200E-02	3.465472E-04
7.010070E+03	1.231465E-02	3.442961E-04
7.020042E+03	1.219942E-02	3.420751E-04
7.030014E+03	1.208603E-02	3.398768E-04
7.039985E+03	1.197394E-02	3.376874E-04
7.049957E+03	1.186290E-02	3.354998E-04
7.059929E+03	1.175288E-02	3.333140E-04
7.069900E+03	1.164338E-02	3.311167E-04
7.079872E+03	1.153418E-02	3.289016E-04
7.089844E+03	1.142505E-02	3.266629E-04
7.099815E+03	1.131602E-02	3.244018E-04
7.109787E+03	1.120645E-02	3.221001E-04
7.119759E+03	1.109664E-02	3.197666E-04
7.129730E+03	1.098598E-02	3.173845E-04
7.139702E+03	1.087460E-02	3.149572E-04
7.149673E+03	1.076241E-02	3.124825E-04
7.159645E+03	1.064934E-02	3.099586E-04
7.169617E+03	1.053514E-02	3.073784E-04
7.179588E+03	1.042003E-02	3.047484E-04
7.189560E+03	1.030403E-02	3.020695E-04
7.199532E+03	1.018699E-02	2.993372E-04
7.209503E+03	1.006899E-02	2.965542E-04
7.219475E+03	9.950353E-03	2.937304E-04
7.229447E+03	9.831019E-03	2.908639E-04
7.239418E+03	9.711152E-03	2.879601E-04
7.249390E+03	9.591160E-03	2.850312E-04
7.259362E+03	9.471048E-03	2.820777E-04
7.269333E+03	9.351056E-03	2.791072E-04
7.279305E+03	9.231849E-03	2.761400E-04
7.289277E+03	9.113080E-03	2.731661E-04
7.299248E+03	8.995645E-03	2.702129E-04
7.309220E+03	8.879427E-03	2.672774E-04
7.319192E+03	8.765125E-03	2.643814E-04
7.329163E+03	8.652836E-03	2.615284E-04
7.339135E+03	8.543054E-03	2.587341E-04
7.349106E+03	8.436264E-03	2.560139E-04
7.359078E+03	8.332556E-03	2.533716E-04
7.369050E+03	8.232783E-03	2.508338E-04
7.379021E+03	8.137010E-03	2.484036E-04
7.388993E+03	8.045488E-03	2.460898E-04
7.398965E+03	7.959200E-03	2.439233E-04
7.408936E+03	7.877795E-03	2.418946E-04
7.418908E+03	7.802030E-03	2.400283E-04
7.428880E+03	7.732081E-03	2.383308E-04
7.438851E+03	7.667742E-03	2.367972E-04
7.448823E+03	7.608979E-03	2.354275E-04
7.458795E+03	7.555918E-03	2.342269E-04
7.468766E+03	7.508489E-03	2.331945E-04
7.478738E+03	7.466780E-03	2.323341E-04
7.488710E+03	7.430677E-03	2.316435E-04
7.498681E+03	7.400043E-03	2.311195E-04
7.508653E+03	7.374901E-03	2.307640E-04
7.518625E+03	7.355247E-03	2.305782E-04
7.528596E+03	7.340871E-03	2.305565E-04
7.538568E+03	7.331900E-03	2.307041E-04
7.548540E+03	7.327889E-03	2.310081E-04
7.558511E+03	7.329094E-03	2.314778E-04
7.568483E+03	7.335198E-03	2.321042E-04
7.578454E+03	7.345854E-03	2.328774E-04
7.588426E+03	7.361052E-03	2.337982E-04
7.598398E+03	7.380384E-03	2.348547E-04
7.608369E+03	7.403785E-03	2.360457E-04
7.618341E+03	7.430977E-03	2.373635E-04
7.628313E+03	7.461456E-03	2.387928E-04
7.638284E+03	7.495072E-03	2.403297E-04
7.648256E+03	7.531259E-03	2.419570E-04
7.658228E+03	7.569810E-03	2.436687E-04
7.668199E+03	7.610296E-03	2.454517E-04
7.678171E+03	7.652055E-03	2.472854E-04
7.688143E+03	7.694802E-03	2.491611E-04
7.698114E+03	7.738024E-03	2.510627E-04
7.708086E+03	7.781188E-03	2.529733E-04
7.718058E+03	7.823740E-03	2.548753E-04
7.728029E+03	7.865108E-03	2.567501E-04
7.738001E+03	7.904706E-03	2.585788E-04
7.747973E+03	7.942155E-03	2.603489E-04
7.757944E+03	7.976646E-03	2.620339E-04
7.767916E+03	8.007801E-03	2.636210E-04
7.777887E+03	8.034815E-03	2.650832E-04
7.787859E+03	8.057557E-03	2.664159E-04
7.797831E+03	8.075259E-03	2.675928E-04
7.807802E+03	8.087619E-03	2.686033E-04
7.817774E+03	8.093924E-03	2.694228E-04
7.827746E+03	8.094179E-03	2.700503E-04
7.837717E+03	8.087984E-03	2.704713E-04
7.847689E+03	8.074988E-03	2.706729E-04
7.857661E+03	8.055126E-03	2.706515E-04
7.867632E+03	8.028166E-03	2.703978E-04
7.877604E+03	7.994164E-03	2.699122E-04
7.887576E+03	7.953249E-03	2.691975E-04
7.897547E+03	7.905608E-03	2.682584E-04
7.907519E+03	7.851045E-03	2.670865E-04
7.917491E+03	7.790337E-03	2.657066E-04
7.927462E+03	7.723650E-03	2.641227E-04
7.937434E+03	7.651210E-03	2.623410E-04
7.947406E+03	7.573543E-03	2.603778E-04
7.957377E+03	7.491017E-03	2.582438E-04
7.967349E+03	7.403867E-03	2.559453E-04
7.977320E+03	7.312405E-03	2.534913E-04
7.987292E+03	7.216793E-03	2.508854E-04
7.997264E+03	7.118094E-03	2.481631E-04
8.007235E+03	7.016135E-03	2.453167E-04
8.017207E+03	6.912040E-03	2.423841E-04
8.027179E+03	6.805912E-03	2.393677E-04
8.037150E+03	6.698695E-03	2.362996E-04
8.047122E+03	6.590922E-03	2.331978E-04
8.057094E+03	6.483328E-03	2.300874E-04
8.067065E+03	6.376444E-03	2.269871E-04
8.077037E+03	6.270788E-03	2.239149E-04
8.087009E+03	6.167241E-03	2.209023E-04
8.096980E+03	6.066276E-03	2.179664E-04
8.106952E+03	5.968524E-03	2.151304E-04
8.116924E+03	5.874580E-03	2.124165E-04
8.126895E+03	5.784833E-03	2.098396E-04
8.136867E+03	5.699810E-03	2.074198E-04
8.146839E+03	5.620001E-03	2.051763E-04
8.156810E+03	5.545853E-03	2.031270E-04
8.166782E+03	5.477778E-03	2.012887E-04
8.176753E+03	5.415989E-03	1.996710E-04
8.186725E+03	5.360987E-03	1.982945E-04
8.196697E+03	5.312917E-03	1.971667E-04
8.206668E+03	5.272213E-03	1.963061E-04
8.216640E+03	5.238806E-03	1.957125E-04
8.226612E+03	5.213223E-03	1.954084E-04
8.236583E+03	5.195347E-03	1.953919E-04
8.246555E+03	5.185500E-03	1.956780E-04
8.256527E+03	5.183822E-03	1.962750E-04
8.266498E+03	5.190437E-03	1.971904E-04
8.276470E+03	5.205289E-03	1.984253E-04
8.286442E+03	5.228613E-03	1.999918E-04
8.296413E+03	5.260465E-03	2.018953E-04
8.306385E+03	5.300725E-03	2.041343E-04
8.316357E+03	5.349399E-03	2.067124E-04
8.326328E+03	5.406635E-03	2.096386E-04
8.336300E+03	5.472066E-03	2.129021E-04
8.346272E+03	5.545939E-03	2.165157E-04
8.356243E+03	5.628156E-03	2.204790E-04
8.366215E+03	5.718236E-03	2.247765E-04
8.376187E+03	5.816160E-03	2.294105E-04
8.386158E+03	5.921698E-03	2.343753E-04
8.396130E+03	6.034758E-03	2.396703E-04
8.406101E+03	6.154656E-03	2.452713E-04
8.416073E+03	6.281192E-03	2.511732E-04
8.426045E+03	6.413932E-03	2.573613E-04
8.436016E+03	6.552192E-03	2.638107E-04
8.445988E+03	6.695817E-03	2.705174E-04
8.455960E+03	6.843805E-03	2.774431E-04
8.465931E+03	6.995695E-03	2.845709E-04
8.475903E+03	7.150555E-03	2.918644E-04
8.485875E+03	7.307828E-03	2.993021E-04
8.495846E+03	7.466481E-03	3.068425E-04
8.505818E+03	7.625878E-03	3.144599E-04
8.515790E+03	7.785136E-03	3.221182E-04
8.525761E+03	7.943101E-03	3.297693E-04
8.535733E+03	8.098832E-03	3.373736E-04
8.545705E+03	8.251376E-03	3.448902E-04
8.555676E+03	8.400048E-03	3.522889E-04
8.565648E+03	8.543661E-03	3.595183E-04
8.575620E+03	8.681579E-03	3.665492E-04
8.585591E+03	8.812388E-03	3.733192E-04
8.595563E+03	8.935805E-03	3.798132E-04
8.605534E+03	9.050783E-03	3.859833E-04
8.615506E+03	9.156611E-03	3.917955E-04
8.625478E+03	9.252650E-03	3.972183E-04
8.635449E+03	9.338340E-03	4.022233E-04
8.645421E+03	9.413203E-03	4.067854E-04
8.655393E+03	9.476857E-03	4.108833E-04
8.665364E+03	9.529005E-03	4.144991E-04
8.675336E+03	9.569447E-03	4.176190E-04
8.685308E+03	9.598074E-03	4.202333E-04
8.695279E+03	9.614872E-03	4.223362E-04
8.705251E+03	9.620228E-03	4.239394E-04
8.715223E+03	9.613676E-03	4.250175E-04
8.725194E+03	9.595766E-03	4.255896E-04
8.735166E+03	9.567129E-03	4.256789E-04
8.745138E+03	9.527831E-03	4.252835E-04
8.755109E+03	9.478311E-03	4.244187E-04
8.765081E+03	9.419379E-03	4.231162E-04
8.775053E+03	9.351570E-03	4.213961E-04
8.785024E+03	9.275455E-03	4.192804E-04
8.794996E+03	9.191940E-03	4.168065E-04
8.804967E+03	9.101331E-03	4.139852E-04
8.814939E+03	9.004868E-03	4.108699E-04
8.824911E+03	8.902867E-03	4.074727E-04
8.834882E+03	8.796255E-03	4.038336E-04
8.844854E+03	8.685637E-03	3.999786E-04
8.854826E+03	8.571015E-03	3.959060E-04
8.864797E+03	8.453565E-03	3.916686E-04
8.874769E+03	8.333255E-03	3.872637E-04
8.884741E+03	8.210915E-03	3.827289E-04
8.894712E+03	8.086477E-03	3.780599E-04
8.904684E+03	7.960999E-03	3.733058E-04
8.914656E+03	7.834364E-03	3.684604E-04
8.924627E+03	7.707273E-03	3.635564E-04
8.934599E+03	7.580111E-03	3.586119E-04
8.944571E+03	7.452957E-03	3.536306E-04
8.954542E+03	7.326402E-03	3.486407E-04
8.964514E+03	7.200729E-03	3.436559E-04
8.974486E+03	7.076187E-03	3.386886E-04
9.014372E+03	6.593245E-03	3.191947E-04
9.054259E+03	6.142720E-03	3.007283E-04
9.094145E+03	5.729733E-03	2.836001E-04
9.134032E+03	5.354721E-03	2.678972E-04
9.173919E+03	5.015581E-03	2.535789E-04
9.213805E+03	4.707976E-03	2.404848E-04
9.253692E+03	4.427887E-03	2.284617E-04
9.293578E+03	4.170454E-03	2.173031E-04
9.333465E+03	3.932459E-03	2.068787E-04
9.373352E+03	3.711088E-03	1.970724E-04
9.413238E+03	3.504357E-03	1.878068E-04
9.453125E+03	3.311536E-03	1.790677E-04
9.493011E+03	3.132043E-03	1.708474E-04
9.532898E+03	2.965951E-03	1.631723E-04
9.572785E+03	2.813440E-03	1.560747E-04
9.612671E+03	2.674956E-03	1.496016E-04
9.652558E+03	2.550754E-03	1.437893E-04
9.692444E+03	2.440662E-03	1.386498E-04
9.732331E+03	2.344854E-03	1.342140E-04
9.772218E+03	2.263177E-03	1.304937E-04
9.812104E+03	2.194982E-03	1.274709E-04
9.851991E+03	2.139952E-03	1.251454E-04
9.891877E+03	2.096975E-03	1.234690E-04
9.931764E+03	2.065628E-03	1.224323E-04
9.971651E+03	2.044597E-03	1.219712E-04
1.001154E+04	2.033015E-03	1.220461E-04
1.005142E+04	2.030030E-03	1.226166E-04
1.009131E+04	2.034494E-03	1.236227E-04
1.013120E+04	2.045676E-03	1.250278E-04
1.017108E+04	2.062754E-03	1.267883E-04
1.021097E+04	2.084977E-03	1.288639E-04
1.025086E+04	2.111865E-03	1.312296E-04
1.029074E+04	2.142796E-03	1.338508E-04
