#wls	flux	fluxerr
1.600000E+03	9.214090E-18	5.960966E-18
1.640000E+03	9.206310E-18	5.880103E-18
1.680000E+03	9.214220E-18	5.807145E-18
1.720000E+03	9.236669E-18	5.740935E-18
1.760000E+03	9.275799E-18	5.682360E-18
1.800000E+03	9.332691E-18	5.631564E-18
1.840000E+03	9.408482E-18	5.588660E-18
1.880000E+03	9.504382E-18	5.553737E-18
1.920000E+03	9.620728E-18	5.526306E-18
1.960000E+03	9.759941E-18	5.507012E-18
2.000000E+03	9.924532E-18	5.496417E-18
2.040000E+03	1.011620E-17	5.494506E-18
2.080000E+03	1.033687E-17	5.501262E-18
2.120000E+03	1.059143E-17	5.518104E-18
2.160000E+03	1.088501E-17	5.546290E-18
2.200000E+03	1.122302E-17	5.586933E-18
2.240000E+03	1.161577E-17	5.643219E-18
2.280000E+03	1.207226E-17	5.717131E-18
2.320000E+03	1.260035E-17	5.809605E-18
2.360000E+03	1.320694E-17	5.920660E-18
2.400000E+03	1.389633E-17	6.048715E-18
2.440000E+03	1.467936E-17	6.194630E-18
2.480000E+03	1.556367E-17	6.357258E-18
2.520000E+03	1.656300E-17	6.537328E-18
2.560000E+03	1.769012E-17	6.734323E-18
2.600000E+03	1.896370E-17	6.949031E-18
2.640000E+03	2.040208E-17	7.180934E-18
2.680000E+03	2.202744E-17	7.429612E-18
2.720000E+03	2.386435E-17	7.693971E-18
2.760000E+03	2.594222E-17	7.972828E-18
2.800000E+03	2.829066E-17	8.263181E-18
2.840000E+03	3.094951E-17	8.562991E-18
2.880000E+03	3.396237E-17	8.868737E-18
2.920000E+03	3.738912E-17	9.178265E-18
2.960000E+03	4.130394E-17	9.489173E-18
3.000000E+03	4.580205E-17	9.799311E-18
3.010000E+03	4.703137E-17	9.876489E-18
3.020000E+03	4.830490E-17	9.953057E-18
3.030000E+03	4.962548E-17	1.002911E-17
3.040000E+03	5.099608E-17	1.010471E-17
3.050000E+03	5.241843E-17	1.017965E-17
3.060000E+03	5.389432E-17	1.025372E-17
3.070000E+03	5.542845E-17	1.032723E-17
3.080000E+03	5.702145E-17	1.039968E-17
3.090000E+03	5.867540E-17	1.047083E-17
3.100000E+03	6.039545E-17	1.054096E-17
3.110000E+03	6.218401E-17	1.060981E-17
3.120000E+03	6.404511E-17	1.067738E-17
3.130000E+03	6.597839E-17	1.074290E-17
3.140000E+03	6.799280E-17	1.080711E-17
3.150000E+03	7.008829E-17	1.086926E-17
3.160000E+03	7.226964E-17	1.092932E-17
3.170000E+03	7.454184E-17	1.098729E-17
3.180000E+03	7.690856E-17	1.104291E-17
3.190000E+03	7.937535E-17	1.109620E-17
3.200000E+03	8.194639E-17	1.114692E-17
3.210000E+03	8.462783E-17	1.119510E-17
3.220000E+03	8.742449E-17	1.124059E-17
3.230000E+03	9.034328E-17	1.128347E-17
3.240000E+03	9.338974E-17	1.132364E-17
3.250000E+03	9.656982E-17	1.136108E-17
3.260000E+03	9.989179E-17	1.139604E-17
3.270000E+03	1.033626E-16	1.142863E-17
3.280000E+03	1.069916E-16	1.145927E-17
3.290000E+03	1.107869E-16	1.148828E-17
3.300000E+03	1.147575E-16	1.151613E-17
3.310000E+03	1.189126E-16	1.154344E-17
3.320000E+03	1.232648E-16	1.157120E-17
3.330000E+03	1.278253E-16	1.160045E-17
3.340000E+03	1.326060E-16	1.163246E-17
3.350000E+03	1.376203E-16	1.166877E-17
3.360000E+03	1.428801E-16	1.171108E-17
3.370000E+03	1.484028E-16	1.176180E-17
3.380000E+03	1.542027E-16	1.182338E-17
3.390000E+03	1.602997E-16	1.189904E-17
3.400000E+03	1.667106E-16	1.199206E-17
3.410000E+03	1.734504E-16	1.210606E-17
3.420000E+03	1.805455E-16	1.224574E-17
3.430000E+03	1.880105E-16	1.241538E-17
3.440000E+03	1.958688E-16	1.262012E-17
3.450000E+03	2.041417E-16	1.286521E-17
3.460000E+03	2.128509E-16	1.315604E-17
3.470000E+03	2.220158E-16	1.349785E-17
3.480000E+03	2.316579E-16	1.389592E-17
3.490000E+03	2.417928E-16	1.435488E-17
3.500000E+03	2.524437E-16	1.487946E-17
3.510000E+03	2.636238E-16	1.547329E-17
3.520000E+03	2.753445E-16	1.613934E-17
3.530000E+03	2.876186E-16	1.688004E-17
3.540000E+03	3.004464E-16	1.769646E-17
3.550000E+03	3.138322E-16	1.858925E-17
3.560000E+03	3.277772E-16	1.955829E-17
3.570000E+03	3.422762E-16	2.060246E-17
3.580000E+03	3.573203E-16	2.171991E-17
3.590000E+03	3.728927E-16	2.290776E-17
3.600000E+03	3.889885E-16	2.416339E-17
3.610000E+03	4.055830E-16	2.548257E-17
3.620000E+03	4.226595E-16	2.686111E-17
3.630000E+03	4.401977E-16	2.829425E-17
3.640000E+03	4.581733E-16	2.977667E-17
3.650000E+03	4.765582E-16	3.130246E-17
3.660000E+03	4.953248E-16	3.286552E-17
3.670000E+03	5.144471E-16	3.445957E-17
3.680000E+03	5.338906E-16	3.607761E-17
3.690000E+03	5.536125E-16	3.771189E-17
3.700000E+03	5.735863E-16	3.935563E-17
3.710000E+03	5.937624E-16	4.100038E-17
3.720000E+03	6.141036E-16	4.263850E-17
3.730000E+03	6.345646E-16	4.426176E-17
3.740000E+03	6.551031E-16	4.586220E-17
3.750000E+03	6.756630E-16	4.743096E-17
3.760000E+03	6.961971E-16	4.895998E-17
3.770000E+03	7.166629E-16	5.044168E-17
3.780000E+03	7.369979E-16	5.186732E-17
3.790000E+03	7.571503E-16	5.322922E-17
3.800000E+03	7.770672E-16	5.451997E-17
3.810000E+03	7.966953E-16	5.573251E-17
3.820000E+03	8.159740E-16	5.685974E-17
3.830000E+03	8.348493E-16	5.789550E-17
3.840000E+03	8.532747E-16	5.883470E-17
3.850000E+03	8.711833E-16	5.967142E-17
3.860000E+03	8.885307E-16	6.040190E-17
3.870000E+03	9.052669E-16	6.102265E-17
3.880000E+03	9.213365E-16	6.153048E-17
3.890000E+03	9.366940E-16	6.192357E-17
3.900000E+03	9.512965E-16	6.220096E-17
3.910000E+03	9.650969E-16	6.236214E-17
3.920000E+03	9.780672E-16	6.240852E-17
3.930000E+03	9.901598E-16	6.234097E-17
3.940000E+03	1.001356E-15	6.216280E-17
3.950000E+03	1.011632E-15	6.187774E-17
3.960000E+03	1.020956E-15	6.148945E-17
3.970000E+03	1.029315E-15	6.100343E-17
3.980000E+03	1.036703E-15	6.042601E-17
3.990000E+03	1.043120E-15	5.976424E-17
4.000000E+03	1.048555E-15	5.902489E-17
4.010000E+03	1.053020E-15	5.821625E-17
4.020000E+03	1.056533E-15	5.734700E-17
4.030000E+03	1.059110E-15	5.642553E-17
4.040000E+03	1.060772E-15	5.546019E-17
4.050000E+03	1.061556E-15	5.445964E-17
4.060000E+03	1.061495E-15	5.343200E-17
4.070000E+03	1.060617E-15	5.238471E-17
4.080000E+03	1.058980E-15	5.132620E-17
4.090000E+03	1.056621E-15	5.026331E-17
4.100000E+03	1.053599E-15	4.920323E-17
4.110000E+03	1.049964E-15	4.815221E-17
4.120000E+03	1.045764E-15	4.711550E-17
4.130000E+03	1.041071E-15	4.609863E-17
4.140000E+03	1.035937E-15	4.510520E-17
4.150000E+03	1.030422E-15	4.413825E-17
4.160000E+03	1.024598E-15	4.320011E-17
4.170000E+03	1.018531E-15	4.229198E-17
4.180000E+03	1.012285E-15	4.141446E-17
4.190000E+03	1.005933E-15	4.056810E-17
4.200000E+03	9.995309E-16	3.975246E-17
4.210000E+03	9.931580E-16	3.896787E-17
4.220000E+03	9.868671E-16	3.821355E-17
4.230000E+03	9.807332E-16	3.748948E-17
4.240000E+03	9.748049E-16	3.679456E-17
4.250000E+03	9.691595E-16	3.612864E-17
4.260000E+03	9.638474E-16	3.549050E-17
4.270000E+03	9.589228E-16	3.487910E-17
4.280000E+03	9.544352E-16	3.429322E-17
4.290000E+03	9.504447E-16	3.373218E-17
4.300000E+03	9.469999E-16	3.319503E-17
4.310000E+03	9.441373E-16	3.268063E-17
4.320000E+03	9.419051E-16	3.218849E-17
4.330000E+03	9.403407E-16	3.171806E-17
4.340000E+03	9.394860E-16	3.126922E-17
4.350000E+03	9.393804E-16	3.084207E-17
4.360000E+03	9.400445E-16	3.043633E-17
4.370000E+03	9.414878E-16	3.005165E-17
4.380000E+03	9.436849E-16	2.968677E-17
4.390000E+03	9.466361E-16	2.934146E-17
4.400000E+03	9.503037E-16	2.901430E-17
4.410000E+03	9.546755E-16	2.870482E-17
4.420000E+03	9.597107E-16	2.841185E-17
4.430000E+03	9.653787E-16	2.813469E-17
4.440000E+03	9.716438E-16	2.787270E-17
4.450000E+03	9.784664E-16	2.762538E-17
4.460000E+03	9.858022E-16	2.739228E-17
4.470000E+03	9.936106E-16	2.717321E-17
4.480000E+03	1.001854E-15	2.696813E-17
4.490000E+03	1.010456E-15	2.677568E-17
4.500000E+03	1.019375E-15	2.659518E-17
4.510000E+03	1.028544E-15	2.642469E-17
4.520000E+03	1.037878E-15	2.626076E-17
4.530000E+03	1.047301E-15	2.609967E-17
4.540000E+03	1.056724E-15	2.593737E-17
4.550000E+03	1.066065E-15	2.577024E-17
4.560000E+03	1.075220E-15	2.559463E-17
4.570000E+03	1.084115E-15	2.540806E-17
4.580000E+03	1.092648E-15	2.520793E-17
4.590000E+03	1.100746E-15	2.499286E-17
4.600000E+03	1.108304E-15	2.476111E-17
4.610000E+03	1.115271E-15	2.451227E-17
4.620000E+03	1.121557E-15	2.424517E-17
4.630000E+03	1.127107E-15	2.395937E-17
4.640000E+03	1.131880E-15	2.365405E-17
4.650000E+03	1.135837E-15	2.332774E-17
4.660000E+03	1.138938E-15	2.297748E-17
4.670000E+03	1.141188E-15	2.259899E-17
4.680000E+03	1.142560E-15	2.218618E-17
4.690000E+03	1.143093E-15	2.173403E-17
4.700000E+03	1.142775E-15	2.123686E-17
4.710000E+03	1.141655E-15	2.069100E-17
4.720000E+03	1.139775E-15	2.009374E-17
4.730000E+03	1.137188E-15	1.944369E-17
4.740000E+03	1.133955E-15	1.874101E-17
4.750000E+03	1.130156E-15	1.798740E-17
4.760000E+03	1.125867E-15	1.718557E-17
4.770000E+03	1.121166E-15	1.634078E-17
4.780000E+03	1.116141E-15	1.546251E-17
4.790000E+03	1.110869E-15	1.456551E-17
4.800000E+03	1.105419E-15	1.367172E-17
4.810000E+03	1.099859E-15	1.281199E-17
4.820000E+03	1.094251E-15	1.202732E-17
4.830000E+03	1.088659E-15	1.136883E-17
4.840000E+03	1.083123E-15	1.089318E-17
4.850000E+03	1.077697E-15	1.065171E-17
4.860000E+03	1.072417E-15	1.067257E-17
4.870000E+03	1.067338E-15	1.094623E-17
4.880000E+03	1.062504E-15	1.142912E-17
4.890000E+03	1.057942E-15	1.206265E-17
4.900000E+03	1.053693E-15	1.278994E-17
4.910000E+03	1.049774E-15	1.356342E-17
4.920000E+03	1.046226E-15	1.434733E-17
4.930000E+03	1.043042E-15	1.511578E-17
4.940000E+03	1.040238E-15	1.585147E-17
4.950000E+03	1.037813E-15	1.654314E-17
4.960000E+03	1.035756E-15	1.718362E-17
4.970000E+03	1.034043E-15	1.776816E-17
4.980000E+03	1.032634E-15	1.829372E-17
4.990000E+03	1.031513E-15	1.875912E-17
5.000000E+03	1.030628E-15	1.916336E-17
5.010000E+03	1.029956E-15	1.950677E-17
5.020000E+03	1.029476E-15	1.979030E-17
5.030000E+03	1.029180E-15	2.001550E-17
5.040000E+03	1.029071E-15	2.018481E-17
5.050000E+03	1.029149E-15	2.030165E-17
5.060000E+03	1.029437E-15	2.037107E-17
5.070000E+03	1.029955E-15	2.039915E-17
5.080000E+03	1.030713E-15	2.039287E-17
5.090000E+03	1.031743E-15	2.036036E-17
5.100000E+03	1.033060E-15	2.030942E-17
5.110000E+03	1.034700E-15	2.024664E-17
5.120000E+03	1.036686E-15	2.017545E-17
5.130000E+03	1.039058E-15	2.009782E-17
5.140000E+03	1.041827E-15	2.001457E-17
5.150000E+03	1.045037E-15	1.992717E-17
5.160000E+03	1.048687E-15	1.983642E-17
5.170000E+03	1.052812E-15	1.974374E-17
5.180000E+03	1.057402E-15	1.964935E-17
5.190000E+03	1.062475E-15	1.955385E-17
5.200000E+03	1.068021E-15	1.945719E-17
5.210000E+03	1.074043E-15	1.935916E-17
5.220000E+03	1.080532E-15	1.925931E-17
5.230000E+03	1.087446E-15	1.915701E-17
5.240000E+03	1.094779E-15	1.905242E-17
5.250000E+03	1.102484E-15	1.894545E-17
5.260000E+03	1.110508E-15	1.883600E-17
5.270000E+03	1.118804E-15	1.872386E-17
5.280000E+03	1.127309E-15	1.860863E-17
5.290000E+03	1.135952E-15	1.849009E-17
5.300000E+03	1.144633E-15	1.836742E-17
5.310000E+03	1.153291E-15	1.824101E-17
5.320000E+03	1.161831E-15	1.811132E-17
5.330000E+03	1.170170E-15	1.797928E-17
5.340000E+03	1.178217E-15	1.784684E-17
5.350000E+03	1.185904E-15	1.771795E-17
5.360000E+03	1.193147E-15	1.759778E-17
5.370000E+03	1.199887E-15	1.749349E-17
5.380000E+03	1.206031E-15	1.741282E-17
5.390000E+03	1.211526E-15	1.736408E-17
5.400000E+03	1.216307E-15	1.735457E-17
5.410000E+03	1.220293E-15	1.738920E-17
5.420000E+03	1.223410E-15	1.746887E-17
5.430000E+03	1.225590E-15	1.759026E-17
5.440000E+03	1.226712E-15	1.774561E-17
5.450000E+03	1.226714E-15	1.792513E-17
5.460000E+03	1.225518E-15	1.811748E-17
5.470000E+03	1.223061E-15	1.831113E-17
5.480000E+03	1.219314E-15	1.849503E-17
5.490000E+03	1.214295E-15	1.865983E-17
5.500000E+03	1.207991E-15	1.879717E-17
5.510000E+03	1.200443E-15	1.890075E-17
5.520000E+03	1.191723E-15	1.896662E-17
5.530000E+03	1.181889E-15	1.899233E-17
5.540000E+03	1.171058E-15	1.897767E-17
5.550000E+03	1.159353E-15	1.892404E-17
5.560000E+03	1.146914E-15	1.883430E-17
5.570000E+03	1.133890E-15	1.871205E-17
5.580000E+03	1.120452E-15	1.856215E-17
5.590000E+03	1.106785E-15	1.839037E-17
5.600000E+03	1.093096E-15	1.820317E-17
5.610000E+03	1.079566E-15	1.800683E-17
5.620000E+03	1.066427E-15	1.780837E-17
5.630000E+03	1.053874E-15	1.761343E-17
5.640000E+03	1.042127E-15	1.742766E-17
5.650000E+03	1.031426E-15	1.725661E-17
5.660000E+03	1.021963E-15	1.710428E-17
5.670000E+03	1.013955E-15	1.697476E-17
5.680000E+03	1.007588E-15	1.687126E-17
5.690000E+03	1.003044E-15	1.679638E-17
5.700000E+03	1.000499E-15	1.675252E-17
5.710000E+03	1.000100E-15	1.674168E-17
5.720000E+03	1.001956E-15	1.676518E-17
5.730000E+03	1.006164E-15	1.682436E-17
5.740000E+03	1.012803E-15	1.692056E-17
5.750000E+03	1.021892E-15	1.705405E-17
5.760000E+03	1.033432E-15	1.722493E-17
5.770000E+03	1.047368E-15	1.743201E-17
5.780000E+03	1.063569E-15	1.767196E-17
5.790000E+03	1.081872E-15	1.794049E-17
5.800000E+03	1.102054E-15	1.823227E-17
5.810000E+03	1.123838E-15	1.854086E-17
5.820000E+03	1.146904E-15	1.885929E-17
5.830000E+03	1.170891E-15	1.918026E-17
5.840000E+03	1.195403E-15	1.949596E-17
5.850000E+03	1.220033E-15	1.979868E-17
5.860000E+03	1.244335E-15	2.008007E-17
5.870000E+03	1.267900E-15	2.033167E-17
5.880000E+03	1.290318E-15	2.054488E-17
5.890000E+03	1.311203E-15	2.071161E-17
5.900000E+03	1.330226E-15	2.082441E-17
5.910000E+03	1.347055E-15	2.087634E-17
5.920000E+03	1.361485E-15	2.086334E-17
5.930000E+03	1.373305E-15	2.078206E-17
5.940000E+03	1.382362E-15	2.063140E-17
5.950000E+03	1.388625E-15	2.041365E-17
5.960000E+03	1.392043E-15	2.013200E-17
5.970000E+03	1.392672E-15	1.979253E-17
5.980000E+03	1.390627E-15	1.940280E-17
5.990000E+03	1.386064E-15	1.897059E-17
6.000000E+03	1.379189E-15	1.850444E-17
6.010000E+03	1.370244E-15	1.801310E-17
6.020000E+03	1.359542E-15	1.750497E-17
6.030000E+03	1.347365E-15	1.698704E-17
6.040000E+03	1.334033E-15	1.646511E-17
6.050000E+03	1.319863E-15	1.594189E-17
6.060000E+03	1.305140E-15	1.541789E-17
6.070000E+03	1.290138E-15	1.489189E-17
6.080000E+03	1.275093E-15	1.435995E-17
6.090000E+03	1.260168E-15	1.381651E-17
6.100000E+03	1.245546E-15	1.325566E-17
6.110000E+03	1.231296E-15	1.266913E-17
6.120000E+03	1.217510E-15	1.205100E-17
6.130000E+03	1.204206E-15	1.139948E-17
6.140000E+03	1.191392E-15	1.071923E-17
6.150000E+03	1.179060E-15	1.002419E-17
6.160000E+03	1.167220E-15	9.340534E-18
6.170000E+03	1.155809E-15	8.707483E-18
6.180000E+03	1.144776E-15	8.178192E-18
6.190000E+03	1.134026E-15	7.812403E-18
6.200000E+03	1.123519E-15	7.657513E-18
6.210000E+03	1.113231E-15	7.721821E-18
6.220000E+03	1.103142E-15	7.967751E-18
6.230000E+03	1.093228E-15	8.334983E-18
6.240000E+03	1.083535E-15	8.765973E-18
6.250000E+03	1.074055E-15	9.215669E-18
6.260000E+03	1.064823E-15	9.652872E-18
6.270000E+03	1.055890E-15	1.005828E-17
6.280000E+03	1.047263E-15	1.041982E-17
6.290000E+03	1.039003E-15	1.072959E-17
6.300000E+03	1.031108E-15	1.098273E-17
6.310000E+03	1.023607E-15	1.117893E-17
6.320000E+03	1.016484E-15	1.132102E-17
6.330000E+03	1.009732E-15	1.141523E-17
6.340000E+03	1.003334E-15	1.147022E-17
6.350000E+03	9.972726E-16	1.149596E-17
6.360000E+03	9.915293E-16	1.150386E-17
6.370000E+03	9.860781E-16	1.150564E-17
6.380000E+03	9.809184E-16	1.151237E-17
6.390000E+03	9.760469E-16	1.153441E-17
6.400000E+03	9.715032E-16	1.158120E-17
6.410000E+03	9.673311E-16	1.165910E-17
6.420000E+03	9.635889E-16	1.177244E-17
6.430000E+03	9.603340E-16	1.192305E-17
6.440000E+03	9.576660E-16	1.210978E-17
6.450000E+03	9.556934E-16	1.232983E-17
6.460000E+03	9.544844E-16	1.257939E-17
6.470000E+03	9.541649E-16	1.285486E-17
6.480000E+03	9.548151E-16	1.315269E-17
6.490000E+03	9.565106E-16	1.347069E-17
6.500000E+03	9.593482E-16	1.380807E-17
6.510000E+03	9.634001E-16	1.416488E-17
6.520000E+03	9.686928E-16	1.454083E-17
6.530000E+03	9.752737E-16	1.493522E-17
6.540000E+03	9.831489E-16	1.534599E-17
6.550000E+03	9.922848E-16	1.576914E-17
6.560000E+03	1.002561E-15	1.619696E-17
6.570000E+03	1.013878E-15	1.662061E-17
6.580000E+03	1.026039E-15	1.702921E-17
6.590000E+03	1.038872E-15	1.741186E-17
6.600000E+03	1.052148E-15	1.775731E-17
6.610000E+03	1.065638E-15	1.805565E-17
6.620000E+03	1.079119E-15	1.829892E-17
6.630000E+03	1.092326E-15	1.848056E-17
6.640000E+03	1.104987E-15	1.859624E-17
6.650000E+03	1.116882E-15	1.864474E-17
6.660000E+03	1.127731E-15	1.862545E-17
6.670000E+03	1.137314E-15	1.853914E-17
6.680000E+03	1.145490E-15	1.838686E-17
6.690000E+03	1.152082E-15	1.816845E-17
6.700000E+03	1.156996E-15	1.788490E-17
6.710000E+03	1.160128E-15	1.753665E-17
6.720000E+03	1.161441E-15	1.712498E-17
6.730000E+03	1.160890E-15	1.665072E-17
6.740000E+03	1.158502E-15	1.611502E-17
6.750000E+03	1.154297E-15	1.551850E-17
6.760000E+03	1.148378E-15	1.486184E-17
6.770000E+03	1.140850E-15	1.414442E-17
6.780000E+03	1.131893E-15	1.336717E-17
6.790000E+03	1.121696E-15	1.253389E-17
6.800000E+03	1.110450E-15	1.165273E-17
6.810000E+03	1.098399E-15	1.073917E-17
6.820000E+03	1.085756E-15	9.817719E-18
6.830000E+03	1.072772E-15	8.925826E-18
6.840000E+03	1.059674E-15	8.117368E-18
6.850000E+03	1.046657E-15	7.463861E-18
6.860000E+03	1.033937E-15	7.045219E-18
6.870000E+03	1.021694E-15	6.920154E-18
6.880000E+03	1.010096E-15	7.087597E-18
6.890000E+03	9.992678E-16	7.483554E-18
6.900000E+03	9.893671E-16	8.021579E-18
6.910000E+03	9.804502E-16	8.625882E-18
6.920000E+03	9.725917E-16	9.242850E-18
6.930000E+03	9.658174E-16	9.838640E-18
6.940000E+03	9.601210E-16	1.039375E-17
6.950000E+03	9.554575E-16	1.089779E-17
6.960000E+03	9.517540E-16	1.134662E-17
6.970000E+03	9.489185E-16	1.174023E-17
6.980000E+03	9.468592E-16	1.208125E-17
6.990000E+03	9.454191E-16	1.237324E-17
7.000000E+03	9.445074E-16	1.262123E-17
7.010000E+03	9.439775E-16	1.282898E-17
7.020000E+03	9.437017E-16	1.300023E-17
7.030000E+03	9.435601E-16	1.313858E-17
7.040000E+03	9.434631E-16	1.324725E-17
7.050000E+03	9.432969E-16	1.332883E-17
7.060000E+03	9.429970E-16	1.338639E-17
7.070000E+03	9.424777E-16	1.342200E-17
7.080000E+03	9.417032E-16	1.343813E-17
7.090000E+03	9.406131E-16	1.343651E-17
7.100000E+03	9.391973E-16	1.341850E-17
7.110000E+03	9.374368E-16	1.338502E-17
7.120000E+03	9.353197E-16	1.333704E-17
7.130000E+03	9.328395E-16	1.327527E-17
7.140000E+03	9.299747E-16	1.320022E-17
7.150000E+03	9.267622E-16	1.311314E-17
7.160000E+03	9.231832E-16	1.301380E-17
7.170000E+03	9.192379E-16	1.290213E-17
7.180000E+03	9.149267E-16	1.277812E-17
7.190000E+03	9.102684E-16	1.264166E-17
7.200000E+03	9.052616E-16	1.249254E-17
7.210000E+03	8.998843E-16	1.233037E-17
7.220000E+03	8.941491E-16	1.215496E-17
7.230000E+03	8.880285E-16	1.196611E-17
7.240000E+03	8.815492E-16	1.176552E-17
7.250000E+03	8.746614E-16	1.155483E-17
7.260000E+03	8.673894E-16	1.133793E-17
7.270000E+03	8.596845E-16	1.111828E-17
7.280000E+03	8.515759E-16	1.090012E-17
7.290000E+03	8.430426E-16	1.068713E-17
7.300000E+03	8.340938E-16	1.048312E-17
7.310000E+03	8.247545E-16	1.029093E-17
7.320000E+03	8.150624E-16	1.011315E-17
7.330000E+03	8.050671E-16	9.952041E-18
7.340000E+03	7.948131E-16	9.808476E-18
7.350000E+03	7.843718E-16	9.682883E-18
7.360000E+03	7.738210E-16	9.574483E-18
7.370000E+03	7.632447E-16	9.480371E-18
7.380000E+03	7.526782E-16	9.396354E-18
7.390000E+03	7.422417E-16	9.319795E-18
7.400000E+03	7.319673E-16	9.247457E-18
7.410000E+03	7.219347E-16	9.177680E-18
7.420000E+03	7.122016E-16	9.109377E-18
7.430000E+03	7.028361E-16	9.041798E-18
7.440000E+03	6.938838E-16	8.974309E-18
7.450000E+03	6.854635E-16	8.907313E-18
7.460000E+03	6.776043E-16	8.839416E-18
7.470000E+03	6.703587E-16	8.769016E-18
7.480000E+03	6.637826E-16	8.693519E-18
7.490000E+03	6.578854E-16	8.607918E-18
7.500000E+03	6.526795E-16	8.506305E-18
7.510000E+03	6.481485E-16	8.382080E-18
7.520000E+03	6.442613E-16	8.228120E-18
7.530000E+03	6.410041E-16	8.037981E-18
7.540000E+03	6.382860E-16	7.805374E-18
7.550000E+03	6.360600E-16	7.526028E-18
7.560000E+03	6.342161E-16	7.197205E-18
7.570000E+03	6.326263E-16	6.819245E-18
7.580000E+03	6.311888E-16	6.397291E-18
7.590000E+03	6.297421E-16	5.942820E-18
7.600000E+03	6.281379E-16	5.477922E-18
7.610000E+03	6.262154E-16	5.039043E-18
7.620000E+03	6.238720E-16	4.680367E-18
7.630000E+03	6.209611E-16	4.468426E-18
7.640000E+03	6.173989E-16	4.461617E-18
7.650000E+03	6.131649E-16	4.676989E-18
7.660000E+03	6.082702E-16	5.080385E-18
7.670000E+03	6.027401E-16	5.612594E-18
7.680000E+03	5.966484E-16	6.217437E-18
7.690000E+03	5.900455E-16	6.851996E-18
7.700000E+03	5.829984E-16	7.486896E-18
7.710000E+03	5.755885E-16	8.103301E-18
7.720000E+03	5.678654E-16	8.689295E-18
7.730000E+03	5.599058E-16	9.238406E-18
7.740000E+03	5.517532E-16	9.747242E-18
7.750000E+03	5.434771E-16	1.021542E-17
7.760000E+03	5.351274E-16	1.064409E-17
7.770000E+03	5.267356E-16	1.103535E-17
7.780000E+03	5.183713E-16	1.139302E-17
7.790000E+03	5.100562E-16	1.172051E-17
7.800000E+03	5.018081E-16	1.202150E-17
7.810000E+03	4.936825E-16	1.230085E-17
7.820000E+03	4.857033E-16	1.256277E-17
7.830000E+03	4.778781E-16	1.281108E-17
7.840000E+03	4.702513E-16	1.305050E-17
7.850000E+03	4.628125E-16	1.328405E-17
7.860000E+03	4.555881E-16	1.351554E-17
7.870000E+03	4.485898E-16	1.374815E-17
7.880000E+03	4.418281E-16	1.398471E-17
7.890000E+03	4.353119E-16	1.422775E-17
7.900000E+03	4.290614E-16	1.447988E-17
7.910000E+03	4.230591E-16	1.474213E-17
7.920000E+03	4.173233E-16	1.501642E-17
7.930000E+03	4.118473E-16	1.530356E-17
7.940000E+03	4.066241E-16	1.560399E-17
7.950000E+03	4.016688E-16	1.591872E-17
7.960000E+03	3.969498E-16	1.624665E-17
7.970000E+03	3.924915E-16	1.658861E-17
7.980000E+03	3.882830E-16	1.694378E-17
7.990000E+03	3.843345E-16	1.731214E-17
8.000000E+03	3.806658E-16	1.769401E-17
8.010000E+03	3.772624E-16	1.808817E-17
8.020000E+03	3.741420E-16	1.849493E-17
8.030000E+03	3.712784E-16	1.891255E-17
8.040000E+03	3.686887E-16	1.934145E-17
8.050000E+03	3.663570E-16	1.978050E-17
8.060000E+03	3.642892E-16	2.022973E-17
8.070000E+03	3.624695E-16	2.068808E-17
8.080000E+03	3.608825E-16	2.115447E-17
8.090000E+03	3.595339E-16	2.162907E-17
8.100000E+03	3.584187E-16	2.211151E-17
8.110000E+03	3.575218E-16	2.260079E-17
8.120000E+03	3.568383E-16	2.309656E-17
8.130000E+03	3.563534E-16	2.359779E-17
8.140000E+03	3.560625E-16	2.410414E-17
8.150000E+03	3.559717E-16	2.461598E-17
8.160000E+03	3.560558E-16	2.513157E-17
8.170000E+03	3.563208E-16	2.565128E-17
8.180000E+03	3.567523E-16	2.617403E-17
8.190000E+03	3.573461E-16	2.669945E-17
8.200000E+03	3.580875E-16	2.722636E-17
8.210000E+03	3.589829E-16	2.775514E-17
8.220000E+03	3.600284E-16	2.828540E-17
8.230000E+03	3.611987E-16	2.881501E-17
8.240000E+03	3.625109E-16	2.934519E-17
8.250000E+03	3.639399E-16	2.987372E-17
8.260000E+03	3.654812E-16	3.040002E-17
8.270000E+03	3.671416E-16	3.092442E-17
8.280000E+03	3.688953E-16	3.144447E-17
8.290000E+03	3.707596E-16	3.196137E-17
8.300000E+03	3.727085E-16	3.247258E-17
8.310000E+03	3.747597E-16	3.297928E-17
8.320000E+03	3.768755E-16	3.347783E-17
8.330000E+03	3.790736E-16	3.396936E-17
8.340000E+03	3.813495E-16	3.445309E-17
8.350000E+03	3.836761E-16	3.492612E-17
8.360000E+03	3.860598E-16	3.538856E-17
8.370000E+03	3.885072E-16	3.584055E-17
8.380000E+03	3.909906E-16	3.627903E-17
8.390000E+03	3.935165E-16	3.670406E-17
8.400000E+03	3.960799E-16	3.711465E-17
8.410000E+03	3.986639E-16	3.750865E-17
8.420000E+03	4.012752E-16	3.788611E-17
8.430000E+03	4.038966E-16	3.824482E-17
8.440000E+03	4.065227E-16	3.858366E-17
8.450000E+03	4.091602E-16	3.890266E-17
8.460000E+03	4.118040E-16	3.920071E-17
8.470000E+03	4.144241E-16	3.947432E-17
8.480000E+03	4.170395E-16	3.972467E-17
8.490000E+03	4.196326E-16	3.994943E-17
8.500000E+03	4.222105E-16	4.014863E-17
8.510000E+03	4.247423E-16	4.031869E-17
8.520000E+03	4.272480E-16	4.046087E-17
8.530000E+03	4.296964E-16	4.057157E-17
8.540000E+03	4.321080E-16	4.065209E-17
8.550000E+03	4.344777E-16	4.070130E-17
8.560000E+03	4.367737E-16	4.071561E-17
8.570000E+03	4.390173E-16	4.069639E-17
8.580000E+03	4.411899E-16	4.064131E-17
8.590000E+03	4.432864E-16	4.054931E-17
8.600000E+03	4.453153E-16	4.042061E-17
8.610000E+03	4.472582E-16	4.025295E-17
8.620000E+03	4.491100E-16	4.004538E-17
8.630000E+03	4.508799E-16	3.979821E-17
8.640000E+03	4.525636E-16	3.951053E-17
8.650000E+03	4.541424E-16	3.918027E-17
8.660000E+03	4.556406E-16	3.880908E-17
8.670000E+03	4.570254E-16	3.839376E-17
8.680000E+03	4.583074E-16	3.793484E-17
8.690000E+03	4.594826E-16	3.743166E-17
8.700000E+03	4.605622E-16	3.688483E-17
8.710000E+03	4.615283E-16	3.629263E-17
8.720000E+03	4.623776E-16	3.565462E-17
8.730000E+03	4.631073E-16	3.497044E-17
8.740000E+03	4.637445E-16	3.424201E-17
8.750000E+03	4.642571E-16	3.346685E-17
8.760000E+03	4.646579E-16	3.264592E-17
8.770000E+03	4.649453E-16	3.177913E-17
8.780000E+03	4.651179E-16	3.086650E-17
8.790000E+03	4.651746E-16	2.990814E-17
8.800000E+03	4.650994E-16	2.890332E-17
8.810000E+03	4.649228E-16	2.785431E-17
8.820000E+03	4.646297E-16	2.676059E-17
8.830000E+03	4.642052E-16	2.562185E-17
8.840000E+03	4.636505E-16	2.443893E-17
8.850000E+03	4.629673E-16	2.321279E-17
8.860000E+03	4.621579E-16	2.194455E-17
8.870000E+03	4.612097E-16	2.063483E-17
8.880000E+03	4.600949E-16	1.928396E-17
8.890000E+03	4.588648E-16	1.789596E-17
8.900000E+03	4.574772E-16	1.647127E-17
8.910000E+03	4.559853E-16	1.501443E-17
8.920000E+03	4.543956E-16	1.352869E-17
8.930000E+03	4.526833E-16	1.201747E-17
8.940000E+03	4.509035E-16	1.048820E-17
8.950000E+03	4.490481E-16	8.949676E-18
8.960000E+03	4.471408E-16	7.417942E-18
8.970000E+03	4.451731E-16	5.923025E-18
8.980000E+03	4.431519E-16	4.532085E-18
8.990000E+03	4.410996E-16	3.411239E-18
9.000000E+03	4.390207E-16	2.924194E-18
9.040000E+03	4.304210E-16	7.385097E-18
9.080000E+03	4.212075E-16	1.366069E-17
9.120000E+03	4.110671E-16	1.977461E-17
9.160000E+03	3.998355E-16	2.553658E-17
9.200000E+03	3.875165E-16	3.087223E-17
9.240000E+03	3.742282E-16	3.573529E-17
9.280000E+03	3.601971E-16	4.010154E-17
9.320000E+03	3.456165E-16	4.395662E-17
9.360000E+03	3.307631E-16	4.730987E-17
9.400000E+03	3.158202E-16	5.017325E-17
9.440000E+03	3.009820E-16	5.257246E-17
9.480000E+03	2.864024E-16	5.453849E-17
9.520000E+03	2.722107E-16	5.610772E-17
9.560000E+03	2.584838E-16	5.731382E-17
9.600000E+03	2.453218E-16	5.820168E-17
9.640000E+03	2.327631E-16	5.880740E-17
9.680000E+03	2.208314E-16	5.916621E-17
9.720000E+03	2.095388E-16	5.931183E-17
9.760000E+03	1.988875E-16	5.927618E-17
9.800000E+03	1.888722E-16	5.908906E-17
9.840000E+03	1.794945E-16	5.878224E-17
9.880000E+03	1.707004E-16	5.836859E-17
9.920000E+03	1.624849E-16	5.787504E-17
9.960000E+03	1.548156E-16	5.731794E-17
1.000000E+04	1.476715E-16	5.671586E-17
1.004000E+04	1.410075E-16	5.607633E-17
1.008000E+04	1.348028E-16	5.541401E-17
1.012000E+04	1.290367E-16	5.474210E-17
1.016000E+04	1.236556E-16	5.405794E-17
1.020000E+04	1.186631E-16	5.338142E-17
1.024000E+04	1.140190E-16	5.271203E-17
1.028000E+04	1.096853E-16	5.204783E-17
1.032000E+04	1.056679E-16	5.140600E-17
