#wls	flux	fluxerr
1.570321E+03	7.534330E-18	4.199836E-19
1.609579E+03	7.908568E-18	4.401178E-19
1.648837E+03	8.306758E-18	4.614935E-19
1.688095E+03	8.732052E-18	4.842752E-19
1.727353E+03	9.186346E-18	5.085563E-19
1.766611E+03	9.671492E-18	5.344265E-19
1.805869E+03	1.018732E-17	5.618628E-19
1.845127E+03	1.073864E-17	5.911150E-19
1.884385E+03	1.132498E-17	6.221411E-19
1.923643E+03	1.194534E-17	6.548688E-19
1.962901E+03	1.260485E-17	6.895618E-19
2.002159E+03	1.330394E-17	7.262229E-19
2.041417E+03	1.404783E-17	7.651155E-19
2.080675E+03	1.484679E-17	8.067737E-19
2.119933E+03	1.571671E-17	8.520302E-19
2.159191E+03	1.667552E-17	9.018188E-19
2.198449E+03	1.773948E-17	9.569706E-19
2.237707E+03	1.891064E-17	1.017543E-18
2.276965E+03	2.019013E-17	1.083539E-18
2.316223E+03	2.157119E-17	1.154537E-18
2.355481E+03	2.305542E-17	1.230565E-18
2.394739E+03	2.464030E-17	1.311424E-18
2.433997E+03	2.632875E-17	1.397207E-18
2.473255E+03	2.812949E-17	1.488307E-18
2.512513E+03	3.004811E-17	1.584946E-18
2.551772E+03	3.209035E-17	1.687345E-18
2.591030E+03	3.425637E-17	1.795427E-18
2.630288E+03	3.655571E-17	1.909602E-18
2.669546E+03	3.899240E-17	2.029982E-18
2.708804E+03	4.156943E-17	2.156621E-18
2.748062E+03	4.428187E-17	2.289157E-18
2.787320E+03	4.714277E-17	2.428152E-18
2.826578E+03	5.013673E-17	2.572699E-18
2.865836E+03	5.327432E-17	2.723222E-18
2.905094E+03	5.653394E-17	2.878500E-18
2.944352E+03	5.992241E-17	3.038763E-18
2.954166E+03	6.078653E-17	3.079435E-18
2.963981E+03	6.165611E-17	3.120279E-18
2.973795E+03	6.253088E-17	3.161278E-18
2.983610E+03	6.341054E-17	3.202417E-18
2.993424E+03	6.430392E-17	3.244140E-18
3.003239E+03	6.520177E-17	3.285976E-18
3.013053E+03	6.609441E-17	3.327439E-18
3.022868E+03	6.700006E-17	3.369443E-18
3.032682E+03	6.790933E-17	3.411516E-18
3.042497E+03	6.882130E-17	3.453608E-18
3.052311E+03	6.973657E-17	3.495750E-18
3.062126E+03	7.066449E-17	3.538407E-18
3.071940E+03	7.158494E-17	3.580572E-18
3.081755E+03	7.251722E-17	3.623208E-18
3.091569E+03	7.345094E-17	3.665795E-18
3.101384E+03	7.438556E-17	3.708304E-18
3.111198E+03	7.532053E-17	3.750708E-18
3.121013E+03	7.625524E-17	3.792975E-18
3.130827E+03	7.718914E-17	3.835077E-18
3.140642E+03	7.813230E-17	3.877514E-18
3.150456E+03	7.906285E-17	3.919199E-18
3.160271E+03	8.000159E-17	3.961163E-18
3.170085E+03	8.093723E-17	4.002846E-18
3.179900E+03	8.185802E-17	4.043668E-18
3.189714E+03	8.279652E-17	4.085236E-18
3.199529E+03	8.371879E-17	4.125875E-18
3.209343E+03	8.463522E-17	4.166098E-18
3.219158E+03	8.555657E-17	4.206434E-18
3.228972E+03	8.645925E-17	4.245724E-18
3.238787E+03	8.736555E-17	4.285062E-18
3.248601E+03	8.826325E-17	4.323850E-18
3.258416E+03	8.915156E-17	4.362050E-18
3.268230E+03	9.002971E-17	4.399625E-18
3.278045E+03	9.089688E-17	4.436536E-18
3.287859E+03	9.175228E-17	4.472746E-18
3.297674E+03	9.260725E-17	4.508809E-18
3.307488E+03	9.343672E-17	4.543505E-18
3.317303E+03	9.426424E-17	4.577981E-18
3.327117E+03	9.507679E-17	4.611608E-18
3.336932E+03	9.587352E-17	4.644344E-18
3.346746E+03	9.665357E-17	4.676151E-18
3.356561E+03	9.741604E-17	4.706989E-18
3.366376E+03	9.816009E-17	4.736819E-18
3.376190E+03	9.889750E-17	4.766212E-18
3.386005E+03	9.960205E-17	4.793908E-18
3.395819E+03	1.002983E-16	4.821092E-18
3.405634E+03	1.009727E-16	4.847114E-18
3.415448E+03	1.016243E-16	4.871934E-18
3.425263E+03	1.022523E-16	4.895513E-18
3.435077E+03	1.028556E-16	4.917813E-18
3.444892E+03	1.034336E-16	4.938796E-18
3.454706E+03	1.039983E-16	4.959051E-18
3.464521E+03	1.045227E-16	4.977288E-18
3.474335E+03	1.050322E-16	4.994725E-18
3.484150E+03	1.054997E-16	5.010078E-18
3.493964E+03	1.059507E-16	5.024558E-18
3.503779E+03	1.063711E-16	5.037510E-18
3.513593E+03	1.067602E-16	5.048900E-18
3.523408E+03	1.071172E-16	5.058698E-18
3.533222E+03	1.074413E-16	5.066873E-18
3.543037E+03	1.077450E-16	5.074021E-18
3.552851E+03	1.080012E-16	5.078867E-18
3.562666E+03	1.082222E-16	5.082008E-18
3.572480E+03	1.084207E-16	5.084034E-18
3.582295E+03	1.085829E-16	5.084313E-18
3.592109E+03	1.087080E-16	5.082812E-18
3.601924E+03	1.087825E-16	5.078908E-18
3.611738E+03	1.088321E-16	5.073808E-18
3.621553E+03	1.088431E-16	5.066883E-18
3.631367E+03	1.088280E-16	5.058719E-18
3.641182E+03	1.087605E-16	5.048104E-18
3.650996E+03	1.086532E-16	5.035629E-18
3.660811E+03	1.085187E-16	5.021890E-18
3.670625E+03	1.083309E-16	5.005686E-18
3.680440E+03	1.081154E-16	4.988204E-18
3.690254E+03	1.078464E-16	4.968267E-18
3.700069E+03	1.075492E-16	4.947053E-18
3.709883E+03	1.072112E-16	4.923983E-18
3.719698E+03	1.068200E-16	4.898498E-18
3.729512E+03	1.064005E-16	4.871756E-18
3.739327E+03	1.059404E-16	4.843195E-18
3.749141E+03	1.054400E-16	4.812842E-18
3.758956E+03	1.048997E-16	4.780720E-18
3.768770E+03	1.043317E-16	4.747397E-18
3.778585E+03	1.037127E-16	4.711817E-18
3.788399E+03	1.030551E-16	4.674557E-18
3.798214E+03	1.023595E-16	4.635656E-18
3.808028E+03	1.016383E-16	4.595679E-18
3.817843E+03	1.008692E-16	4.553622E-18
3.827657E+03	1.000758E-16	4.510567E-18
3.837472E+03	9.923645E-17	4.465546E-18
3.847286E+03	9.837469E-17	4.419622E-18
3.857101E+03	9.746947E-17	4.371859E-18
3.866915E+03	9.654387E-17	4.323300E-18
3.876730E+03	9.557759E-17	4.273044E-18
3.886544E+03	9.459336E-17	4.222113E-18
3.896359E+03	9.358187E-17	4.170099E-18
3.906173E+03	9.254465E-17	4.117075E-18
3.915988E+03	9.147324E-17	4.062673E-18
3.925802E+03	9.038953E-17	4.007872E-18
3.935617E+03	8.928505E-17	3.952299E-18
3.945431E+03	8.816158E-17	3.896040E-18
3.955246E+03	8.701147E-17	3.838761E-18
3.965060E+03	8.585563E-17	3.781390E-18
3.974875E+03	8.468632E-17	3.723589E-18
3.984689E+03	8.350548E-17	3.665446E-18
3.994504E+03	8.231500E-17	3.607048E-18
4.004318E+03	8.111682E-17	3.548483E-18
4.014133E+03	7.990433E-17	3.489465E-18
4.023947E+03	7.869664E-17	3.430829E-18
4.033762E+03	7.748694E-17	3.372280E-18
4.043576E+03	7.627711E-17	3.313900E-18
4.053391E+03	7.506100E-17	3.255424E-18
4.063205E+03	7.385640E-17	3.197622E-18
4.073020E+03	7.265693E-17	3.140219E-18
4.082834E+03	7.146424E-17	3.083284E-18
4.092649E+03	7.027257E-17	3.026569E-18
4.102463E+03	6.909827E-17	2.970776E-18
4.112278E+03	6.793526E-17	2.915641E-18
4.122092E+03	6.677800E-17	2.860925E-18
4.131907E+03	6.564172E-17	2.807279E-18
4.141721E+03	6.451392E-17	2.754163E-18
4.151536E+03	6.340912E-17	2.702197E-18
4.161350E+03	6.231517E-17	2.650858E-18
4.171165E+03	6.123964E-17	2.600466E-18
4.180979E+03	6.018953E-17	2.551312E-18
4.190794E+03	5.915319E-17	2.502900E-18
4.200608E+03	5.813756E-17	2.455520E-18
4.210423E+03	5.714325E-17	2.409192E-18
4.220238E+03	5.617077E-17	2.363933E-18
4.230052E+03	5.522058E-17	2.319760E-18
4.239867E+03	5.429307E-17	2.276682E-18
4.249681E+03	5.338854E-17	2.234708E-18
4.259496E+03	5.250200E-17	2.193625E-18
4.269310E+03	5.164423E-17	2.153877E-18
4.279125E+03	5.081003E-17	2.115242E-18
4.288939E+03	4.999451E-17	2.077512E-18
4.298754E+03	4.920770E-17	2.041099E-18
4.308568E+03	4.843977E-17	2.005589E-18
4.318383E+03	4.769560E-17	1.971181E-18
4.328197E+03	4.697509E-17	1.937864E-18
4.338012E+03	4.627810E-17	1.905627E-18
4.347826E+03	4.560444E-17	1.874459E-18
4.357641E+03	4.495391E-17	1.844345E-18
4.367455E+03	4.432628E-17	1.815271E-18
4.377270E+03	4.371702E-17	1.787047E-18
4.387084E+03	4.313442E-17	1.760007E-18
4.396899E+03	4.256974E-17	1.733788E-18
4.406713E+03	4.202688E-17	1.708547E-18
4.416528E+03	4.150950E-17	1.684426E-18
4.426342E+03	4.100916E-17	1.661078E-18
4.436157E+03	4.052567E-17	1.638492E-18
4.445971E+03	4.006646E-17	1.616963E-18
4.455786E+03	3.962718E-17	1.596312E-18
4.465600E+03	3.920367E-17	1.576366E-18
4.475415E+03	3.880302E-17	1.557408E-18
4.485229E+03	3.841739E-17	1.539117E-18
4.495044E+03	3.805005E-17	1.521621E-18
4.504858E+03	3.770055E-17	1.504899E-18
4.514673E+03	3.736843E-17	1.488928E-18
4.524487E+03	3.704973E-17	1.473548E-18
4.534302E+03	3.675099E-17	1.459014E-18
4.544116E+03	3.646479E-17	1.445029E-18
4.553931E+03	3.619411E-17	1.431708E-18
4.563745E+03	3.593845E-17	1.419027E-18
4.573560E+03	3.569731E-17	1.406965E-18
4.583374E+03	3.547018E-17	1.395498E-18
4.593189E+03	3.525652E-17	1.384602E-18
4.603003E+03	3.505258E-17	1.374127E-18
4.612818E+03	3.486109E-17	1.364178E-18
4.622632E+03	3.468469E-17	1.354856E-18
4.632447E+03	3.451325E-17	1.345763E-18
4.642261E+03	3.435578E-17	1.337248E-18
4.652076E+03	3.420850E-17	1.329162E-18
4.661890E+03	3.406771E-17	1.321359E-18
4.671705E+03	3.393907E-17	1.314057E-18
4.681519E+03	3.381576E-17	1.306988E-18
4.691334E+03	3.370028E-17	1.300249E-18
4.701148E+03	3.358896E-17	1.293696E-18
4.710963E+03	3.348730E-17	1.287539E-18
4.720777E+03	3.338860E-17	1.281518E-18
4.730592E+03	3.329530E-17	1.275728E-18
4.740406E+03	3.320680E-17	1.270142E-18
4.750221E+03	3.312250E-17	1.264738E-18
4.760035E+03	3.304186E-17	1.259493E-18
4.769850E+03	3.296145E-17	1.254276E-18
4.779664E+03	3.288698E-17	1.249303E-18
4.789479E+03	3.281253E-17	1.244349E-18
4.799293E+03	3.274106E-17	1.239526E-18
4.809108E+03	3.266974E-17	1.234726E-18
4.818922E+03	3.260447E-17	1.230171E-18
4.828737E+03	3.253947E-17	1.225642E-18
4.838551E+03	3.248065E-17	1.221361E-18
4.848366E+03	3.242226E-17	1.217110E-18
4.858180E+03	3.236437E-17	1.212894E-18
4.867995E+03	3.231280E-17	1.208927E-18
4.877809E+03	3.226181E-17	1.204996E-18
4.887624E+03	3.221714E-17	1.201313E-18
4.897438E+03	3.217310E-17	1.197666E-18
4.907253E+03	3.212968E-17	1.194054E-18
4.917067E+03	3.209251E-17	1.190685E-18
4.926882E+03	3.205589E-17	1.187348E-18
4.936696E+03	3.202540E-17	1.184247E-18
4.946511E+03	3.199531E-17	1.181171E-18
4.956325E+03	3.196834E-17	1.178220E-18
4.966140E+03	3.194159E-17	1.175285E-18
4.975954E+03	3.192049E-17	1.172567E-18
4.985769E+03	3.189933E-17	1.169854E-18
4.995583E+03	3.188071E-17	1.167243E-18
5.005398E+03	3.186448E-17	1.164727E-18
5.015212E+03	3.185041E-17	1.162296E-18
5.025027E+03	3.183556E-17	1.159844E-18
5.034841E+03	3.182521E-17	1.157562E-18
5.044656E+03	3.181361E-17	1.155242E-18
5.054471E+03	3.180326E-17	1.152973E-18
5.064285E+03	3.179118E-17	1.150647E-18
5.074100E+03	3.178259E-17	1.148454E-18
5.083914E+03	3.177171E-17	1.146184E-18
5.093729E+03	3.176100E-17	1.143927E-18
5.103543E+03	3.175017E-17	1.141671E-18
5.113358E+03	3.173893E-17	1.139406E-18
5.123172E+03	3.172696E-17	1.137121E-18
5.132987E+03	3.171121E-17	1.134708E-18
5.142801E+03	3.169411E-17	1.132252E-18
5.152616E+03	3.167536E-17	1.129744E-18
5.162430E+03	3.165461E-17	1.127172E-18
5.172245E+03	3.163156E-17	1.124525E-18
5.182059E+03	3.160321E-17	1.121698E-18
5.191874E+03	3.157194E-17	1.118775E-18
5.201688E+03	3.153747E-17	1.115747E-18
5.211503E+03	3.149949E-17	1.112604E-18
5.221317E+03	3.145773E-17	1.109337E-18
5.231132E+03	3.140923E-17	1.105842E-18
5.240946E+03	3.135910E-17	1.102301E-18
5.250761E+03	3.130177E-17	1.098517E-18
5.260575E+03	3.123966E-17	1.094578E-18
5.270390E+03	3.117259E-17	1.090477E-18
5.280204E+03	3.109772E-17	1.086117E-18
5.290019E+03	3.102019E-17	1.081677E-18
5.299833E+03	3.093457E-17	1.076970E-18
5.309648E+03	3.084341E-17	1.072085E-18
5.319462E+03	3.074661E-17	1.067021E-18
5.329277E+03	3.064151E-17	1.061685E-18
5.339091E+03	3.053329E-17	1.056258E-18
5.348906E+03	3.041676E-17	1.050563E-18
5.358720E+03	3.029711E-17	1.044778E-18
5.368535E+03	3.016925E-17	1.038730E-18
5.378349E+03	3.003331E-17	1.032425E-18
5.388164E+03	2.989450E-17	1.026042E-18
5.397978E+03	2.975040E-17	1.019499E-18
5.407793E+03	2.959869E-17	1.012718E-18
5.417607E+03	2.944211E-17	1.005794E-18
5.427422E+03	2.928088E-17	9.987346E-19
5.437236E+03	2.911530E-17	9.915512E-19
5.447051E+03	2.894562E-17	9.842537E-19
5.456865E+03	2.876978E-17	9.767719E-19
5.466680E+03	2.859298E-17	9.692837E-19
5.476494E+03	2.841078E-17	9.616386E-19
5.486309E+03	2.822600E-17	9.539335E-19
5.496123E+03	2.803909E-17	9.461835E-19
5.505938E+03	2.785049E-17	9.384039E-19
5.515752E+03	2.765838E-17	9.305339E-19
5.525567E+03	2.746791E-17	9.227473E-19
5.535381E+03	2.727499E-17	9.149062E-19
5.545196E+03	2.708247E-17	9.071071E-19
5.555010E+03	2.689092E-17	8.993686E-19
5.564825E+03	2.670091E-17	8.917100E-19
5.574639E+03	2.651081E-17	8.840764E-19
5.584454E+03	2.632567E-17	8.766364E-19
5.594268E+03	2.614165E-17	8.692615E-19
5.604083E+03	2.596377E-17	8.621183E-19
5.613897E+03	2.578826E-17	8.550812E-19
5.623712E+03	2.561792E-17	8.482425E-19
5.633526E+03	2.545336E-17	8.416216E-19
5.643341E+03	2.529306E-17	8.351679E-19
5.653155E+03	2.514186E-17	8.290402E-19
5.662970E+03	2.499613E-17	8.231179E-19
5.672784E+03	2.486064E-17	8.175577E-19
5.682599E+03	2.473180E-17	8.122396E-19
5.692413E+03	2.461224E-17	8.072500E-19
5.702228E+03	2.450251E-17	8.026053E-19
5.712042E+03	2.440314E-17	7.983221E-19
5.721857E+03	2.431263E-17	7.943500E-19
5.731671E+03	2.423554E-17	7.908372E-19
5.741486E+03	2.416833E-17	7.876663E-19
5.751300E+03	2.411551E-17	7.849840E-19
5.761115E+03	2.407354E-17	7.826727E-19
5.770929E+03	2.404487E-17	7.808122E-19
5.780744E+03	2.402998E-17	7.794157E-19
5.790558E+03	2.402931E-17	7.784968E-19
5.800373E+03	2.404328E-17	7.780681E-19
5.810187E+03	2.407033E-17	7.780776E-19
5.820002E+03	2.411490E-17	7.786674E-19
5.829816E+03	2.417337E-17	7.797200E-19
5.839631E+03	2.424815E-17	7.813121E-19
5.849445E+03	2.434171E-17	7.835217E-19
5.859260E+03	2.445037E-17	7.862293E-19
5.869074E+03	2.457656E-17	7.895125E-19
5.878889E+03	2.471859E-17	7.933162E-19
5.888704E+03	2.488098E-17	7.977842E-19
5.898518E+03	2.506206E-17	8.028619E-19
5.908333E+03	2.526005E-17	8.084921E-19
5.918147E+03	2.547953E-17	8.148208E-19
5.927962E+03	2.571659E-17	8.217221E-19
5.937776E+03	2.597584E-17	8.293428E-19
5.947591E+03	2.625323E-17	8.375532E-19
5.957405E+03	2.655117E-17	8.464305E-19
5.967220E+03	2.686990E-17	8.559817E-19
5.977034E+03	2.720960E-17	8.662129E-19
5.986849E+03	2.757041E-17	8.771284E-19
5.996663E+03	2.795006E-17	8.886563E-19
6.006478E+03	2.835320E-17	9.009454E-19
6.016292E+03	2.877747E-17	9.139207E-19
6.026107E+03	2.922024E-17	9.275000E-19
6.035921E+03	2.968614E-17	9.418304E-19
6.045736E+03	3.016981E-17	9.567440E-19
6.055550E+03	3.067320E-17	9.723035E-19
6.065365E+03	3.119567E-17	9.884903E-19
6.075179E+03	3.173639E-17	1.005279E-18
6.084994E+03	3.229705E-17	1.022727E-18
6.094808E+03	3.286820E-17	1.040535E-18
6.104623E+03	3.345627E-17	1.058910E-18
6.114437E+03	3.405660E-17	1.077707E-18
6.124252E+03	3.466694E-17	1.096857E-18
6.134066E+03	3.528486E-17	1.116286E-18
6.143881E+03	3.590460E-17	1.135814E-18
6.153695E+03	3.652925E-17	1.155539E-18
6.163510E+03	3.714956E-17	1.175172E-18
6.173324E+03	3.776838E-17	1.194804E-18
6.183139E+03	3.837585E-17	1.214125E-18
6.192953E+03	3.897143E-17	1.233119E-18
6.202768E+03	3.955129E-17	1.251667E-18
6.212582E+03	4.011494E-17	1.269754E-18
6.222397E+03	4.065171E-17	1.287043E-18
6.232211E+03	4.116098E-17	1.303515E-18
6.242026E+03	4.163887E-17	1.319049E-18
6.251840E+03	4.208159E-17	1.333523E-18
6.261655E+03	4.248192E-17	1.346709E-18
6.271469E+03	4.284360E-17	1.358725E-18
6.281284E+03	4.315992E-17	1.369356E-18
6.291098E+03	4.342802E-17	1.378510E-18
6.300913E+03	4.364176E-17	1.385991E-18
6.310727E+03	4.380642E-17	1.391963E-18
6.320542E+03	4.391299E-17	1.396137E-18
6.330356E+03	4.396771E-17	1.398709E-18
6.340171E+03	4.396247E-17	1.399416E-18
6.349985E+03	4.390454E-17	1.398487E-18
6.359800E+03	4.378676E-17	1.395688E-18
6.369614E+03	4.361366E-17	1.391161E-18
6.379429E+03	4.339020E-17	1.385056E-18
6.389243E+03	4.311067E-17	1.377189E-18
6.399058E+03	4.278091E-17	1.367740E-18
6.408872E+03	4.240338E-17	1.356782E-18
6.418687E+03	4.198089E-17	1.344401E-18
6.428501E+03	4.151651E-17	1.330688E-18
6.438316E+03	4.101355E-17	1.315746E-18
6.448130E+03	4.047548E-17	1.299680E-18
6.457945E+03	3.990591E-17	1.282602E-18
6.467759E+03	3.930848E-17	1.264625E-18
6.477574E+03	3.868692E-17	1.245862E-18
6.487388E+03	3.804489E-17	1.226430E-18
6.497203E+03	3.738282E-17	1.206336E-18
6.507017E+03	3.671069E-17	1.185900E-18
6.516832E+03	3.602864E-17	1.165124E-18
6.526646E+03	3.533691E-17	1.144012E-18
6.536461E+03	3.464468E-17	1.122858E-18
6.546275E+03	3.395176E-17	1.101656E-18
6.556090E+03	3.325801E-17	1.080398E-18
6.565904E+03	3.257165E-17	1.059349E-18
6.575719E+03	3.188933E-17	1.038401E-18
6.585533E+03	3.121596E-17	1.017711E-18
6.595348E+03	3.055601E-17	9.974247E-19
6.605162E+03	2.990582E-17	9.774231E-19
6.614977E+03	2.926952E-17	9.578405E-19
6.624791E+03	2.865084E-17	9.387995E-19
6.634606E+03	2.804587E-17	9.201724E-19
6.644420E+03	2.745803E-17	9.020723E-19
6.654235E+03	2.688806E-17	8.845244E-19
6.664049E+03	2.633885E-17	8.676252E-19
6.673864E+03	2.580628E-17	8.512396E-19
6.683678E+03	2.529300E-17	8.354573E-19
6.693493E+03	2.479926E-17	8.202874E-19
6.703307E+03	2.432519E-17	8.057361E-19
6.713122E+03	2.387084E-17	7.918070E-19
6.722937E+03	2.343618E-17	7.785006E-19
6.732751E+03	2.302110E-17	7.658159E-19
6.742566E+03	2.262547E-17	7.537498E-19
6.752380E+03	2.224717E-17	7.422344E-19
6.762195E+03	2.188987E-17	7.313934E-19
6.772009E+03	2.155138E-17	7.211565E-19
6.781824E+03	2.123141E-17	7.115159E-19
6.791638E+03	2.092966E-17	7.024639E-19
6.801453E+03	2.064401E-17	6.939314E-19
6.811267E+03	2.037769E-17	6.860294E-19
6.821082E+03	2.012679E-17	6.786278E-19
6.830896E+03	1.989440E-17	6.718338E-19
6.840711E+03	1.967837E-17	6.655767E-19
6.850525E+03	1.947658E-17	6.597870E-19
6.860340E+03	1.929201E-17	6.545675E-19
6.870154E+03	1.912084E-17	6.497912E-19
6.879969E+03	1.896431E-17	6.455023E-19
6.889783E+03	1.882363E-17	6.417434E-19
6.899598E+03	1.869501E-17	6.383883E-19
6.909412E+03	1.857966E-17	6.354797E-19
6.919227E+03	1.847871E-17	6.330585E-19
6.929041E+03	1.838844E-17	6.309991E-19
6.938856E+03	1.830999E-17	6.293424E-19
6.948670E+03	1.824285E-17	6.280728E-19
6.958485E+03	1.818652E-17	6.271746E-19
6.968299E+03	1.814207E-17	6.266868E-19
6.978114E+03	1.810578E-17	6.264824E-19
6.987928E+03	1.807872E-17	6.266002E-19
6.997743E+03	1.806033E-17	6.270216E-19
7.007557E+03	1.804844E-17	6.276735E-19
7.017372E+03	1.804566E-17	6.286473E-19
7.027186E+03	1.804981E-17	6.298684E-19
7.037001E+03	1.806025E-17	6.313164E-19
7.046815E+03	1.807639E-17	6.329711E-19
7.056630E+03	1.809597E-17	6.347543E-19
7.066444E+03	1.812153E-17	6.367561E-19
7.076259E+03	1.815080E-17	6.388977E-19
7.086073E+03	1.818150E-17	6.410992E-19
7.095888E+03	1.821614E-17	6.434496E-19
7.105702E+03	1.825079E-17	6.458110E-19
7.115517E+03	1.828798E-17	6.482726E-19
7.125331E+03	1.832374E-17	6.506944E-19
7.135146E+03	1.835898E-17	6.531081E-19
7.144960E+03	1.839461E-17	6.555463E-19
7.154775E+03	1.842666E-17	6.578673E-19
7.164589E+03	1.845607E-17	6.601041E-19
7.174404E+03	1.848213E-17	6.622309E-19
7.184218E+03	1.850419E-17	6.642236E-19
7.194033E+03	1.852161E-17	6.660586E-19
7.203847E+03	1.853377E-17	6.677128E-19
7.213662E+03	1.854011E-17	6.691646E-19
7.223476E+03	1.854008E-17	6.703937E-19
7.233291E+03	1.853320E-17	6.713806E-19
7.243105E+03	1.851903E-17	6.721089E-19
7.252920E+03	1.849555E-17	6.725027E-19
7.262734E+03	1.846574E-17	6.726695E-19
7.272549E+03	1.842769E-17	6.725380E-19
7.282363E+03	1.837956E-17	6.720395E-19
7.292178E+03	1.832453E-17	6.712881E-19
7.301992E+03	1.825929E-17	6.701608E-19
7.311807E+03	1.818549E-17	6.687165E-19
7.321621E+03	1.810485E-17	6.670168E-19
7.331436E+03	1.801429E-17	6.649462E-19
7.341250E+03	1.791569E-17	6.625719E-19
7.351065E+03	1.780932E-17	6.599030E-19
7.360879E+03	1.769558E-17	6.569517E-19
7.370694E+03	1.757486E-17	6.537315E-19
7.380508E+03	1.744764E-17	6.502586E-19
7.390323E+03	1.731444E-17	6.465505E-19
7.400137E+03	1.717579E-17	6.426264E-19
7.409952E+03	1.703076E-17	6.384493E-19
7.419766E+03	1.688303E-17	6.341562E-19
7.429581E+03	1.673016E-17	6.296548E-19
7.439395E+03	1.657585E-17	6.250825E-19
7.449210E+03	1.641769E-17	6.203479E-19
7.459024E+03	1.625933E-17	6.155878E-19
7.468839E+03	1.609841E-17	6.107123E-19
7.478653E+03	1.593705E-17	6.058012E-19
7.488468E+03	1.577582E-17	6.008761E-19
7.498282E+03	1.561528E-17	5.959571E-19
7.508097E+03	1.545589E-17	5.910627E-19
7.517911E+03	1.529803E-17	5.862068E-19
7.527726E+03	1.514202E-17	5.814022E-19
7.537540E+03	1.498818E-17	5.766606E-19
7.547355E+03	1.483675E-17	5.719925E-19
7.557169E+03	1.468663E-17	5.673549E-19
7.566984E+03	1.454074E-17	5.628609E-19
7.576799E+03	1.439657E-17	5.584147E-19
7.586613E+03	1.425695E-17	5.541255E-19
7.596428E+03	1.411937E-17	5.498970E-19
7.606242E+03	1.398525E-17	5.457847E-19
7.616057E+03	1.385469E-17	5.417931E-19
7.625871E+03	1.372775E-17	5.379251E-19
7.635686E+03	1.360447E-17	5.341829E-19
7.645500E+03	1.348486E-17	5.305683E-19
7.655315E+03	1.336894E-17	5.270819E-19
7.665129E+03	1.325670E-17	5.237243E-19
7.674944E+03	1.314690E-17	5.204471E-19
7.684758E+03	1.304194E-17	5.173459E-19
7.694573E+03	1.293935E-17	5.143238E-19
7.704387E+03	1.284146E-17	5.114742E-19
7.714202E+03	1.274584E-17	5.087004E-19
7.724016E+03	1.265360E-17	5.060477E-19
7.733831E+03	1.256583E-17	5.035604E-19
7.743645E+03	1.248009E-17	5.011415E-19
7.753460E+03	1.239748E-17	4.988357E-19
7.763274E+03	1.231790E-17	4.966394E-19
7.773089E+03	1.224010E-17	4.945032E-19
7.782903E+03	1.216631E-17	4.925169E-19
7.792718E+03	1.209527E-17	4.906309E-19
7.802532E+03	1.202574E-17	4.887952E-19
7.812347E+03	1.195992E-17	4.870998E-19
7.822161E+03	1.189543E-17	4.854483E-19
7.831976E+03	1.183446E-17	4.839303E-19
7.841790E+03	1.177466E-17	4.824505E-19
7.851605E+03	1.171708E-17	4.810523E-19
7.861419E+03	1.166163E-17	4.797323E-19
7.871234E+03	1.160822E-17	4.784873E-19
7.881048E+03	1.155680E-17	4.773153E-19
7.890863E+03	1.150727E-17	4.762135E-19
7.900677E+03	1.145848E-17	4.751337E-19
7.910492E+03	1.141255E-17	4.741646E-19
7.920306E+03	1.136723E-17	4.732127E-19
7.930121E+03	1.132463E-17	4.723665E-19
7.939935E+03	1.128252E-17	4.715336E-19
7.949750E+03	1.124301E-17	4.708018E-19
7.959564E+03	1.120388E-17	4.700791E-19
7.969379E+03	1.116617E-17	4.694087E-19
7.979193E+03	1.112981E-17	4.687886E-19
7.989008E+03	1.109478E-17	4.682176E-19
7.998822E+03	1.106102E-17	4.676936E-19
8.008637E+03	1.102846E-17	4.672147E-19
8.018451E+03	1.099603E-17	4.667342E-19
8.028266E+03	1.096580E-17	4.663415E-19
8.038080E+03	1.093560E-17	4.659441E-19
8.047895E+03	1.090753E-17	4.656317E-19
8.057709E+03	1.087942E-17	4.653115E-19
8.067524E+03	1.085230E-17	4.650281E-19
8.077338E+03	1.082718E-17	4.648251E-19
8.087153E+03	1.080193E-17	4.646112E-19
8.096967E+03	1.077756E-17	4.644295E-19
8.106782E+03	1.075406E-17	4.642800E-19
8.116596E+03	1.073137E-17	4.641605E-19
8.126411E+03	1.070947E-17	4.640704E-19
8.136225E+03	1.068730E-17	4.639629E-19
8.146040E+03	1.066690E-17	4.639280E-19
8.155854E+03	1.064617E-17	4.638732E-19
8.165669E+03	1.062717E-17	4.638892E-19
8.175483E+03	1.060776E-17	4.638829E-19
8.185298E+03	1.059004E-17	4.639455E-19
8.195112E+03	1.057187E-17	4.639840E-19
8.204927E+03	1.055428E-17	4.640436E-19
8.214741E+03	1.053724E-17	4.641225E-19
8.224556E+03	1.052075E-17	4.642208E-19
8.234370E+03	1.050475E-17	4.643370E-19
8.244185E+03	1.048924E-17	4.644701E-19
8.253999E+03	1.047419E-17	4.646194E-19
8.263814E+03	1.045959E-17	4.647840E-19
8.273628E+03	1.044435E-17	4.649162E-19
8.283443E+03	1.043057E-17	4.651089E-19
8.293257E+03	1.041716E-17	4.653141E-19
8.303072E+03	1.040305E-17	4.654840E-19
8.312886E+03	1.039034E-17	4.657121E-19
8.322701E+03	1.037690E-17	4.659032E-19
8.332515E+03	1.036375E-17	4.661034E-19
8.342330E+03	1.035088E-17	4.663118E-19
8.352144E+03	1.033932E-17	4.665757E-19
8.361959E+03	1.032696E-17	4.667989E-19
8.371773E+03	1.031482E-17	4.670282E-19
8.381588E+03	1.030289E-17	4.672627E-19
8.391402E+03	1.029115E-17	4.675019E-19
8.401217E+03	1.027852E-17	4.676967E-19
8.411032E+03	1.026711E-17	4.679426E-19
8.420846E+03	1.025584E-17	4.681909E-19
8.430661E+03	1.024470E-17	4.684408E-19
8.440475E+03	1.023260E-17	4.686431E-19
8.450290E+03	1.022165E-17	4.688940E-19
8.460104E+03	1.020972E-17	4.690957E-19
8.469919E+03	1.019891E-17	4.693449E-19
8.479733E+03	1.018709E-17	4.695432E-19
8.489548E+03	1.017530E-17	4.697388E-19
8.499362E+03	1.016459E-17	4.699803E-19
8.509177E+03	1.015282E-17	4.701686E-19
8.518991E+03	1.014104E-17	4.703523E-19
8.528806E+03	1.012924E-17	4.705306E-19
8.538620E+03	1.011847E-17	4.707527E-19
8.548435E+03	1.010658E-17	4.709187E-19
8.558249E+03	1.009463E-17	4.710776E-19
8.568064E+03	1.008260E-17	4.712287E-19
8.577878E+03	1.007049E-17	4.713715E-19
8.587693E+03	1.005829E-17	4.715055E-19
8.597507E+03	1.004490E-17	4.715796E-19
8.607322E+03	1.003246E-17	4.716940E-19
8.617136E+03	1.001989E-17	4.717979E-19
8.626951E+03	1.000718E-17	4.718908E-19
8.636765E+03	9.994315E-18	4.719721E-19
8.646580E+03	9.980214E-18	4.719905E-19
8.656394E+03	9.967018E-18	4.720471E-19
8.666209E+03	9.953640E-18	4.720906E-19
8.676023E+03	9.938993E-18	4.720695E-19
8.685838E+03	9.925226E-18	4.720855E-19
8.695652E+03	9.910173E-18	4.720357E-19
8.705467E+03	9.895983E-18	4.720225E-19
8.715281E+03	9.880489E-18	4.719424E-19
8.725096E+03	9.865845E-18	4.718982E-19
8.734910E+03	9.849881E-18	4.717862E-19
8.744725E+03	9.834755E-18	4.717095E-19
8.754539E+03	9.818294E-18	4.715641E-19
8.764354E+03	9.802659E-18	4.714536E-19
8.774168E+03	9.785676E-18	4.712734E-19
8.783983E+03	9.768424E-18	4.710754E-19
8.793797E+03	9.751982E-18	4.709116E-19
8.803612E+03	9.734177E-18	4.706771E-19
8.813426E+03	9.716087E-18	4.704238E-19
8.823241E+03	9.698794E-18	4.702042E-19
8.833055E+03	9.680122E-18	4.699128E-19
8.872313E+03	9.603535E-18	4.686041E-19
8.911571E+03	9.522040E-18	4.669741E-19
8.950829E+03	9.436619E-18	4.650685E-19
8.990087E+03	9.345073E-18	4.627766E-19
9.029345E+03	9.249611E-18	4.602052E-19
9.068603E+03	9.148172E-18	4.572500E-19
9.107861E+03	9.044260E-18	4.540842E-19
9.147119E+03	8.934707E-18	4.505480E-19
9.186377E+03	8.821975E-18	4.467640E-19
9.225635E+03	8.706336E-18	4.427456E-19
9.264894E+03	8.587027E-18	4.384539E-19
9.304152E+03	8.465430E-18	4.339592E-19
9.343410E+03	8.341871E-18	4.292789E-19
9.382668E+03	8.216677E-18	4.244304E-19
9.421926E+03	8.089141E-18	4.193782E-19
9.461184E+03	7.961656E-18	4.142473E-19
9.500442E+03	7.832476E-18	4.089487E-19
9.539700E+03	7.703942E-18	4.036059E-19
9.578958E+03	7.574310E-18	3.981295E-19
9.618216E+03	7.445860E-18	3.926412E-19
9.657474E+03	7.317830E-18	3.871032E-19
9.696732E+03	7.190451E-18	3.815298E-19
9.735990E+03	7.063936E-18	3.759345E-19
9.775248E+03	6.938477E-18	3.703299E-19
9.814506E+03	6.815200E-18	3.647783E-19
9.853764E+03	6.693296E-18	3.592391E-19
9.893022E+03	6.572907E-18	3.537224E-19
9.932280E+03	6.455077E-18	3.482867E-19
9.971538E+03	6.338978E-18	3.428899E-19
1.001080E+04	6.224708E-18	3.375396E-19
1.005005E+04	6.112352E-18	3.322427E-19
1.008931E+04	6.002858E-18	3.270530E-19
1.012857E+04	5.895390E-18	3.219274E-19
