#wls	flux	fluxerr
1.600000E+03	3.019724E-16	4.910393E-17
1.640000E+03	2.996781E-16	4.472212E-17
1.680000E+03	2.968429E-16	4.033683E-17
1.720000E+03	2.934197E-16	3.597779E-17
1.760000E+03	2.893894E-16	3.168235E-17
1.800000E+03	2.847566E-16	2.749371E-17
1.840000E+03	2.794318E-16	2.345035E-17
1.880000E+03	2.734514E-16	1.960911E-17
1.920000E+03	2.667881E-16	1.602903E-17
1.960000E+03	2.594311E-16	1.278420E-17
2.000000E+03	2.513765E-16	9.971516E-18
2.040000E+03	2.426817E-16	7.722648E-18
2.080000E+03	2.334500E-16	6.188280E-18
2.120000E+03	2.239694E-16	5.410350E-18
2.160000E+03	2.149464E-16	5.160994E-18
2.200000E+03	2.071095E-16	5.175209E-18
2.240000E+03	2.011179E-16	5.333808E-18
2.280000E+03	1.974854E-16	5.625407E-18
2.320000E+03	1.962951E-16	6.006418E-18
2.360000E+03	1.973534E-16	6.396109E-18
2.400000E+03	2.004499E-16	6.732266E-18
2.440000E+03	2.053849E-16	6.978528E-18
2.480000E+03	2.119931E-16	7.131075E-18
2.520000E+03	2.200773E-16	7.231231E-18
2.560000E+03	2.294400E-16	7.389419E-18
2.600000E+03	2.398359E-16	7.793823E-18
2.640000E+03	2.510396E-16	8.653626E-18
2.680000E+03	2.629179E-16	1.002421E-17
2.720000E+03	2.754513E-16	1.180589E-17
2.760000E+03	2.886626E-16	1.386712E-17
2.800000E+03	3.025799E-16	1.608956E-17
2.840000E+03	3.172350E-16	1.837470E-17
2.880000E+03	3.326767E-16	2.063972E-17
2.920000E+03	3.489329E-16	2.280959E-17
2.960000E+03	3.660696E-16	2.481684E-17
3.000000E+03	3.841172E-16	2.659447E-17
3.010000E+03	3.887869E-16	2.699613E-17
3.020000E+03	3.935110E-16	2.737800E-17
3.030000E+03	3.982889E-16	2.773900E-17
3.040000E+03	4.031379E-16	2.807930E-17
3.050000E+03	4.080485E-16	2.839721E-17
3.060000E+03	4.130199E-16	2.869167E-17
3.070000E+03	4.180602E-16	2.896225E-17
3.080000E+03	4.231595E-16	2.920725E-17
3.090000E+03	4.283169E-16	2.942563E-17
3.100000E+03	4.335491E-16	2.961758E-17
3.110000E+03	4.388370E-16	2.978085E-17
3.120000E+03	4.441881E-16	2.991503E-17
3.130000E+03	4.495919E-16	3.001852E-17
3.140000E+03	4.550739E-16	3.009214E-17
3.150000E+03	4.606051E-16	3.013315E-17
3.160000E+03	4.661929E-16	3.014125E-17
3.170000E+03	4.718439E-16	3.011611E-17
3.180000E+03	4.775560E-16	3.005691E-17
3.190000E+03	4.833088E-16	2.996171E-17
3.200000E+03	4.891267E-16	2.983149E-17
3.210000E+03	4.949889E-16	2.966445E-17
3.220000E+03	5.009014E-16	2.946056E-17
3.230000E+03	5.068520E-16	2.921881E-17
3.240000E+03	5.128464E-16	2.893932E-17
3.250000E+03	5.188809E-16	2.862182E-17
3.260000E+03	5.249517E-16	2.826614E-17
3.270000E+03	5.310457E-16	2.787182E-17
3.280000E+03	5.371676E-16	2.743950E-17
3.290000E+03	5.433126E-16	2.696956E-17
3.300000E+03	5.494671E-16	2.646213E-17
3.310000E+03	5.556349E-16	2.591849E-17
3.320000E+03	5.618015E-16	2.533934E-17
3.330000E+03	5.679701E-16	2.472653E-17
3.340000E+03	5.741259E-16	2.408149E-17
3.350000E+03	5.802624E-16	2.340646E-17
3.360000E+03	5.863729E-16	2.270418E-17
3.370000E+03	5.924503E-16	2.197791E-17
3.380000E+03	5.984872E-16	2.123157E-17
3.390000E+03	6.044666E-16	2.046950E-17
3.400000E+03	6.103891E-16	1.969748E-17
3.410000E+03	6.162281E-16	1.892137E-17
3.420000E+03	6.219913E-16	1.814920E-17
3.430000E+03	6.276508E-16	1.738905E-17
3.440000E+03	6.331952E-16	1.665055E-17
3.450000E+03	6.386116E-16	1.594449E-17
3.460000E+03	6.438764E-16	1.528249E-17
3.470000E+03	6.489805E-16	1.467702E-17
3.480000E+03	6.538885E-16	1.413999E-17
3.490000E+03	6.585391E-16	1.368114E-17
3.500000E+03	6.628695E-16	1.330858E-17
3.510000E+03	6.668092E-16	1.302837E-17
3.520000E+03	6.703097E-16	1.284412E-17
3.530000E+03	6.733006E-16	1.275451E-17
3.540000E+03	6.757790E-16	1.275373E-17
3.550000E+03	6.777535E-16	1.283132E-17
3.560000E+03	6.792520E-16	1.297424E-17
3.570000E+03	6.802950E-16	1.316837E-17
3.580000E+03	6.809171E-16	1.340020E-17
3.590000E+03	6.811701E-16	1.365722E-17
3.600000E+03	6.810762E-16	1.392804E-17
3.610000E+03	6.806907E-16	1.420389E-17
3.620000E+03	6.800529E-16	1.447706E-17
3.630000E+03	6.791949E-16	1.474148E-17
3.640000E+03	6.781568E-16	1.499297E-17
3.650000E+03	6.769848E-16	1.522840E-17
3.660000E+03	6.757095E-16	1.544561E-17
3.670000E+03	6.743824E-16	1.564390E-17
3.680000E+03	6.730186E-16	1.582179E-17
3.690000E+03	6.716538E-16	1.597900E-17
3.700000E+03	6.703140E-16	1.611563E-17
3.710000E+03	6.690241E-16	1.623153E-17
3.720000E+03	6.677929E-16	1.632663E-17
3.730000E+03	6.666416E-16	1.640159E-17
3.740000E+03	6.655782E-16	1.645654E-17
3.750000E+03	6.646160E-16	1.649210E-17
3.760000E+03	6.637598E-16	1.650906E-17
3.770000E+03	6.630146E-16	1.650800E-17
3.780000E+03	6.623770E-16	1.648965E-17
3.790000E+03	6.618430E-16	1.645513E-17
3.800000E+03	6.614240E-16	1.640595E-17
3.810000E+03	6.610981E-16	1.634324E-17
3.820000E+03	6.608687E-16	1.626915E-17
3.830000E+03	6.607365E-16	1.618573E-17
3.840000E+03	6.606824E-16	1.609492E-17
3.850000E+03	6.606996E-16	1.599927E-17
3.860000E+03	6.607849E-16	1.590090E-17
3.870000E+03	6.609281E-16	1.580197E-17
3.880000E+03	6.611192E-16	1.570491E-17
3.890000E+03	6.613419E-16	1.561133E-17
3.900000E+03	6.615923E-16	1.552331E-17
3.910000E+03	6.618608E-16	1.544278E-17
3.920000E+03	6.621405E-16	1.537046E-17
3.930000E+03	6.624252E-16	1.530701E-17
3.940000E+03	6.627088E-16	1.525301E-17
3.950000E+03	6.629926E-16	1.520774E-17
3.960000E+03	6.632719E-16	1.517031E-17
3.970000E+03	6.635359E-16	1.513979E-17
3.980000E+03	6.637911E-16	1.511491E-17
3.990000E+03	6.640256E-16	1.509417E-17
4.000000E+03	6.642400E-16	1.507663E-17
4.010000E+03	6.644287E-16	1.506074E-17
4.020000E+03	6.645810E-16	1.504512E-17
4.030000E+03	6.647039E-16	1.502909E-17
4.040000E+03	6.647874E-16	1.501098E-17
4.050000E+03	6.648340E-16	1.498968E-17
4.060000E+03	6.648402E-16	1.496431E-17
4.070000E+03	6.648001E-16	1.493351E-17
4.080000E+03	6.647081E-16	1.489629E-17
4.090000E+03	6.645654E-16	1.485220E-17
4.100000E+03	6.643639E-16	1.480027E-17
4.110000E+03	6.641024E-16	1.474010E-17
4.120000E+03	6.637929E-16	1.467207E-17
4.130000E+03	6.634279E-16	1.459614E-17
4.140000E+03	6.630184E-16	1.451318E-17
4.150000E+03	6.625712E-16	1.442425E-17
4.160000E+03	6.620944E-16	1.432979E-17
4.170000E+03	6.615972E-16	1.423054E-17
4.180000E+03	6.610890E-16	1.412758E-17
4.190000E+03	6.605763E-16	1.402162E-17
4.200000E+03	6.600659E-16	1.391367E-17
4.210000E+03	6.595644E-16	1.380506E-17
4.220000E+03	6.590773E-16	1.369653E-17
4.230000E+03	6.586040E-16	1.358897E-17
4.240000E+03	6.581504E-16	1.348362E-17
4.250000E+03	6.577255E-16	1.338106E-17
4.260000E+03	6.573329E-16	1.328198E-17
4.270000E+03	6.569640E-16	1.318704E-17
4.280000E+03	6.566215E-16	1.309641E-17
4.290000E+03	6.563016E-16	1.301039E-17
4.300000E+03	6.559994E-16	1.292952E-17
4.310000E+03	6.557011E-16	1.285355E-17
4.320000E+03	6.553865E-16	1.278239E-17
4.330000E+03	6.550524E-16	1.271662E-17
4.340000E+03	6.546653E-16	1.265574E-17
4.350000E+03	6.542172E-16	1.259996E-17
4.360000E+03	6.536929E-16	1.254942E-17
4.370000E+03	6.530806E-16	1.250334E-17
4.380000E+03	6.523701E-16	1.246090E-17
4.390000E+03	6.515646E-16	1.242154E-17
4.400000E+03	6.506591E-16	1.238371E-17
4.410000E+03	6.496628E-16	1.234638E-17
4.420000E+03	6.485749E-16	1.230866E-17
4.430000E+03	6.473887E-16	1.226916E-17
4.440000E+03	6.461093E-16	1.222715E-17
4.450000E+03	6.447305E-16	1.218217E-17
4.460000E+03	6.432458E-16	1.213330E-17
4.470000E+03	6.416554E-16	1.208023E-17
4.480000E+03	6.399424E-16	1.202282E-17
4.490000E+03	6.381041E-16	1.196083E-17
4.500000E+03	6.361328E-16	1.189441E-17
4.510000E+03	6.340170E-16	1.182406E-17
4.520000E+03	6.317476E-16	1.174992E-17
4.530000E+03	6.293180E-16	1.167256E-17
4.540000E+03	6.267238E-16	1.159291E-17
4.550000E+03	6.239595E-16	1.151113E-17
4.560000E+03	6.210164E-16	1.142764E-17
4.570000E+03	6.178894E-16	1.134310E-17
4.580000E+03	6.145905E-16	1.125783E-17
4.590000E+03	6.111118E-16	1.117197E-17
4.600000E+03	6.074546E-16	1.108595E-17
4.610000E+03	6.036296E-16	1.099935E-17
4.620000E+03	5.996448E-16	1.091186E-17
4.630000E+03	5.954952E-16	1.082318E-17
4.640000E+03	5.912125E-16	1.073318E-17
4.650000E+03	5.867919E-16	1.064141E-17
4.660000E+03	5.822662E-16	1.054839E-17
4.670000E+03	5.776518E-16	1.045383E-17
4.680000E+03	5.729680E-16	1.035783E-17
4.690000E+03	5.682353E-16	1.026083E-17
4.700000E+03	5.634713E-16	1.016253E-17
4.710000E+03	5.587057E-16	1.006319E-17
4.720000E+03	5.539528E-16	9.963210E-18
4.730000E+03	5.492318E-16	9.862867E-18
4.740000E+03	5.445682E-16	9.762972E-18
4.750000E+03	5.399719E-16	9.664491E-18
4.760000E+03	5.354787E-16	9.568686E-18
4.770000E+03	5.310923E-16	9.476593E-18
4.780000E+03	5.268427E-16	9.389982E-18
4.790000E+03	5.227455E-16	9.309962E-18
4.800000E+03	5.188045E-16	9.237441E-18
4.810000E+03	5.150378E-16	9.173447E-18
4.820000E+03	5.114594E-16	9.118219E-18
4.830000E+03	5.080657E-16	9.071436E-18
4.840000E+03	5.048678E-16	9.032895E-18
4.850000E+03	5.018696E-16	9.001817E-18
4.860000E+03	4.990699E-16	8.977482E-18
4.870000E+03	4.964726E-16	8.959451E-18
4.880000E+03	4.940853E-16	8.947025E-18
4.890000E+03	4.919054E-16	8.939598E-18
4.900000E+03	4.899402E-16	8.936953E-18
4.910000E+03	4.881786E-16	8.937998E-18
4.920000E+03	4.866242E-16	8.942155E-18
4.930000E+03	4.852751E-16	8.949001E-18
4.940000E+03	4.841204E-16	8.957433E-18
4.950000E+03	4.831589E-16	8.966817E-18
4.960000E+03	4.823794E-16	8.976763E-18
4.970000E+03	4.817781E-16	8.987026E-18
4.980000E+03	4.813417E-16	8.997608E-18
4.990000E+03	4.810615E-16	9.009007E-18
5.000000E+03	4.809222E-16	9.021510E-18
5.010000E+03	4.809233E-16	9.036037E-18
5.020000E+03	4.810449E-16	9.053394E-18
5.030000E+03	4.812760E-16	9.074122E-18
5.040000E+03	4.816108E-16	9.099045E-18
5.050000E+03	4.820340E-16	9.128834E-18
5.060000E+03	4.825323E-16	9.163201E-18
5.070000E+03	4.830927E-16	9.201866E-18
5.080000E+03	4.837025E-16	9.244622E-18
5.090000E+03	4.843420E-16	9.290324E-18
5.100000E+03	4.849971E-16	9.338037E-18
5.110000E+03	4.856595E-16	9.387226E-18
5.120000E+03	4.863069E-16	9.436944E-18
5.130000E+03	4.869376E-16	9.486965E-18
5.140000E+03	4.875267E-16	9.536861E-18
5.150000E+03	4.880743E-16	9.586364E-18
5.160000E+03	4.885670E-16	9.635184E-18
5.170000E+03	4.889977E-16	9.683374E-18
5.180000E+03	4.893591E-16	9.730600E-18
5.190000E+03	4.896407E-16	9.776657E-18
5.200000E+03	4.898380E-16	9.821674E-18
5.210000E+03	4.899433E-16	9.865337E-18
5.220000E+03	4.899655E-16	9.907857E-18
5.230000E+03	4.898897E-16	9.949127E-18
5.240000E+03	4.897208E-16	9.988979E-18
5.250000E+03	4.894602E-16	1.002733E-17
5.260000E+03	4.891102E-16	1.006431E-17
5.270000E+03	4.886622E-16	1.009950E-17
5.280000E+03	4.881234E-16	1.013300E-17
5.290000E+03	4.874920E-16	1.016489E-17
5.300000E+03	4.867695E-16	1.019490E-17
5.310000E+03	4.859535E-16	1.022286E-17
5.320000E+03	4.850522E-16	1.024906E-17
5.330000E+03	4.840581E-16	1.027323E-17
5.340000E+03	4.829746E-16	1.029560E-17
5.350000E+03	4.818007E-16	1.031653E-17
5.360000E+03	4.805436E-16	1.033638E-17
5.370000E+03	4.791917E-16	1.035534E-17
5.380000E+03	4.777536E-16	1.037425E-17
5.390000E+03	4.762260E-16	1.039345E-17
5.400000E+03	4.746064E-16	1.041344E-17
5.410000E+03	4.728836E-16	1.043455E-17
5.420000E+03	4.710527E-16	1.045654E-17
5.430000E+03	4.691105E-16	1.047913E-17
5.440000E+03	4.670364E-16	1.050155E-17
5.450000E+03	4.648275E-16	1.052269E-17
5.460000E+03	4.624687E-16	1.054109E-17
5.470000E+03	4.599562E-16	1.055556E-17
5.480000E+03	4.573088E-16	1.056517E-17
5.490000E+03	4.545277E-16	1.056870E-17
5.500000E+03	4.516331E-16	1.056554E-17
5.510000E+03	4.486350E-16	1.055476E-17
5.520000E+03	4.455568E-16	1.053592E-17
5.530000E+03	4.424002E-16	1.050834E-17
5.540000E+03	4.391797E-16	1.047165E-17
5.550000E+03	4.359010E-16	1.042555E-17
5.560000E+03	4.325835E-16	1.037023E-17
5.570000E+03	4.292276E-16	1.030542E-17
5.580000E+03	4.258426E-16	1.023125E-17
5.590000E+03	4.224334E-16	1.014792E-17
5.600000E+03	4.190128E-16	1.005578E-17
5.610000E+03	4.155804E-16	9.955055E-18
5.620000E+03	4.121448E-16	9.846327E-18
5.630000E+03	4.087135E-16	9.730111E-18
5.640000E+03	4.052897E-16	9.606981E-18
5.650000E+03	4.018811E-16	9.477769E-18
5.660000E+03	3.984863E-16	9.343031E-18
5.670000E+03	3.951120E-16	9.203675E-18
5.680000E+03	3.917653E-16	9.060759E-18
5.690000E+03	3.884485E-16	8.915177E-18
5.700000E+03	3.851640E-16	8.767977E-18
5.710000E+03	3.819142E-16	8.620359E-18
5.720000E+03	3.787094E-16	8.473640E-18
5.730000E+03	3.755441E-16	8.328912E-18
5.740000E+03	3.724287E-16	8.187614E-18
5.750000E+03	3.693643E-16	8.050404E-18
5.760000E+03	3.663483E-16	7.917857E-18
5.770000E+03	3.633862E-16	7.790750E-18
5.780000E+03	3.604823E-16	7.669400E-18
5.790000E+03	3.576331E-16	7.554012E-18
5.800000E+03	3.548396E-16	7.444923E-18
5.810000E+03	3.521096E-16	7.342149E-18
5.820000E+03	3.494356E-16	7.245459E-18
5.830000E+03	3.468225E-16	7.154940E-18
5.840000E+03	3.442697E-16	7.070132E-18
5.850000E+03	3.417774E-16	6.990684E-18
5.860000E+03	3.393501E-16	6.916469E-18
5.870000E+03	3.369791E-16	6.846809E-18
5.880000E+03	3.346716E-16	6.781503E-18
5.890000E+03	3.324240E-16	6.720289E-18
5.900000E+03	3.302345E-16	6.662686E-18
5.910000E+03	3.281019E-16	6.608397E-18
5.920000E+03	3.260255E-16	6.557284E-18
5.930000E+03	3.240061E-16	6.508947E-18
5.940000E+03	3.220339E-16	6.462936E-18
5.950000E+03	3.201070E-16	6.419121E-18
5.960000E+03	3.182260E-16	6.377149E-18
5.970000E+03	3.163880E-16	6.336770E-18
5.980000E+03	3.145838E-16	6.297778E-18
5.990000E+03	3.128181E-16	6.260035E-18
6.000000E+03	3.110782E-16	6.223225E-18
6.010000E+03	3.093737E-16	6.187631E-18
6.020000E+03	3.076918E-16	6.152847E-18
6.030000E+03	3.060310E-16	6.118839E-18
6.040000E+03	3.043941E-16	6.085793E-18
6.050000E+03	3.027755E-16	6.053480E-18
6.060000E+03	3.011739E-16	6.021878E-18
6.070000E+03	2.995812E-16	5.990957E-18
6.080000E+03	2.980033E-16	5.960712E-18
6.090000E+03	2.964290E-16	5.930905E-18
6.100000E+03	2.948653E-16	5.901781E-18
6.110000E+03	2.933091E-16	5.873133E-18
6.120000E+03	2.917577E-16	5.844873E-18
6.130000E+03	2.902127E-16	5.817089E-18
6.140000E+03	2.886794E-16	5.789682E-18
6.150000E+03	2.871567E-16	5.762513E-18
6.160000E+03	2.856473E-16	5.735618E-18
6.170000E+03	2.841612E-16	5.708911E-18
6.180000E+03	2.826945E-16	5.682131E-18
6.190000E+03	2.812541E-16	5.655360E-18
6.200000E+03	2.798471E-16	5.628474E-18
6.210000E+03	2.784808E-16	5.601489E-18
6.220000E+03	2.771557E-16	5.574412E-18
6.230000E+03	2.758759E-16	5.547139E-18
6.240000E+03	2.746494E-16	5.519776E-18
6.250000E+03	2.734772E-16	5.492419E-18
6.260000E+03	2.723664E-16	5.465105E-18
6.270000E+03	2.713211E-16	5.437926E-18
6.280000E+03	2.703481E-16	5.411165E-18
6.290000E+03	2.694489E-16	5.384795E-18
6.300000E+03	2.686243E-16	5.358906E-18
6.310000E+03	2.678783E-16	5.333781E-18
6.320000E+03	2.672117E-16	5.309490E-18
6.330000E+03	2.666176E-16	5.286082E-18
6.340000E+03	2.660957E-16	5.263866E-18
6.350000E+03	2.656424E-16	5.242916E-18
6.360000E+03	2.652461E-16	5.223280E-18
6.370000E+03	2.649062E-16	5.205352E-18
6.380000E+03	2.646129E-16	5.189181E-18
6.390000E+03	2.643559E-16	5.174934E-18
6.400000E+03	2.641252E-16	5.162894E-18
6.410000E+03	2.639180E-16	5.153273E-18
6.420000E+03	2.637201E-16	5.146136E-18
6.430000E+03	2.635293E-16	5.141825E-18
6.440000E+03	2.633359E-16	5.140251E-18
6.450000E+03	2.631305E-16	5.141310E-18
6.460000E+03	2.629082E-16	5.144948E-18
6.470000E+03	2.626609E-16	5.150724E-18
6.480000E+03	2.623849E-16	5.158306E-18
6.490000E+03	2.620655E-16	5.167183E-18
6.500000E+03	2.617043E-16	5.176919E-18
6.510000E+03	2.612959E-16	5.187028E-18
6.520000E+03	2.608316E-16	5.197064E-18
6.530000E+03	2.603118E-16	5.206582E-18
6.540000E+03	2.597336E-16	5.215196E-18
6.550000E+03	2.590951E-16	5.222672E-18
6.560000E+03	2.583953E-16	5.228655E-18
6.570000E+03	2.576381E-16	5.233028E-18
6.580000E+03	2.568200E-16	5.235650E-18
6.590000E+03	2.559424E-16	5.236316E-18
6.600000E+03	2.550114E-16	5.235046E-18
6.610000E+03	2.540294E-16	5.231910E-18
6.620000E+03	2.529951E-16	5.226731E-18
6.630000E+03	2.519158E-16	5.219637E-18
6.640000E+03	2.507907E-16	5.210716E-18
6.650000E+03	2.496316E-16	5.200174E-18
6.660000E+03	2.484334E-16	5.188000E-18
6.670000E+03	2.471998E-16	5.174467E-18
6.680000E+03	2.459386E-16	5.159756E-18
6.690000E+03	2.446534E-16	5.144068E-18
6.700000E+03	2.433438E-16	5.127615E-18
6.710000E+03	2.420134E-16	5.110488E-18
6.720000E+03	2.406701E-16	5.092961E-18
6.730000E+03	2.393135E-16	5.075214E-18
6.740000E+03	2.379514E-16	5.057377E-18
6.750000E+03	2.365788E-16	5.039390E-18
6.760000E+03	2.352080E-16	5.021626E-18
6.770000E+03	2.338337E-16	5.003864E-18
6.780000E+03	2.324676E-16	4.986317E-18
6.790000E+03	2.311046E-16	4.968913E-18
6.800000E+03	2.297524E-16	4.951643E-18
6.810000E+03	2.284145E-16	4.934485E-18
6.820000E+03	2.270901E-16	4.917399E-18
6.830000E+03	2.257872E-16	4.900325E-18
6.840000E+03	2.245055E-16	4.883099E-18
6.850000E+03	2.232528E-16	4.865832E-18
6.860000E+03	2.220244E-16	4.848232E-18
6.870000E+03	2.208321E-16	4.830466E-18
6.880000E+03	2.196747E-16	4.812538E-18
6.890000E+03	2.185549E-16	4.794463E-18
6.900000E+03	2.174707E-16	4.776270E-18
6.910000E+03	2.164320E-16	4.758344E-18
6.920000E+03	2.154268E-16	4.740451E-18
6.930000E+03	2.144674E-16	4.722980E-18
6.940000E+03	2.135449E-16	4.705942E-18
6.950000E+03	2.126572E-16	4.689350E-18
6.960000E+03	2.118058E-16	4.673383E-18
6.970000E+03	2.109836E-16	4.658099E-18
6.980000E+03	2.101864E-16	4.643436E-18
6.990000E+03	2.094094E-16	4.629393E-18
7.000000E+03	2.086481E-16	4.616043E-18
7.010000E+03	2.078969E-16	4.603287E-18
7.020000E+03	2.071463E-16	4.591009E-18
7.030000E+03	2.063992E-16	4.579434E-18
7.040000E+03	2.056381E-16	4.568167E-18
7.050000E+03	2.048701E-16	4.557424E-18
7.060000E+03	2.040785E-16	4.546944E-18
7.070000E+03	2.032672E-16	4.536746E-18
7.080000E+03	2.024284E-16	4.526645E-18
7.090000E+03	2.015589E-16	4.516605E-18
7.100000E+03	2.006603E-16	4.506510E-18
7.110000E+03	1.997225E-16	4.496037E-18
7.120000E+03	1.987482E-16	4.485193E-18
7.130000E+03	1.977330E-16	4.473640E-18
7.140000E+03	1.966814E-16	4.461286E-18
7.150000E+03	1.955940E-16	4.448028E-18
7.160000E+03	1.944686E-16	4.433547E-18
7.170000E+03	1.933109E-16	4.417794E-18
7.180000E+03	1.921154E-16	4.400545E-18
7.190000E+03	1.908927E-16	4.381867E-18
7.200000E+03	1.896418E-16	4.361658E-18
7.210000E+03	1.883620E-16	4.339920E-18
7.220000E+03	1.870605E-16	4.316771E-18
7.230000E+03	1.857411E-16	4.292336E-18
7.240000E+03	1.844036E-16	4.266749E-18
7.250000E+03	1.830522E-16	4.240151E-18
7.260000E+03	1.816910E-16	4.212768E-18
7.270000E+03	1.803245E-16	4.184903E-18
7.280000E+03	1.789574E-16	4.156752E-18
7.290000E+03	1.775872E-16	4.128408E-18
7.300000E+03	1.762263E-16	4.100372E-18
7.310000E+03	1.748759E-16	4.072759E-18
7.320000E+03	1.735376E-16	4.045746E-18
7.330000E+03	1.722199E-16	4.019727E-18
7.340000E+03	1.709205E-16	3.994700E-18
7.350000E+03	1.696442E-16	3.970881E-18
7.360000E+03	1.683957E-16	3.948524E-18
7.370000E+03	1.671756E-16	3.927652E-18
7.380000E+03	1.659916E-16	3.908487E-18
7.390000E+03	1.648371E-16	3.890964E-18
7.400000E+03	1.637224E-16	3.875303E-18
7.410000E+03	1.626437E-16	3.861428E-18
7.420000E+03	1.616073E-16	3.849541E-18
7.430000E+03	1.606121E-16	3.839543E-18
7.440000E+03	1.596602E-16	3.831443E-18
7.450000E+03	1.587567E-16	3.825348E-18
7.460000E+03	1.578991E-16	3.821034E-18
7.470000E+03	1.570982E-16	3.818624E-18
7.480000E+03	1.563477E-16	3.817857E-18
7.490000E+03	1.556540E-16	3.818653E-18
7.500000E+03	1.550131E-16	3.820720E-18
7.510000E+03	1.544341E-16	3.824140E-18
7.520000E+03	1.539125E-16	3.828556E-18
7.530000E+03	1.534465E-16	3.833745E-18
7.540000E+03	1.530380E-16	3.839622E-18
7.550000E+03	1.526850E-16	3.845920E-18
7.560000E+03	1.523922E-16	3.852603E-18
7.570000E+03	1.521509E-16	3.859359E-18
7.580000E+03	1.519622E-16	3.866061E-18
7.590000E+03	1.518270E-16	3.872650E-18
7.600000E+03	1.517396E-16	3.878972E-18
7.610000E+03	1.517003E-16	3.885022E-18
7.620000E+03	1.517025E-16	3.890693E-18
7.630000E+03	1.517497E-16	3.896200E-18
7.640000E+03	1.518310E-16	3.901320E-18
7.650000E+03	1.519489E-16	3.906233E-18
7.660000E+03	1.520919E-16	3.910805E-18
7.670000E+03	1.522618E-16	3.915125E-18
7.680000E+03	1.524466E-16	3.918963E-18
7.690000E+03	1.526478E-16	3.922473E-18
7.700000E+03	1.528572E-16	3.925417E-18
7.710000E+03	1.530696E-16	3.927677E-18
7.720000E+03	1.532805E-16	3.929166E-18
7.730000E+03	1.534854E-16	3.929676E-18
7.740000E+03	1.536804E-16	3.929037E-18
7.750000E+03	1.538580E-16	3.927039E-18
7.760000E+03	1.540220E-16	3.923663E-18
7.770000E+03	1.541618E-16	3.918586E-18
7.780000E+03	1.542745E-16	3.911737E-18
7.790000E+03	1.543610E-16	3.903074E-18
7.800000E+03	1.544154E-16	3.892454E-18
7.810000E+03	1.544357E-16	3.879910E-18
7.820000E+03	1.544164E-16	3.865344E-18
7.830000E+03	1.543601E-16	3.848933E-18
7.840000E+03	1.542619E-16	3.830779E-18
7.850000E+03	1.541176E-16	3.810966E-18
7.860000E+03	1.539307E-16	3.789868E-18
7.870000E+03	1.536939E-16	3.767693E-18
7.880000E+03	1.534114E-16	3.744893E-18
7.890000E+03	1.530802E-16	3.721837E-18
7.900000E+03	1.526980E-16	3.698984E-18
7.910000E+03	1.522663E-16	3.676837E-18
7.920000E+03	1.517795E-16	3.655785E-18
7.930000E+03	1.512399E-16	3.636439E-18
7.940000E+03	1.506537E-16	3.619390E-18
7.950000E+03	1.500128E-16	3.604863E-18
7.960000E+03	1.493276E-16	3.593470E-18
7.970000E+03	1.485940E-16	3.585247E-18
7.980000E+03	1.478224E-16	3.580451E-18
7.990000E+03	1.470159E-16	3.579020E-18
8.000000E+03	1.461773E-16	3.580665E-18
8.010000E+03	1.453134E-16	3.585116E-18
8.020000E+03	1.444346E-16	3.592176E-18
8.030000E+03	1.435404E-16	3.601282E-18
8.040000E+03	1.426377E-16	3.612094E-18
8.050000E+03	1.417336E-16	3.624331E-18
8.060000E+03	1.408349E-16	3.637681E-18
8.070000E+03	1.399449E-16	3.651823E-18
8.080000E+03	1.390670E-16	3.666517E-18
8.090000E+03	1.382077E-16	3.681585E-18
8.100000E+03	1.373664E-16	3.696746E-18
8.110000E+03	1.365530E-16	3.712074E-18
8.120000E+03	1.357700E-16	3.727400E-18
8.130000E+03	1.350159E-16	3.742522E-18
8.140000E+03	1.342966E-16	3.757497E-18
8.150000E+03	1.336133E-16	3.772215E-18
8.160000E+03	1.329676E-16	3.786620E-18
8.170000E+03	1.323607E-16	3.800713E-18
8.180000E+03	1.317930E-16	3.814422E-18
8.190000E+03	1.312652E-16	3.827724E-18
8.200000E+03	1.307811E-16	3.840740E-18
8.210000E+03	1.303333E-16	3.853200E-18
8.220000E+03	1.299285E-16	3.865285E-18
8.230000E+03	1.295629E-16	3.876916E-18
8.240000E+03	1.292391E-16	3.888189E-18
8.250000E+03	1.289494E-16	3.898928E-18
8.260000E+03	1.286963E-16	3.909318E-18
8.270000E+03	1.284824E-16	3.919506E-18
8.280000E+03	1.282994E-16	3.929358E-18
8.290000E+03	1.281532E-16	3.939201E-18
8.300000E+03	1.280353E-16	3.948853E-18
8.310000E+03	1.279478E-16	3.958484E-18
8.320000E+03	1.278893E-16	3.968186E-18
8.330000E+03	1.278543E-16	3.977868E-18
8.340000E+03	1.278449E-16	3.987686E-18
8.350000E+03	1.278556E-16	3.997596E-18
8.360000E+03	1.278881E-16	4.007698E-18
8.370000E+03	1.279405E-16	4.018002E-18
8.380000E+03	1.280034E-16	4.028310E-18
8.390000E+03	1.280822E-16	4.038811E-18
8.400000E+03	1.281711E-16	4.049373E-18
8.410000E+03	1.282682E-16	4.060009E-18
8.420000E+03	1.283715E-16	4.070668E-18
8.430000E+03	1.284791E-16	4.081331E-18
8.440000E+03	1.285890E-16	4.092014E-18
8.450000E+03	1.286957E-16	4.102570E-18
8.460000E+03	1.288012E-16	4.113129E-18
8.470000E+03	1.288999E-16	4.123612E-18
8.480000E+03	1.289941E-16	4.134131E-18
8.490000E+03	1.290821E-16	4.144710E-18
8.500000E+03	1.291549E-16	4.155154E-18
8.510000E+03	1.292188E-16	4.165689E-18
8.520000E+03	1.292649E-16	4.176073E-18
8.530000E+03	1.292998E-16	4.186588E-18
8.540000E+03	1.293148E-16	4.196947E-18
8.550000E+03	1.293132E-16	4.207263E-18
8.560000E+03	1.292940E-16	4.217554E-18
8.570000E+03	1.292531E-16	4.227644E-18
8.580000E+03	1.291938E-16	4.237636E-18
8.590000E+03	1.291080E-16	4.247278E-18
8.600000E+03	1.290035E-16	4.256760E-18
8.610000E+03	1.288764E-16	4.265912E-18
8.620000E+03	1.287267E-16	4.274722E-18
8.630000E+03	1.285508E-16	4.282980E-18
8.640000E+03	1.283570E-16	4.290905E-18
8.650000E+03	1.281340E-16	4.298084E-18
8.660000E+03	1.278904E-16	4.304719E-18
8.670000E+03	1.276228E-16	4.310648E-18
8.680000E+03	1.273283E-16	4.315741E-18
8.690000E+03	1.270156E-16	4.320222E-18
8.700000E+03	1.266778E-16	4.323810E-18
8.710000E+03	1.263198E-16	4.326662E-18
8.720000E+03	1.259387E-16	4.328607E-18
8.730000E+03	1.255354E-16	4.329641E-18
8.740000E+03	1.251111E-16	4.329792E-18
8.750000E+03	1.246667E-16	4.329024E-18
8.760000E+03	1.241992E-16	4.327193E-18
8.770000E+03	1.237137E-16	4.324463E-18
8.780000E+03	1.232068E-16	4.320662E-18
8.790000E+03	1.226837E-16	4.315934E-18
8.800000E+03	1.221370E-16	4.310025E-18
8.810000E+03	1.215717E-16	4.303066E-18
8.820000E+03	1.209884E-16	4.295081E-18
8.830000E+03	1.203880E-16	4.286117E-18
8.840000E+03	1.197672E-16	4.276031E-18
8.850000E+03	1.191347E-16	4.265138E-18
8.860000E+03	1.184872E-16	4.253347E-18
8.870000E+03	1.178252E-16	4.240664E-18
8.880000E+03	1.171495E-16	4.227122E-18
8.890000E+03	1.164648E-16	4.212924E-18
8.900000E+03	1.157674E-16	4.197933E-18
8.910000E+03	1.150662E-16	4.182481E-18
8.920000E+03	1.143534E-16	4.166335E-18
8.930000E+03	1.136419E-16	4.149962E-18
8.940000E+03	1.129241E-16	4.133115E-18
8.950000E+03	1.122043E-16	4.116017E-18
8.960000E+03	1.114831E-16	4.098702E-18
8.970000E+03	1.107650E-16	4.081380E-18
8.980000E+03	1.100502E-16	4.064131E-18
8.990000E+03	1.093391E-16	4.046994E-18
9.000000E+03	1.086277E-16	4.029876E-18
9.040000E+03	1.058592E-16	3.965685E-18
9.080000E+03	1.032116E-16	3.910405E-18
9.120000E+03	1.007225E-16	3.867764E-18
9.160000E+03	9.839599E-17	3.839323E-18
9.200000E+03	9.622497E-17	3.825012E-18
9.240000E+03	9.420551E-17	3.823390E-18
9.280000E+03	9.236399E-17	3.832059E-18
9.320000E+03	9.072967E-17	3.846634E-18
9.360000E+03	8.934882E-17	3.863433E-18
9.400000E+03	8.826478E-17	3.881165E-18
9.440000E+03	8.750680E-17	3.900580E-18
9.480000E+03	8.707752E-17	3.922972E-18
9.520000E+03	8.696980E-17	3.950836E-18
9.560000E+03	8.716865E-17	3.989113E-18
9.600000E+03	8.762502E-17	4.043935E-18
9.640000E+03	8.829638E-17	4.124225E-18
9.680000E+03	8.913468E-17	4.241519E-18
9.720000E+03	9.007949E-17	4.410061E-18
9.760000E+03	9.108893E-17	4.647499E-18
9.800000E+03	9.211708E-17	4.971319E-18
9.840000E+03	9.314055E-17	5.397047E-18
9.880000E+03	9.413716E-17	5.934790E-18
9.920000E+03	9.509079E-17	6.588228E-18
9.960000E+03	9.598349E-17	7.353716E-18
1.000000E+04	9.680884E-17	8.221575E-18
1.004000E+04	9.757871E-17	9.177894E-18
1.008000E+04	9.828011E-17	1.020434E-17
1.012000E+04	9.890899E-17	1.128525E-17
1.016000E+04	9.946190E-17	1.240725E-17
1.020000E+04	9.994576E-17	1.356026E-17
1.024000E+04	1.003586E-16	1.473484E-17
1.028000E+04	1.006984E-16	1.592270E-17
1.032000E+04	1.009738E-16	1.711825E-17
