#wls	flux	fluxerr
1.600000E+03	3.059009E-18	3.294394E-19
1.640000E+03	3.145717E-18	3.386407E-19
1.680000E+03	3.239326E-18	3.485731E-19
1.720000E+03	3.339709E-18	3.592218E-19
1.760000E+03	3.446709E-18	3.705684E-19
1.800000E+03	3.561962E-18	3.827873E-19
1.840000E+03	3.685391E-18	3.958685E-19
1.880000E+03	3.818172E-18	4.099363E-19
1.920000E+03	3.960259E-18	4.249840E-19
1.960000E+03	4.113628E-18	4.412211E-19
2.000000E+03	4.277628E-18	4.585754E-19
2.040000E+03	4.453667E-18	4.771950E-19
2.080000E+03	4.643285E-18	4.972420E-19
2.120000E+03	4.847388E-18	5.188101E-19
2.160000E+03	5.066115E-18	5.419103E-19
2.200000E+03	5.301218E-18	5.667261E-19
2.240000E+03	5.554605E-18	5.934570E-19
2.280000E+03	5.827449E-18	6.222234E-19
2.320000E+03	6.120024E-18	6.530492E-19
2.360000E+03	6.435425E-18	6.862585E-19
2.400000E+03	6.774017E-18	7.218840E-19
2.440000E+03	7.139192E-18	7.602797E-19
2.480000E+03	7.530290E-18	8.013677E-19
2.520000E+03	7.951988E-18	8.456370E-19
2.560000E+03	8.403545E-18	8.929994E-19
2.600000E+03	8.889946E-18	9.439745E-19
2.640000E+03	9.411544E-18	9.985882E-19
2.680000E+03	9.969724E-18	1.056975E-18
2.720000E+03	1.056844E-17	1.119542E-18
2.760000E+03	1.120901E-17	1.186414E-18
2.800000E+03	1.189247E-17	1.257686E-18
2.840000E+03	1.262264E-17	1.333742E-18
2.880000E+03	1.340015E-17	1.414636E-18
2.920000E+03	1.422683E-17	1.500540E-18
2.960000E+03	1.510244E-17	1.591408E-18
3.000000E+03	1.603143E-17	1.687688E-18
3.010000E+03	1.627190E-17	1.712589E-18
3.020000E+03	1.651380E-17	1.737625E-18
3.030000E+03	1.676071E-17	1.763175E-18
3.040000E+03	1.701080E-17	1.789043E-18
3.050000E+03	1.726403E-17	1.815227E-18
3.060000E+03	1.752036E-17	1.841720E-18
3.070000E+03	1.777787E-17	1.868323E-18
3.080000E+03	1.804215E-17	1.895619E-18
3.090000E+03	1.830751E-17	1.923013E-18
3.100000E+03	1.857577E-17	1.950695E-18
3.110000E+03	1.884686E-17	1.978657E-18
3.120000E+03	1.912268E-17	2.007099E-18
3.130000E+03	1.940123E-17	2.035809E-18
3.140000E+03	1.968245E-17	2.064780E-18
3.150000E+03	1.996623E-17	2.094003E-18
3.160000E+03	2.025453E-17	2.123680E-18
3.170000E+03	2.054322E-17	2.153381E-18
3.180000E+03	2.083627E-17	2.183519E-18
3.190000E+03	2.113361E-17	2.214087E-18
3.200000E+03	2.143105E-17	2.244646E-18
3.210000E+03	2.173261E-17	2.275616E-18
3.220000E+03	2.203610E-17	2.306769E-18
3.230000E+03	2.234352E-17	2.338312E-18
3.240000E+03	2.265267E-17	2.370015E-18
3.250000E+03	2.296555E-17	2.402087E-18
3.260000E+03	2.327991E-17	2.434293E-18
3.270000E+03	2.359564E-17	2.466620E-18
3.280000E+03	2.391474E-17	2.499277E-18
3.290000E+03	2.423708E-17	2.532252E-18
3.300000E+03	2.455822E-17	2.565078E-18
3.310000E+03	2.488451E-17	2.598418E-18
3.320000E+03	2.521147E-17	2.631806E-18
3.330000E+03	2.554112E-17	2.665452E-18
3.340000E+03	2.587114E-17	2.699111E-18
3.350000E+03	2.620354E-17	2.732996E-18
3.360000E+03	2.653595E-17	2.766858E-18
3.370000E+03	2.687267E-17	2.801145E-18
3.380000E+03	2.720907E-17	2.835374E-18
3.390000E+03	2.754496E-17	2.869525E-18
3.400000E+03	2.788465E-17	2.904047E-18
3.410000E+03	2.822348E-17	2.938454E-18
3.420000E+03	2.856350E-17	2.972960E-18
3.430000E+03	2.890454E-17	3.007545E-18
3.440000E+03	2.924639E-17	3.042190E-18
3.450000E+03	2.958659E-17	3.076637E-18
3.460000E+03	2.992951E-17	3.111340E-18
3.470000E+03	3.027036E-17	3.145802E-18
3.480000E+03	3.061354E-17	3.180480E-18
3.490000E+03	3.095424E-17	3.214873E-18
3.500000E+03	3.129456E-17	3.249200E-18
3.510000E+03	3.163658E-17	3.283677E-18
3.520000E+03	3.197549E-17	3.317803E-18
3.530000E+03	3.231569E-17	3.352037E-18
3.540000E+03	3.265235E-17	3.385876E-18
3.550000E+03	3.298987E-17	3.419777E-18
3.560000E+03	3.332342E-17	3.453240E-18
3.570000E+03	3.365741E-17	3.486720E-18
3.580000E+03	3.398931E-17	3.519956E-18
3.590000E+03	3.432122E-17	3.553166E-18
3.600000E+03	3.464830E-17	3.585849E-18
3.610000E+03	3.497495E-17	3.618459E-18
3.620000E+03	3.529868E-17	3.650740E-18
3.630000E+03	3.561927E-17	3.682668E-18
3.640000E+03	3.593651E-17	3.714223E-18
3.650000E+03	3.625249E-17	3.745621E-18
3.660000E+03	3.656473E-17	3.776604E-18
3.670000E+03	3.687532E-17	3.807389E-18
3.680000E+03	3.718177E-17	3.837721E-18
3.690000E+03	3.748391E-17	3.867580E-18
3.700000E+03	3.778155E-17	3.896948E-18
3.710000E+03	3.807679E-17	3.926042E-18
3.720000E+03	3.836945E-17	3.954843E-18
3.730000E+03	3.865709E-17	3.983100E-18
3.740000E+03	3.893958E-17	4.010800E-18
3.750000E+03	3.921899E-17	4.038158E-18
3.760000E+03	3.949295E-17	4.064927E-18
3.770000E+03	3.976356E-17	4.091326E-18
3.780000E+03	4.002844E-17	4.117111E-18
3.790000E+03	4.028752E-17	4.142272E-18
3.800000E+03	4.054285E-17	4.167024E-18
3.810000E+03	4.079433E-17	4.191356E-18
3.820000E+03	4.103968E-17	4.215033E-18
3.830000E+03	4.128099E-17	4.238271E-18
3.840000E+03	4.151602E-17	4.260840E-18
3.850000E+03	4.174473E-17	4.282737E-18
3.860000E+03	4.196919E-17	4.304175E-18
3.870000E+03	4.218934E-17	4.325148E-18
3.880000E+03	4.240305E-17	4.345438E-18
3.890000E+03	4.261030E-17	4.365044E-18
3.900000E+03	4.281316E-17	4.384178E-18
3.910000E+03	4.300958E-17	4.402631E-18
3.920000E+03	4.320160E-17	4.420613E-18
3.930000E+03	4.338722E-17	4.437919E-18
3.940000E+03	4.356650E-17	4.454555E-18
3.950000E+03	4.374147E-17	4.470731E-18
3.960000E+03	4.391020E-17	4.486250E-18
3.970000E+03	4.407475E-17	4.501323E-18
3.980000E+03	4.423127E-17	4.515555E-18
3.990000E+03	4.438378E-17	4.529361E-18
4.000000E+03	4.453042E-17	4.542550E-18
4.010000E+03	4.467136E-17	4.555138E-18
4.020000E+03	4.480860E-17	4.567333E-18
4.030000E+03	4.493850E-17	4.578763E-18
4.040000E+03	4.506500E-17	4.589829E-18
4.050000E+03	4.518452E-17	4.600169E-18
4.060000E+03	4.530096E-17	4.610179E-18
4.070000E+03	4.541081E-17	4.619503E-18
4.080000E+03	4.551613E-17	4.628352E-18
4.090000E+03	4.561713E-17	4.636747E-18
4.100000E+03	4.571401E-17	4.644708E-18
4.110000E+03	4.580524E-17	4.652082E-18
4.120000E+03	4.589283E-17	4.659073E-18
4.130000E+03	4.597530E-17	4.665531E-18
4.140000E+03	4.605466E-17	4.671660E-18
4.150000E+03	4.612946E-17	4.677315E-18
4.160000E+03	4.620170E-17	4.682697E-18
4.170000E+03	4.626997E-17	4.687666E-18
4.180000E+03	4.633463E-17	4.692258E-18
4.190000E+03	4.639599E-17	4.696504E-18
4.200000E+03	4.645442E-17	4.700442E-18
4.210000E+03	4.651025E-17	4.704107E-18
4.220000E+03	4.656225E-17	4.707374E-18
4.230000E+03	4.661400E-17	4.710606E-18
4.240000E+03	4.666267E-17	4.713517E-18
4.250000E+03	4.670868E-17	4.716149E-18
4.260000E+03	4.675397E-17	4.718700E-18
4.270000E+03	4.679890E-17	4.721204E-18
4.280000E+03	4.684231E-17	4.723546E-18
4.290000E+03	4.688304E-17	4.725608E-18
4.300000E+03	4.692448E-17	4.727734E-18
4.310000E+03	4.696545E-17	4.729802E-18
4.320000E+03	4.700627E-17	4.731847E-18
4.330000E+03	4.704578E-17	4.733751E-18
4.340000E+03	4.708577E-17	4.735695E-18
4.350000E+03	4.712650E-17	4.737706E-18
4.360000E+03	4.716684E-17	4.739667E-18
4.370000E+03	4.720847E-17	4.741750E-18
4.380000E+03	4.724881E-17	4.743695E-18
4.390000E+03	4.729093E-17	4.745810E-18
4.400000E+03	4.733361E-17	4.747972E-18
4.410000E+03	4.737703E-17	4.750200E-18
4.420000E+03	4.742134E-17	4.752509E-18
4.430000E+03	4.746531E-17	4.754775E-18
4.440000E+03	4.751039E-17	4.757144E-18
4.450000E+03	4.755666E-17	4.759624E-18
4.460000E+03	4.760284E-17	4.762086E-18
4.470000E+03	4.765034E-17	4.764671E-18
4.480000E+03	4.769791E-17	4.767255E-18
4.490000E+03	4.774566E-17	4.769848E-18
4.500000E+03	4.779369E-17	4.772460E-18
4.510000E+03	4.784212E-17	4.775104E-18
4.520000E+03	4.789106E-17	4.777791E-18
4.530000E+03	4.794058E-17	4.780527E-18
4.540000E+03	4.799078E-17	4.783323E-18
4.550000E+03	4.804169E-17	4.786181E-18
4.560000E+03	4.809209E-17	4.788979E-18
4.570000E+03	4.814201E-17	4.791722E-18
4.580000E+03	4.819390E-17	4.794653E-18
4.590000E+03	4.824525E-17	4.797522E-18
4.600000E+03	4.829601E-17	4.800325E-18
4.610000E+03	4.834610E-17	4.803052E-18
4.620000E+03	4.839664E-17	4.805817E-18
4.630000E+03	4.844628E-17	4.808485E-18
4.640000E+03	4.849491E-17	4.811044E-18
4.650000E+03	4.854361E-17	4.813604E-18
4.660000E+03	4.858988E-17	4.815916E-18
4.670000E+03	4.863606E-17	4.818211E-18
4.680000E+03	4.867975E-17	4.820254E-18
4.690000E+03	4.872334E-17	4.822279E-18
4.700000E+03	4.876566E-17	4.824173E-18
4.710000E+03	4.880562E-17	4.825828E-18
4.720000E+03	4.884563E-17	4.827481E-18
4.730000E+03	4.888346E-17	4.828913E-18
4.740000E+03	4.892150E-17	4.830361E-18
4.750000E+03	4.895756E-17	4.831607E-18
4.760000E+03	4.899291E-17	4.832780E-18
4.770000E+03	4.902881E-17	4.834001E-18
4.780000E+03	4.906316E-17	4.835065E-18
4.790000E+03	4.909728E-17	4.836101E-18
4.800000E+03	4.913024E-17	4.837020E-18
4.810000E+03	4.916455E-17	4.838067E-18
4.820000E+03	4.919936E-17	4.839158E-18
4.830000E+03	4.923383E-17	4.840213E-18
4.840000E+03	4.927054E-17	4.841483E-18
4.850000E+03	4.930758E-17	4.842783E-18
4.860000E+03	4.934753E-17	4.844363E-18
4.870000E+03	4.938849E-17	4.846040E-18
4.880000E+03	4.943299E-17	4.848059E-18
4.890000E+03	4.947915E-17	4.850237E-18
4.900000E+03	4.952950E-17	4.852820E-18
4.910000E+03	4.958217E-17	4.855627E-18
4.920000E+03	4.963971E-17	4.858906E-18
4.930000E+03	4.970030E-17	4.862477E-18
4.940000E+03	4.976644E-17	4.866586E-18
4.950000E+03	4.983740E-17	4.871160E-18
4.960000E+03	4.991458E-17	4.876335E-18
4.970000E+03	4.999610E-17	4.881927E-18
4.980000E+03	5.008435E-17	4.888168E-18
4.990000E+03	5.017841E-17	4.894969E-18
5.000000E+03	5.027840E-17	4.902339E-18
5.010000E+03	5.038431E-17	4.910276E-18
5.020000E+03	5.049714E-17	4.918879E-18
5.030000E+03	5.061670E-17	4.928127E-18
5.040000E+03	5.074063E-17	4.937789E-18
5.050000E+03	5.087074E-17	4.948042E-18
5.060000E+03	5.100666E-17	4.958848E-18
5.070000E+03	5.114690E-17	4.970062E-18
5.080000E+03	5.129100E-17	4.981639E-18
5.090000E+03	5.143956E-17	4.993635E-18
5.100000E+03	5.159206E-17	5.006001E-18
5.110000E+03	5.174695E-17	5.018586E-18
5.120000E+03	5.190483E-17	5.031447E-18
5.130000E+03	5.206419E-17	5.044438E-18
5.140000E+03	5.222577E-17	5.057631E-18
5.150000E+03	5.238932E-17	5.071000E-18
5.160000E+03	5.255361E-17	5.084427E-18
5.170000E+03	5.271970E-17	5.098015E-18
5.180000E+03	5.288762E-17	5.111765E-18
5.190000E+03	5.305640E-17	5.125584E-18
5.200000E+03	5.322716E-17	5.139581E-18
5.210000E+03	5.339994E-17	5.153760E-18
5.220000E+03	5.357466E-17	5.168111E-18
5.230000E+03	5.375005E-17	5.182512E-18
5.240000E+03	5.392688E-17	5.197038E-18
5.250000E+03	5.410471E-17	5.211647E-18
5.260000E+03	5.428295E-17	5.226282E-18
5.270000E+03	5.445971E-17	5.240759E-18
5.280000E+03	5.463515E-17	5.255096E-18
5.290000E+03	5.480810E-17	5.269181E-18
5.300000E+03	5.497726E-17	5.282888E-18
5.310000E+03	5.514116E-17	5.296079E-18
5.320000E+03	5.529714E-17	5.308496E-18
5.330000E+03	5.544579E-17	5.320200E-18
5.340000E+03	5.558333E-17	5.330828E-18
5.350000E+03	5.570938E-17	5.340346E-18
5.360000E+03	5.582264E-17	5.348631E-18
5.370000E+03	5.592202E-17	5.355580E-18
5.380000E+03	5.600660E-17	5.361108E-18
5.390000E+03	5.607450E-17	5.365037E-18
5.400000E+03	5.612733E-17	5.367523E-18
5.410000E+03	5.616230E-17	5.368302E-18
5.420000E+03	5.618110E-17	5.367538E-18
5.430000E+03	5.618092E-17	5.364965E-18
5.440000E+03	5.616232E-17	5.360639E-18
5.450000E+03	5.612468E-17	5.354504E-18
5.460000E+03	5.606849E-17	5.346609E-18
5.470000E+03	5.599086E-17	5.336681E-18
5.480000E+03	5.589229E-17	5.324772E-18
5.490000E+03	5.577219E-17	5.310828E-18
5.500000E+03	5.563118E-17	5.294911E-18
5.510000E+03	5.546660E-17	5.276770E-18
5.520000E+03	5.528033E-17	5.256589E-18
5.530000E+03	5.507108E-17	5.234246E-18
5.540000E+03	5.483761E-17	5.209630E-18
5.550000E+03	5.458215E-17	5.182952E-18
5.560000E+03	5.430481E-17	5.154227E-18
5.570000E+03	5.400367E-17	5.123276E-18
5.580000E+03	5.368126E-17	5.090343E-18
5.590000E+03	5.333703E-17	5.055377E-18
5.600000E+03	5.297163E-17	5.018444E-18
5.610000E+03	5.258698E-17	4.979727E-18
5.620000E+03	5.218306E-17	4.939228E-18
5.630000E+03	5.176119E-17	4.897075E-18
5.640000E+03	5.132403E-17	4.853519E-18
5.650000E+03	5.087244E-17	4.808646E-18
5.660000E+03	5.040972E-17	4.762770E-18
5.670000E+03	4.993755E-17	4.716047E-18
5.680000E+03	4.945990E-17	4.668857E-18
5.690000E+03	4.898013E-17	4.621517E-18
5.700000E+03	4.850088E-17	4.574275E-18
5.710000E+03	4.802692E-17	4.527581E-18
5.720000E+03	4.756120E-17	4.481711E-18
5.730000E+03	4.710856E-17	4.437123E-18
5.740000E+03	4.667281E-17	4.394172E-18
5.750000E+03	4.625758E-17	4.353197E-18
5.760000E+03	4.586538E-17	4.314432E-18
5.770000E+03	4.550031E-17	4.278260E-18
5.780000E+03	4.516523E-17	4.244947E-18
5.790000E+03	4.486266E-17	4.214724E-18
5.800000E+03	4.459473E-17	4.187790E-18
5.810000E+03	4.436316E-17	4.164300E-18
5.820000E+03	4.416914E-17	4.144364E-18
5.830000E+03	4.401340E-17	4.128044E-18
5.840000E+03	4.389526E-17	4.115272E-18
5.850000E+03	4.381621E-17	4.106185E-18
5.860000E+03	4.377477E-17	4.100638E-18
5.870000E+03	4.377000E-17	4.098540E-18
5.880000E+03	4.380076E-17	4.099781E-18
5.890000E+03	4.386566E-17	4.104226E-18
5.900000E+03	4.396313E-17	4.111725E-18
5.910000E+03	4.409228E-17	4.122191E-18
5.920000E+03	4.424931E-17	4.135268E-18
5.930000E+03	4.443382E-17	4.150914E-18
5.940000E+03	4.464250E-17	4.168818E-18
5.950000E+03	4.487278E-17	4.188738E-18
5.960000E+03	4.512207E-17	4.210430E-18
5.970000E+03	4.538869E-17	4.233737E-18
5.980000E+03	4.566842E-17	4.258262E-18
5.990000E+03	4.596100E-17	4.283983E-18
6.000000E+03	4.626385E-17	4.310656E-18
6.010000E+03	4.657671E-17	4.338259E-18
6.020000E+03	4.689800E-17	4.366642E-18
6.030000E+03	4.722768E-17	4.395804E-18
6.040000E+03	4.756636E-17	4.425799E-18
6.050000E+03	4.791526E-17	4.456741E-18
6.060000E+03	4.827726E-17	4.488898E-18
6.070000E+03	4.865376E-17	4.522400E-18
6.080000E+03	4.904764E-17	4.557513E-18
6.090000E+03	4.946314E-17	4.594630E-18
6.100000E+03	4.990271E-17	4.633979E-18
6.110000E+03	5.036999E-17	4.675895E-18
6.120000E+03	5.086968E-17	4.720814E-18
6.130000E+03	5.140442E-17	4.768978E-18
6.140000E+03	5.197779E-17	4.820718E-18
6.150000E+03	5.259320E-17	4.876348E-18
6.160000E+03	5.325503E-17	4.936271E-18
6.170000E+03	5.396518E-17	5.000661E-18
6.180000E+03	5.472747E-17	5.069869E-18
6.190000E+03	5.554308E-17	5.144002E-18
6.200000E+03	5.641379E-17	5.223223E-18
6.210000E+03	5.734202E-17	5.307753E-18
6.220000E+03	5.832711E-17	5.397528E-18
6.230000E+03	5.936877E-17	5.492519E-18
6.240000E+03	6.046708E-17	5.592732E-18
6.250000E+03	6.161866E-17	5.697850E-18
6.260000E+03	6.282154E-17	5.807690E-18
6.270000E+03	6.406985E-17	5.921709E-18
6.280000E+03	6.535903E-17	6.039481E-18
6.290000E+03	6.668015E-17	6.160184E-18
6.300000E+03	6.802402E-17	6.282966E-18
6.310000E+03	6.938114E-17	6.406951E-18
6.320000E+03	7.073890E-17	6.530977E-18
6.330000E+03	7.208148E-17	6.653584E-18
6.340000E+03	7.339290E-17	6.773301E-18
6.350000E+03	7.465895E-17	6.888818E-18
6.360000E+03	7.585637E-17	6.997995E-18
6.370000E+03	7.697065E-17	7.099499E-18
6.380000E+03	7.797883E-17	7.191218E-18
6.390000E+03	7.886140E-17	7.271359E-18
6.400000E+03	7.960318E-17	7.338529E-18
6.410000E+03	8.018389E-17	7.390868E-18
6.420000E+03	8.058903E-17	7.427046E-18
6.430000E+03	8.081084E-17	7.446356E-18
6.440000E+03	8.083840E-17	7.447800E-18
6.450000E+03	8.067031E-17	7.431258E-18
6.460000E+03	8.030796E-17	7.396863E-18
6.470000E+03	7.975713E-17	7.345156E-18
6.480000E+03	7.902583E-17	7.276880E-18
6.490000E+03	7.813047E-17	7.193551E-18
6.500000E+03	7.708298E-17	7.096271E-18
6.510000E+03	7.590363E-17	6.986910E-18
6.520000E+03	7.460676E-17	6.866790E-18
6.530000E+03	7.321191E-17	6.737711E-18
6.540000E+03	7.173816E-17	6.601430E-18
6.550000E+03	7.019909E-17	6.459196E-18
6.560000E+03	6.861363E-17	6.312751E-18
6.570000E+03	6.699483E-17	6.163293E-18
6.580000E+03	6.535601E-17	6.012047E-18
6.590000E+03	6.370913E-17	5.860113E-18
6.600000E+03	6.206613E-17	5.708584E-18
6.610000E+03	6.043471E-17	5.558167E-18
6.620000E+03	5.882272E-17	5.409583E-18
6.630000E+03	5.723680E-17	5.263439E-18
6.640000E+03	5.568379E-17	5.120360E-18
6.650000E+03	5.416705E-17	4.980656E-18
6.660000E+03	5.269164E-17	4.844787E-18
6.670000E+03	5.125953E-17	4.712933E-18
6.680000E+03	4.987334E-17	4.585331E-18
6.690000E+03	4.853626E-17	4.462273E-18
6.700000E+03	4.724977E-17	4.343894E-18
6.710000E+03	4.601390E-17	4.230194E-18
6.720000E+03	4.482935E-17	4.121235E-18
6.730000E+03	4.369841E-17	4.017226E-18
6.740000E+03	4.261799E-17	3.917881E-18
6.750000E+03	4.159065E-17	3.823435E-18
6.760000E+03	4.061386E-17	3.733653E-18
6.770000E+03	3.968782E-17	3.648552E-18
6.780000E+03	3.881168E-17	3.568053E-18
6.790000E+03	3.798365E-17	3.491991E-18
6.800000E+03	3.720372E-17	3.420363E-18
6.810000E+03	3.647095E-17	3.353083E-18
6.820000E+03	3.578358E-17	3.289989E-18
6.830000E+03	3.514239E-17	3.231151E-18
6.840000E+03	3.454484E-17	3.176335E-18
6.850000E+03	3.399094E-17	3.125542E-18
6.860000E+03	3.347986E-17	3.078696E-18
6.870000E+03	3.301008E-17	3.035657E-18
6.880000E+03	3.258244E-17	2.996502E-18
6.890000E+03	3.219481E-17	2.961035E-18
6.900000E+03	3.184737E-17	2.929273E-18
6.910000E+03	3.153964E-17	2.901171E-18
6.920000E+03	3.127115E-17	2.876689E-18
6.930000E+03	3.104081E-17	2.855724E-18
6.940000E+03	3.084972E-17	2.838380E-18
6.950000E+03	3.069616E-17	2.824498E-18
6.960000E+03	3.058055E-17	2.814118E-18
6.970000E+03	3.050263E-17	2.807218E-18
6.980000E+03	3.046143E-17	2.803707E-18
6.990000E+03	3.045809E-17	2.803693E-18
7.000000E+03	3.049085E-17	2.807014E-18
7.010000E+03	3.056011E-17	2.813709E-18
7.020000E+03	3.066552E-17	2.823746E-18
7.030000E+03	3.080597E-17	2.837024E-18
7.040000E+03	3.098175E-17	2.853572E-18
7.050000E+03	3.119242E-17	2.873350E-18
7.060000E+03	3.143747E-17	2.896314E-18
7.070000E+03	3.171562E-17	2.922345E-18
7.080000E+03	3.202697E-17	2.951457E-18
7.090000E+03	3.237008E-17	2.983516E-18
7.100000E+03	3.274492E-17	3.018523E-18
7.110000E+03	3.314981E-17	3.056324E-18
7.120000E+03	3.358528E-17	3.096971E-18
7.130000E+03	3.404773E-17	3.140132E-18
7.140000E+03	3.453734E-17	3.185827E-18
7.150000E+03	3.505247E-17	3.233905E-18
7.160000E+03	3.559037E-17	3.284115E-18
7.170000E+03	3.614884E-17	3.336257E-18
7.180000E+03	3.672636E-17	3.390190E-18
7.190000E+03	3.731948E-17	3.445600E-18
7.200000E+03	3.792545E-17	3.502232E-18
7.210000E+03	3.854139E-17	3.559823E-18
7.220000E+03	3.916529E-17	3.618188E-18
7.230000E+03	3.979317E-17	3.676961E-18
7.240000E+03	4.042180E-17	3.735845E-18
7.250000E+03	4.104783E-17	3.794530E-18
7.260000E+03	4.166876E-17	3.852786E-18
7.270000E+03	4.227883E-17	3.910082E-18
7.280000E+03	4.287516E-17	3.966150E-18
7.290000E+03	4.345468E-17	4.020707E-18
7.300000E+03	4.401105E-17	4.073165E-18
7.310000E+03	4.454085E-17	4.123209E-18
7.320000E+03	4.503952E-17	4.170413E-18
7.330000E+03	4.550237E-17	4.214343E-18
7.340000E+03	4.592464E-17	4.254555E-18
7.350000E+03	4.630155E-17	4.290604E-18
7.360000E+03	4.662724E-17	4.321945E-18
7.370000E+03	4.689822E-17	4.348249E-18
7.380000E+03	4.711006E-17	4.369105E-18
7.390000E+03	4.725863E-17	4.384123E-18
7.400000E+03	4.733900E-17	4.392842E-18
7.410000E+03	4.734786E-17	4.394949E-18
7.420000E+03	4.728479E-17	4.390398E-18
7.430000E+03	4.714545E-17	4.378784E-18
7.440000E+03	4.692872E-17	4.359992E-18
7.450000E+03	4.663571E-17	4.334121E-18
7.460000E+03	4.626650E-17	4.301171E-18
7.470000E+03	4.582496E-17	4.261494E-18
7.480000E+03	4.531418E-17	4.215372E-18
7.490000E+03	4.474101E-17	4.163434E-18
7.500000E+03	4.411127E-17	4.106215E-18
7.510000E+03	4.343370E-17	4.044525E-18
7.520000E+03	4.271426E-17	3.978912E-18
7.530000E+03	4.196426E-17	3.910426E-18
7.540000E+03	4.118850E-17	3.839508E-18
7.550000E+03	4.039664E-17	3.767058E-18
7.560000E+03	3.959481E-17	3.693645E-18
7.570000E+03	3.878965E-17	3.619884E-18
7.580000E+03	3.798814E-17	3.546428E-18
7.590000E+03	3.719382E-17	3.473605E-18
7.600000E+03	3.641339E-17	3.402040E-18
7.610000E+03	3.565014E-17	3.332041E-18
7.620000E+03	3.490855E-17	3.264029E-18
7.630000E+03	3.418989E-17	3.198121E-18
7.640000E+03	3.349833E-17	3.134710E-18
7.650000E+03	3.283485E-17	3.073890E-18
7.660000E+03	3.220069E-17	3.015778E-18
7.670000E+03	3.159661E-17	2.960449E-18
7.680000E+03	3.102303E-17	2.907945E-18
7.690000E+03	3.048004E-17	2.858276E-18
7.700000E+03	2.996820E-17	2.811498E-18
7.710000E+03	2.948555E-17	2.767429E-18
7.720000E+03	2.903221E-17	2.726085E-18
7.730000E+03	2.860811E-17	2.687461E-18
7.740000E+03	2.821086E-17	2.651335E-18
7.750000E+03	2.784086E-17	2.617748E-18
7.760000E+03	2.749627E-17	2.586531E-18
7.770000E+03	2.717528E-17	2.557513E-18
7.780000E+03	2.687807E-17	2.530717E-18
7.790000E+03	2.660275E-17	2.505966E-18
7.800000E+03	2.634743E-17	2.483083E-18
7.810000E+03	2.611222E-17	2.462084E-18
7.820000E+03	2.589456E-17	2.442727E-18
7.830000E+03	2.569454E-17	2.425024E-18
7.840000E+03	2.550959E-17	2.408733E-18
7.850000E+03	2.533981E-17	2.393865E-18
7.860000E+03	2.518263E-17	2.380181E-18
7.870000E+03	2.503749E-17	2.367628E-18
7.880000E+03	2.490384E-17	2.356155E-18
7.890000E+03	2.477921E-17	2.345531E-18
7.900000E+03	2.466315E-17	2.335712E-18
7.910000E+03	2.455462E-17	2.326602E-18
7.920000E+03	2.445267E-17	2.318114E-18
7.930000E+03	2.435653E-17	2.310171E-18
7.940000E+03	2.426485E-17	2.302649E-18
7.950000E+03	2.417842E-17	2.295621E-18
7.960000E+03	2.409551E-17	2.288926E-18
7.970000E+03	2.401709E-17	2.282653E-18
7.980000E+03	2.394158E-17	2.276656E-18
7.990000E+03	2.386945E-17	2.270977E-18
8.000000E+03	2.380052E-17	2.265602E-18
8.010000E+03	2.373469E-17	2.260518E-18
8.020000E+03	2.367186E-17	2.255719E-18
8.030000E+03	2.361194E-17	2.251196E-18
8.040000E+03	2.355489E-17	2.246944E-18
8.050000E+03	2.349999E-17	2.242896E-18
8.060000E+03	2.344847E-17	2.239169E-18
8.070000E+03	2.339899E-17	2.235635E-18
8.080000E+03	2.335212E-17	2.232350E-18
8.090000E+03	2.330847E-17	2.229371E-18
8.100000E+03	2.326668E-17	2.226569E-18
8.110000E+03	2.322734E-17	2.224001E-18
8.120000E+03	2.319039E-17	2.221661E-18
8.130000E+03	2.315579E-17	2.219546E-18
8.140000E+03	2.312281E-17	2.217585E-18
8.150000E+03	2.309270E-17	2.215899E-18
8.160000E+03	2.306476E-17	2.214420E-18
8.170000E+03	2.303891E-17	2.213142E-18
8.180000E+03	2.301447E-17	2.211999E-18
8.190000E+03	2.299267E-17	2.211110E-18
8.200000E+03	2.297280E-17	2.210406E-18
8.210000E+03	2.295416E-17	2.209820E-18
8.220000E+03	2.293798E-17	2.209472E-18
8.230000E+03	2.292291E-17	2.209231E-18
8.240000E+03	2.291020E-17	2.209218E-18
8.250000E+03	2.289914E-17	2.209363E-18
8.260000E+03	2.288901E-17	2.209599E-18
8.270000E+03	2.288108E-17	2.210047E-18
8.280000E+03	2.287462E-17	2.210639E-18
8.290000E+03	2.286960E-17	2.211370E-18
8.300000E+03	2.286593E-17	2.212232E-18
8.310000E+03	2.286357E-17	2.213222E-18
8.320000E+03	2.286247E-17	2.214334E-18
8.330000E+03	2.286257E-17	2.215563E-18
8.340000E+03	2.286381E-17	2.216904E-18
8.350000E+03	2.286613E-17	2.218349E-18
8.360000E+03	2.287017E-17	2.219963E-18
8.370000E+03	2.287448E-17	2.221604E-18
8.380000E+03	2.288040E-17	2.223402E-18
8.390000E+03	2.288718E-17	2.225285E-18
8.400000E+03	2.289476E-17	2.227246E-18
8.410000E+03	2.290309E-17	2.229280E-18
8.420000E+03	2.291209E-17	2.231382E-18
8.430000E+03	2.292171E-17	2.233544E-18
8.440000E+03	2.293261E-17	2.235832E-18
8.450000E+03	2.294331E-17	2.238101E-18
8.460000E+03	2.295515E-17	2.240484E-18
8.470000E+03	2.296739E-17	2.242905E-18
8.480000E+03	2.297994E-17	2.245358E-18
8.490000E+03	2.299348E-17	2.247907E-18
8.500000E+03	2.300648E-17	2.250406E-18
8.510000E+03	2.302034E-17	2.252989E-18
8.520000E+03	2.303427E-17	2.255579E-18
8.530000E+03	2.304819E-17	2.258169E-18
8.540000E+03	2.306205E-17	2.260753E-18
8.550000E+03	2.307651E-17	2.263397E-18
8.560000E+03	2.309076E-17	2.266021E-18
8.570000E+03	2.310474E-17	2.268618E-18
8.580000E+03	2.311835E-17	2.271180E-18
8.590000E+03	2.313231E-17	2.273775E-18
8.600000E+03	2.314500E-17	2.276247E-18
8.610000E+03	2.315865E-17	2.278812E-18
8.620000E+03	2.317087E-17	2.281237E-18
8.630000E+03	2.318314E-17	2.283666E-18
8.640000E+03	2.319459E-17	2.286014E-18
8.650000E+03	2.320514E-17	2.288273E-18
8.660000E+03	2.321470E-17	2.290433E-18
8.670000E+03	2.322399E-17	2.292567E-18
8.680000E+03	2.323293E-17	2.294664E-18
8.690000E+03	2.323981E-17	2.296557E-18
8.700000E+03	2.324617E-17	2.298397E-18
8.710000E+03	2.325192E-17	2.300175E-18
8.720000E+03	2.325531E-17	2.301719E-18
8.730000E+03	2.325874E-17	2.303265E-18
8.740000E+03	2.325962E-17	2.304556E-18
8.750000E+03	2.325952E-17	2.305747E-18
8.760000E+03	2.325835E-17	2.306830E-18
8.770000E+03	2.325516E-17	2.307711E-18
8.780000E+03	2.325070E-17	2.308462E-18
8.790000E+03	2.324402E-17	2.308991E-18
8.800000E+03	2.323502E-17	2.309285E-18
8.810000E+03	2.322532E-17	2.309505E-18
8.820000E+03	2.321221E-17	2.309385E-18
8.830000E+03	2.319821E-17	2.309170E-18
8.840000E+03	2.318147E-17	2.308679E-18
8.850000E+03	2.316279E-17	2.307990E-18
8.860000E+03	2.314114E-17	2.307001E-18
8.870000E+03	2.311736E-17	2.305793E-18
8.880000E+03	2.309133E-17	2.304357E-18
8.890000E+03	2.306208E-17	2.302593E-18
8.900000E+03	2.303131E-17	2.300671E-18
8.910000E+03	2.299714E-17	2.298403E-18
8.920000E+03	2.296039E-17	2.295872E-18
8.930000E+03	2.292101E-17	2.293071E-18
8.940000E+03	2.287892E-17	2.289990E-18
8.950000E+03	2.283311E-17	2.286532E-18
8.960000E+03	2.278543E-17	2.282877E-18
8.970000E+03	2.273487E-17	2.278927E-18
8.980000E+03	2.268048E-17	2.274583E-18
8.990000E+03	2.262409E-17	2.270031E-18
9.000000E+03	2.256474E-17	2.265173E-18
9.040000E+03	2.229759E-17	2.242660E-18
9.080000E+03	2.198723E-17	2.215636E-18
9.120000E+03	2.163670E-17	2.184387E-18
9.160000E+03	2.125133E-17	2.149428E-18
9.200000E+03	2.083706E-17	2.111345E-18
9.240000E+03	2.039903E-17	2.070646E-18
9.280000E+03	1.994425E-17	2.028032E-18
9.320000E+03	1.947632E-17	1.983865E-18
9.360000E+03	1.899941E-17	1.938566E-18
9.400000E+03	1.851838E-17	1.892630E-18
9.440000E+03	1.803557E-17	1.846299E-18
9.480000E+03	1.755303E-17	1.799785E-18
9.520000E+03	1.707571E-17	1.753602E-18
9.560000E+03	1.660304E-17	1.707695E-18
9.600000E+03	1.613746E-17	1.662324E-18
9.640000E+03	1.568019E-17	1.617621E-18
9.680000E+03	1.523233E-17	1.573707E-18
9.720000E+03	1.479490E-17	1.530695E-18
9.760000E+03	1.436772E-17	1.488578E-18
9.800000E+03	1.395273E-17	1.447561E-18
9.840000E+03	1.354853E-17	1.407511E-18
9.880000E+03	1.315693E-17	1.368622E-18
9.920000E+03	1.277750E-17	1.330859E-18
9.960000E+03	1.241085E-17	1.294294E-18
1.000000E+04	1.205540E-17	1.258769E-18
1.004000E+04	1.171271E-17	1.224456E-18
1.008000E+04	1.138218E-17	1.191300E-18
1.012000E+04	1.106316E-17	1.159240E-18
1.016000E+04	1.075499E-17	1.128213E-18
1.020000E+04	1.045906E-17	1.098371E-18
1.024000E+04	1.017461E-17	1.069644E-18
1.028000E+04	9.900870E-18	1.041954E-18
1.032000E+04	9.638070E-18	1.015333E-18
