#wls	flux	fluxerr
1.600000E+03	5.498656E-16	2.334593E-17
1.640000E+03	5.123762E-16	2.164892E-17
1.680000E+03	4.781365E-16	2.010213E-17
1.720000E+03	4.469248E-16	1.869465E-17
1.760000E+03	4.187818E-16	1.742657E-17
1.800000E+03	3.936297E-16	1.629301E-17
1.840000E+03	3.714464E-16	1.529136E-17
1.880000E+03	3.521179E-16	1.441520E-17
1.920000E+03	3.355297E-16	1.365814E-17
1.960000E+03	3.216359E-16	1.301661E-17
2.000000E+03	3.103384E-16	1.248492E-17
2.040000E+03	3.015678E-16	1.205854E-17
2.080000E+03	2.953456E-16	1.173661E-17
2.120000E+03	2.916289E-16	1.151561E-17
2.160000E+03	2.903290E-16	1.139021E-17
2.200000E+03	2.912543E-16	1.135112E-17
2.240000E+03	2.943641E-16	1.139505E-17
2.280000E+03	2.995962E-16	1.151784E-17
2.320000E+03	3.069053E-16	1.171601E-17
2.360000E+03	3.162483E-16	1.198616E-17
2.400000E+03	3.275079E-16	1.232211E-17
2.440000E+03	3.406435E-16	1.272065E-17
2.480000E+03	3.555658E-16	1.317674E-17
2.520000E+03	3.719387E-16	1.367635E-17
2.560000E+03	3.894679E-16	1.420733E-17
2.600000E+03	4.079329E-16	1.476053E-17
2.640000E+03	4.268375E-16	1.531716E-17
2.680000E+03	4.460387E-16	1.587156E-17
2.720000E+03	4.654925E-16	1.642177E-17
2.760000E+03	4.852242E-16	1.696830E-17
2.800000E+03	5.053144E-16	1.751354E-17
2.840000E+03	5.258837E-16	1.806119E-17
2.880000E+03	5.471621E-16	1.861852E-17
2.920000E+03	5.693331E-16	1.919092E-17
2.960000E+03	5.928439E-16	1.979240E-17
3.000000E+03	6.179287E-16	2.042930E-17
3.010000E+03	6.245307E-16	2.059665E-17
3.020000E+03	6.311986E-16	2.076501E-17
3.030000E+03	6.381016E-16	2.093990E-17
3.040000E+03	6.450780E-16	2.111596E-17
3.050000E+03	6.522142E-16	2.129601E-17
3.060000E+03	6.595985E-16	2.148287E-17
3.070000E+03	6.670661E-16	2.167112E-17
3.080000E+03	6.747898E-16	2.186635E-17
3.090000E+03	6.826025E-16	2.206308E-17
3.100000E+03	6.906780E-16	2.226690E-17
3.110000E+03	6.990202E-16	2.247785E-17
3.120000E+03	7.074588E-16	2.269042E-17
3.130000E+03	7.161691E-16	2.291018E-17
3.140000E+03	7.251535E-16	2.313713E-17
3.150000E+03	7.343261E-16	2.336848E-17
3.160000E+03	7.436870E-16	2.360417E-17
3.170000E+03	7.534142E-16	2.384980E-17
3.180000E+03	7.633300E-16	2.409964E-17
3.190000E+03	7.735225E-16	2.435644E-17
3.200000E+03	7.838997E-16	2.461723E-17
3.210000E+03	7.946402E-16	2.488755E-17
3.220000E+03	8.056504E-16	2.516438E-17
3.230000E+03	8.169258E-16	2.544752E-17
3.240000E+03	8.285536E-16	2.573960E-17
3.250000E+03	8.404354E-16	2.603749E-17
3.260000E+03	8.525630E-16	2.634085E-17
3.270000E+03	8.650211E-16	2.665225E-17
3.280000E+03	8.777059E-16	2.696839E-17
3.290000E+03	8.907949E-16	2.729467E-17
3.300000E+03	9.040860E-16	2.762480E-17
3.310000E+03	9.176614E-16	2.796123E-17
3.320000E+03	9.315996E-16	2.830627E-17
3.330000E+03	9.456941E-16	2.865357E-17
3.340000E+03	9.602152E-16	2.901126E-17
3.350000E+03	9.748537E-16	2.936991E-17
3.360000E+03	9.898813E-16	2.973765E-17
3.370000E+03	1.005082E-15	3.010790E-17
3.380000E+03	1.020532E-15	3.048293E-17
3.390000E+03	1.036208E-15	3.086194E-17
3.400000E+03	1.052188E-15	3.124717E-17
3.410000E+03	1.068348E-15	3.163493E-17
3.420000E+03	1.084668E-15	3.202453E-17
3.430000E+03	1.101222E-15	3.241817E-17
3.440000E+03	1.117991E-15	3.281515E-17
3.450000E+03	1.134953E-15	3.321483E-17
3.460000E+03	1.152088E-15	3.361656E-17
3.470000E+03	1.169473E-15	3.402257E-17
3.480000E+03	1.186991E-15	3.442935E-17
3.490000E+03	1.204723E-15	3.483923E-17
3.500000E+03	1.222550E-15	3.524875E-17
3.510000E+03	1.240659E-15	3.566324E-17
3.520000E+03	1.258836E-15	3.607650E-17
3.530000E+03	1.277269E-15	3.649390E-17
3.540000E+03	1.295952E-15	3.691520E-17
3.550000E+03	1.314783E-15	3.733742E-17
3.560000E+03	1.333860E-15	3.776337E-17
3.570000E+03	1.353094E-15	3.819038E-17
3.580000E+03	1.372694E-15	3.862437E-17
3.590000E+03	1.392678E-15	3.906570E-17
3.600000E+03	1.412873E-15	3.950946E-17
3.610000E+03	1.433605E-15	3.996469E-17
3.620000E+03	1.454715E-15	4.042680E-17
3.630000E+03	1.476346E-15	4.089966E-17
3.640000E+03	1.498549E-15	4.138456E-17
3.650000E+03	1.521383E-15	4.188297E-17
3.660000E+03	1.545011E-15	4.239921E-17
3.670000E+03	1.569406E-15	4.293231E-17
3.680000E+03	1.594730E-15	4.348652E-17
3.690000E+03	1.621055E-15	4.406351E-17
3.700000E+03	1.648357E-15	4.466242E-17
3.710000E+03	1.676908E-15	4.529033E-17
3.720000E+03	1.706602E-15	4.594403E-17
3.730000E+03	1.737717E-15	4.663075E-17
3.740000E+03	1.770264E-15	4.735036E-17
3.750000E+03	1.804352E-15	4.810544E-17
3.760000E+03	1.840187E-15	4.890103E-17
3.770000E+03	1.877883E-15	4.973973E-17
3.780000E+03	1.917458E-15	5.062153E-17
3.790000E+03	1.959100E-15	5.155089E-17
3.800000E+03	2.002860E-15	5.252860E-17
3.810000E+03	2.048759E-15	5.355471E-17
3.820000E+03	2.096771E-15	5.462796E-17
3.830000E+03	2.146782E-15	5.574489E-17
3.840000E+03	2.198523E-15	5.689797E-17
3.850000E+03	2.251950E-15	5.808570E-17
3.860000E+03	2.306647E-15	5.929691E-17
3.870000E+03	2.362226E-15	6.052136E-17
3.880000E+03	2.418231E-15	6.174722E-17
3.890000E+03	2.474107E-15	6.296024E-17
3.900000E+03	2.529234E-15	6.414477E-17
3.910000E+03	2.582951E-15	6.528431E-17
3.920000E+03	2.634544E-15	6.636129E-17
3.930000E+03	2.683384E-15	6.736047E-17
3.940000E+03	2.728561E-15	6.825983E-17
3.950000E+03	2.769410E-15	6.904374E-17
3.960000E+03	2.805512E-15	6.970297E-17
3.970000E+03	2.836162E-15	7.022128E-17
3.980000E+03	2.861120E-15	7.059422E-17
3.990000E+03	2.880088E-15	7.081590E-17
4.000000E+03	2.893126E-15	7.088938E-17
4.010000E+03	2.900408E-15	7.082045E-17
4.020000E+03	2.902368E-15	7.062116E-17
4.030000E+03	2.899478E-15	7.030433E-17
4.040000E+03	2.892645E-15	6.989314E-17
4.050000E+03	2.882430E-15	6.940213E-17
4.060000E+03	2.869923E-15	6.885830E-17
4.070000E+03	2.855724E-15	6.827663E-17
4.080000E+03	2.840748E-15	6.767935E-17
4.090000E+03	2.825793E-15	6.708559E-17
4.100000E+03	2.811582E-15	6.651249E-17
4.110000E+03	2.798645E-15	6.597239E-17
4.120000E+03	2.787668E-15	6.548105E-17
4.130000E+03	2.779158E-15	6.504991E-17
4.140000E+03	2.773557E-15	6.468867E-17
4.150000E+03	2.771096E-15	6.440198E-17
4.160000E+03	2.772066E-15	6.419583E-17
4.170000E+03	2.776548E-15	6.407128E-17
4.180000E+03	2.784613E-15	6.402912E-17
4.190000E+03	2.796107E-15	6.406499E-17
4.200000E+03	2.810926E-15	6.417569E-17
4.210000E+03	2.828799E-15	6.435430E-17
4.220000E+03	2.849389E-15	6.459249E-17
4.230000E+03	2.872383E-15	6.488255E-17
4.240000E+03	2.897444E-15	6.521642E-17
4.250000E+03	2.924149E-15	6.558412E-17
4.260000E+03	2.952059E-15	6.597553E-17
4.270000E+03	2.980855E-15	6.638332E-17
4.280000E+03	3.010043E-15	6.679640E-17
4.290000E+03	3.039318E-15	6.720799E-17
4.300000E+03	3.068215E-15	6.760789E-17
4.310000E+03	3.096456E-15	6.799015E-17
4.320000E+03	3.123613E-15	6.834566E-17
4.330000E+03	3.149480E-15	6.867022E-17
4.340000E+03	3.173753E-15	6.895762E-17
4.350000E+03	3.196361E-15	6.920674E-17
4.360000E+03	3.217134E-15	6.941438E-17
4.370000E+03	3.236301E-15	6.958595E-17
4.380000E+03	3.254444E-15	6.973432E-17
4.390000E+03	3.272293E-15	6.987542E-17
4.400000E+03	3.290667E-15	7.002682E-17
4.410000E+03	3.310492E-15	7.020805E-17
4.420000E+03	3.332727E-15	7.043918E-17
4.430000E+03	3.358316E-15	7.073952E-17
4.440000E+03	3.388376E-15	7.113185E-17
4.450000E+03	3.423914E-15	7.163630E-17
4.460000E+03	3.465673E-15	7.226722E-17
4.470000E+03	3.514337E-15	7.303756E-17
4.480000E+03	3.570484E-15	7.395788E-17
4.490000E+03	3.634123E-15	7.502687E-17
4.500000E+03	3.705191E-15	7.624173E-17
4.510000E+03	3.783334E-15	7.759380E-17
4.520000E+03	3.867657E-15	7.906335E-17
4.530000E+03	3.957075E-15	8.062714E-17
4.540000E+03	4.050022E-15	8.225240E-17
4.550000E+03	4.144595E-15	8.390000E-17
4.560000E+03	4.238384E-15	8.552107E-17
4.570000E+03	4.328768E-15	8.706309E-17
4.580000E+03	4.413078E-15	8.847333E-17
4.590000E+03	4.488319E-15	8.969316E-17
4.600000E+03	4.551813E-15	9.067102E-17
4.610000E+03	4.601274E-15	9.136383E-17
4.620000E+03	4.634712E-15	9.173485E-17
4.630000E+03	4.650750E-15	9.176000E-17
4.640000E+03	4.649169E-15	9.143819E-17
4.650000E+03	4.630085E-15	9.077498E-17
4.660000E+03	4.594467E-15	8.979254E-17
4.670000E+03	4.544265E-15	8.853184E-17
4.680000E+03	4.481697E-15	8.703857E-17
4.690000E+03	4.409409E-15	8.536615E-17
4.700000E+03	4.330339E-15	8.357297E-17
4.710000E+03	4.247506E-15	8.171824E-17
4.720000E+03	4.163714E-15	7.985632E-17
4.730000E+03	4.081445E-15	7.803478E-17
4.740000E+03	4.003002E-15	7.629712E-17
4.750000E+03	3.930085E-15	7.467491E-17
4.760000E+03	3.864045E-15	7.319263E-17
4.770000E+03	3.805749E-15	7.186544E-17
4.780000E+03	3.755780E-15	7.070285E-17
4.790000E+03	3.714341E-15	6.970717E-17
4.800000E+03	3.681367E-15	6.887569E-17
4.810000E+03	3.656660E-15	6.820319E-17
4.820000E+03	3.639690E-15	6.767839E-17
4.830000E+03	3.629738E-15	6.728659E-17
4.840000E+03	3.626006E-15	6.701189E-17
4.850000E+03	3.627651E-15	6.683763E-17
4.860000E+03	3.633713E-15	6.674534E-17
4.870000E+03	3.643090E-15	6.671406E-17
4.880000E+03	3.654644E-15	6.672251E-17
4.890000E+03	3.667191E-15	6.674877E-17
4.900000E+03	3.679469E-15	6.676983E-17
4.910000E+03	3.690001E-15	6.675901E-17
4.920000E+03	3.697273E-15	6.668932E-17
4.930000E+03	3.699878E-15	6.653605E-17
4.940000E+03	3.696719E-15	6.628027E-17
4.950000E+03	3.686782E-15	6.590483E-17
4.960000E+03	3.669333E-15	6.539775E-17
4.970000E+03	3.644338E-15	6.475962E-17
4.980000E+03	3.612038E-15	6.399595E-17
4.990000E+03	3.573034E-15	6.311845E-17
5.000000E+03	3.528457E-15	6.214813E-17
5.010000E+03	3.479658E-15	6.110956E-17
5.020000E+03	3.428091E-15	6.002884E-17
5.030000E+03	3.375425E-15	5.893549E-17
5.040000E+03	3.323372E-15	5.785949E-17
5.050000E+03	3.273462E-15	5.682728E-17
5.060000E+03	3.227041E-15	5.586180E-17
5.070000E+03	3.185269E-15	5.498256E-17
5.080000E+03	3.149244E-15	5.420777E-17
5.090000E+03	3.119727E-15	5.354963E-17
5.100000E+03	3.097375E-15	5.301848E-17
5.110000E+03	3.082784E-15	5.262346E-17
5.120000E+03	3.076294E-15	5.236933E-17
5.130000E+03	3.078344E-15	5.226241E-17
5.140000E+03	3.089105E-15	5.230451E-17
5.150000E+03	3.108637E-15	5.249549E-17
5.160000E+03	3.136847E-15	5.283272E-17
5.170000E+03	3.173622E-15	5.331326E-17
5.180000E+03	3.218573E-15	5.392958E-17
5.190000E+03	3.271314E-15	5.467435E-17
5.200000E+03	3.331226E-15	5.553642E-17
5.210000E+03	3.397575E-15	5.650287E-17
5.220000E+03	3.469441E-15	5.755785E-17
5.230000E+03	3.545920E-15	5.868598E-17
5.240000E+03	3.625795E-15	5.986688E-17
5.250000E+03	3.707874E-15	6.108076E-17
5.260000E+03	3.790872E-15	6.230655E-17
5.270000E+03	3.873663E-15	6.352597E-17
5.280000E+03	3.954999E-15	6.471891E-17
5.290000E+03	4.033853E-15	6.586909E-17
5.300000E+03	4.109593E-15	6.696677E-17
5.310000E+03	4.181764E-15	6.800519E-17
5.320000E+03	4.250224E-15	6.898271E-17
5.330000E+03	4.315686E-15	6.991151E-17
5.340000E+03	4.379172E-15	7.080877E-17
5.350000E+03	4.442173E-15	7.169899E-17
5.360000E+03	4.506812E-15	7.261676E-17
5.370000E+03	4.575607E-15	7.360277E-17
5.380000E+03	4.651311E-15	7.470124E-17
5.390000E+03	4.737180E-15	7.596426E-17
5.400000E+03	4.836530E-15	7.744461E-17
5.410000E+03	4.952579E-15	7.919325E-17
5.420000E+03	5.088374E-15	8.125832E-17
5.430000E+03	5.246333E-15	8.367779E-17
5.440000E+03	5.428116E-15	8.647753E-17
5.450000E+03	5.634492E-15	8.966931E-17
5.460000E+03	5.863985E-15	9.322937E-17
5.470000E+03	6.113054E-15	9.710147E-17
5.480000E+03	6.376204E-15	1.011987E-16
5.490000E+03	6.646093E-15	1.054054E-16
5.500000E+03	6.913560E-15	1.095771E-16
5.510000E+03	7.169428E-15	1.135695E-16
5.520000E+03	7.403717E-15	1.172258E-16
5.530000E+03	7.606519E-15	1.203903E-16
5.540000E+03	7.769978E-15	1.229398E-16
5.550000E+03	7.887823E-15	1.247763E-16
5.560000E+03	7.955198E-15	1.258236E-16
5.570000E+03	7.970809E-15	1.260616E-16
5.580000E+03	7.935536E-15	1.255042E-16
5.590000E+03	7.852259E-15	1.241966E-16
5.600000E+03	7.726418E-15	1.222242E-16
5.610000E+03	7.564822E-15	1.196939E-16
5.620000E+03	7.374991E-15	1.167234E-16
5.630000E+03	7.165454E-15	1.134467E-16
5.640000E+03	6.944603E-15	1.099955E-16
5.650000E+03	6.720152E-15	1.064909E-16
5.660000E+03	6.499151E-15	1.030439E-16
5.670000E+03	6.287661E-15	9.974987E-17
5.680000E+03	6.090744E-15	9.668863E-17
5.690000E+03	5.911823E-15	9.391437E-17
5.700000E+03	5.753646E-15	9.147072E-17
5.710000E+03	5.618069E-15	8.938746E-17
5.720000E+03	5.505741E-15	8.767529E-17
5.730000E+03	5.416897E-15	8.633851E-17
5.740000E+03	5.351303E-15	8.537405E-17
5.750000E+03	5.307405E-15	8.475788E-17
5.760000E+03	5.283346E-15	8.446112E-17
5.770000E+03	5.277066E-15	8.445162E-17
5.780000E+03	5.285511E-15	8.468124E-17
5.790000E+03	5.305442E-15	8.509870E-17
5.800000E+03	5.333602E-15	8.565223E-17
5.810000E+03	5.366121E-15	8.628006E-17
5.820000E+03	5.399310E-15	8.692297E-17
5.830000E+03	5.429288E-15	8.751839E-17
5.840000E+03	5.452753E-15	8.801277E-17
5.850000E+03	5.466599E-15	8.835540E-17
5.860000E+03	5.468101E-15	8.850148E-17
5.870000E+03	5.455570E-15	8.842272E-17
5.880000E+03	5.427813E-15	8.809868E-17
5.890000E+03	5.384106E-15	8.751639E-17
5.900000E+03	5.324854E-15	8.668119E-17
5.910000E+03	5.250930E-15	8.560600E-17
5.920000E+03	5.163594E-15	8.431020E-17
5.930000E+03	5.064621E-15	8.282161E-17
5.940000E+03	4.956203E-15	8.117511E-17
5.950000E+03	4.840449E-15	7.940434E-17
5.960000E+03	4.719603E-15	7.754546E-17
5.970000E+03	4.595925E-15	7.563510E-17
5.980000E+03	4.471456E-15	7.370647E-17
5.990000E+03	4.348041E-15	7.178984E-17
6.000000E+03	4.227316E-15	6.991221E-17
6.010000E+03	4.110760E-15	6.809813E-17
6.020000E+03	3.999402E-15	6.636489E-17
6.030000E+03	3.894080E-15	6.472674E-17
6.040000E+03	3.795356E-15	6.319345E-17
6.050000E+03	3.703575E-15	6.177124E-17
6.060000E+03	3.618774E-15	6.046120E-17
6.070000E+03	3.540977E-15	5.926429E-17
6.080000E+03	3.470028E-15	5.817841E-17
6.090000E+03	3.405596E-15	5.719854E-17
6.100000E+03	3.347461E-15	5.632150E-17
6.110000E+03	3.295283E-15	5.554209E-17
6.120000E+03	3.248716E-15	5.485492E-17
6.130000E+03	3.207474E-15	5.425565E-17
6.140000E+03	3.171287E-15	5.374016E-17
6.150000E+03	3.139921E-15	5.330487E-17
6.160000E+03	3.113270E-15	5.294845E-17
6.170000E+03	3.091224E-15	5.266940E-17
6.180000E+03	3.073801E-15	5.246845E-17
6.190000E+03	3.060928E-15	5.234478E-17
6.200000E+03	3.052561E-15	5.229807E-17
6.210000E+03	3.048628E-15	5.232749E-17
6.220000E+03	3.048945E-15	5.243029E-17
6.230000E+03	3.053355E-15	5.260418E-17
6.240000E+03	3.061534E-15	5.284398E-17
6.250000E+03	3.073222E-15	5.314557E-17
6.260000E+03	3.088142E-15	5.350449E-17
6.270000E+03	3.106089E-15	5.391752E-17
6.280000E+03	3.126886E-15	5.438191E-17
6.290000E+03	3.150480E-15	5.489701E-17
6.300000E+03	3.176918E-15	5.546398E-17
6.310000E+03	3.206326E-15	5.608532E-17
6.320000E+03	3.238826E-15	5.676348E-17
6.330000E+03	3.274657E-15	5.750304E-17
6.340000E+03	3.314029E-15	5.830803E-17
6.350000E+03	3.357010E-15	5.917998E-17
6.360000E+03	3.403769E-15	6.012224E-17
6.370000E+03	3.454378E-15	6.113638E-17
6.380000E+03	3.509010E-15	6.222586E-17
6.390000E+03	3.567766E-15	6.339282E-17
6.400000E+03	3.630857E-15	6.464140E-17
6.410000E+03	3.698616E-15	6.597797E-17
6.420000E+03	3.771418E-15	6.740963E-17
6.430000E+03	3.849566E-15	6.894228E-17
6.440000E+03	3.933375E-15	7.058211E-17
6.450000E+03	4.022821E-15	7.232916E-17
6.460000E+03	4.117410E-15	7.417509E-17
6.470000E+03	4.216245E-15	7.610416E-17
6.480000E+03	4.317604E-15	7.808557E-17
6.490000E+03	4.419131E-15	8.007683E-17
6.500000E+03	4.518107E-15	8.202848E-17
6.510000E+03	4.611527E-15	8.388546E-17
6.520000E+03	4.696055E-15	8.558633E-17
6.530000E+03	4.768884E-15	8.707875E-17
6.540000E+03	4.827317E-15	8.831210E-17
6.550000E+03	4.869087E-15	8.924320E-17
6.560000E+03	4.892690E-15	8.984266E-17
6.570000E+03	4.897059E-15	9.008888E-17
6.580000E+03	4.881834E-15	8.997320E-17
6.590000E+03	4.847350E-15	8.949978E-17
6.600000E+03	4.794467E-15	8.868256E-17
6.610000E+03	4.724549E-15	8.754493E-17
6.620000E+03	4.639490E-15	8.612039E-17
6.630000E+03	4.541408E-15	8.444684E-17
6.640000E+03	4.432565E-15	8.256518E-17
6.650000E+03	4.315398E-15	8.051988E-17
6.660000E+03	4.192395E-15	7.835674E-17
6.670000E+03	4.065728E-15	7.611592E-17
6.680000E+03	3.937633E-15	7.383910E-17
6.690000E+03	3.809984E-15	7.156144E-17
6.700000E+03	3.684476E-15	6.931495E-17
6.710000E+03	3.562501E-15	6.712617E-17
6.720000E+03	3.445190E-15	6.501686E-17
6.730000E+03	3.333457E-15	6.300481E-17
6.740000E+03	3.227843E-15	6.110087E-17
6.750000E+03	3.128841E-15	5.931499E-17
6.760000E+03	3.036658E-15	5.765173E-17
6.770000E+03	2.951373E-15	5.611330E-17
6.780000E+03	2.872887E-15	5.469844E-17
6.790000E+03	2.801074E-15	5.340541E-17
6.800000E+03	2.735669E-15	5.222971E-17
6.810000E+03	2.676325E-15	5.116531E-17
6.820000E+03	2.622732E-15	5.020680E-17
6.830000E+03	2.574538E-15	4.934794E-17
6.840000E+03	2.531263E-15	4.857995E-17
6.850000E+03	2.492616E-15	4.789768E-17
6.860000E+03	2.458186E-15	4.729355E-17
6.870000E+03	2.427578E-15	4.676032E-17
6.880000E+03	2.400506E-15	4.629277E-17
6.890000E+03	2.376592E-15	4.588389E-17
6.900000E+03	2.355570E-15	4.552876E-17
6.910000E+03	2.337171E-15	4.522237E-17
6.920000E+03	2.321155E-15	4.496029E-17
6.930000E+03	2.307307E-15	4.473850E-17
6.940000E+03	2.295411E-15	4.455296E-17
6.950000E+03	2.285331E-15	4.440118E-17
6.960000E+03	2.276929E-15	4.428059E-17
6.970000E+03	2.270059E-15	4.418844E-17
6.980000E+03	2.264660E-15	4.412366E-17
6.990000E+03	2.260659E-15	4.408491E-17
7.000000E+03	2.257951E-15	4.407022E-17
7.010000E+03	2.256587E-15	4.408068E-17
7.020000E+03	2.256475E-15	4.411454E-17
7.030000E+03	2.257665E-15	4.417285E-17
7.040000E+03	2.260122E-15	4.425501E-17
7.050000E+03	2.263922E-15	4.436258E-17
7.060000E+03	2.269037E-15	4.449505E-17
7.070000E+03	2.275520E-15	4.465354E-17
7.080000E+03	2.283397E-15	4.483863E-17
7.090000E+03	2.292655E-15	4.505011E-17
7.100000E+03	2.303300E-15	4.528815E-17
7.110000E+03	2.315354E-15	4.555325E-17
7.120000E+03	2.328737E-15	4.584391E-17
7.130000E+03	2.343470E-15	4.616056E-17
7.140000E+03	2.359415E-15	4.650052E-17
7.150000E+03	2.376587E-15	4.686418E-17
7.160000E+03	2.394817E-15	4.724820E-17
7.170000E+03	2.414063E-15	4.765182E-17
7.180000E+03	2.434157E-15	4.807174E-17
7.190000E+03	2.455009E-15	4.850621E-17
7.200000E+03	2.476460E-15	4.895213E-17
7.210000E+03	2.498408E-15	4.940750E-17
7.220000E+03	2.520659E-15	4.986849E-17
7.230000E+03	2.543138E-15	5.033366E-17
7.240000E+03	2.565616E-15	5.079850E-17
7.250000E+03	2.588067E-15	5.126249E-17
7.260000E+03	2.610278E-15	5.172143E-17
7.270000E+03	2.632164E-15	5.217365E-17
7.280000E+03	2.653595E-15	5.261660E-17
7.290000E+03	2.674546E-15	5.304982E-17
7.300000E+03	2.694833E-15	5.346964E-17
7.310000E+03	2.714424E-15	5.387546E-17
7.320000E+03	2.733259E-15	5.426614E-17
7.330000E+03	2.751291E-15	5.464073E-17
7.340000E+03	2.768490E-15	5.499866E-17
7.350000E+03	2.784800E-15	5.533890E-17
7.360000E+03	2.800214E-15	5.566128E-17
7.370000E+03	2.814743E-15	5.596610E-17
7.380000E+03	2.828415E-15	5.625392E-17
7.390000E+03	2.841275E-15	5.652568E-17
7.400000E+03	2.853428E-15	5.678353E-17
7.410000E+03	2.864895E-15	5.702794E-17
7.420000E+03	2.875825E-15	5.726190E-17
7.430000E+03	2.886360E-15	5.748831E-17
7.440000E+03	2.896627E-15	5.770975E-17
7.450000E+03	2.906876E-15	5.793126E-17
7.460000E+03	2.917217E-15	5.815514E-17
7.470000E+03	2.927881E-15	5.838602E-17
7.480000E+03	2.939022E-15	5.862708E-17
7.490000E+03	2.950904E-15	5.888367E-17
7.500000E+03	2.963594E-15	5.915723E-17
7.510000E+03	2.977367E-15	5.945333E-17
7.520000E+03	2.992289E-15	5.977342E-17
7.530000E+03	3.008508E-15	6.012055E-17
7.540000E+03	3.026101E-15	6.049640E-17
7.550000E+03	3.045060E-15	6.090094E-17
7.560000E+03	3.065411E-15	6.133483E-17
7.570000E+03	3.087131E-15	6.179774E-17
7.580000E+03	3.110022E-15	6.228585E-17
7.590000E+03	3.133947E-15	6.279659E-17
7.600000E+03	3.158676E-15	6.332548E-17
7.610000E+03	3.183962E-15	6.386773E-17
7.620000E+03	3.209427E-15	6.441591E-17
7.630000E+03	3.234684E-15	6.496237E-17
7.640000E+03	3.259349E-15	6.549955E-17
7.650000E+03	3.282925E-15	6.601753E-17
7.660000E+03	3.304974E-15	6.650765E-17
7.670000E+03	3.325012E-15	6.696021E-17
7.680000E+03	3.342557E-15	6.736556E-17
7.690000E+03	3.357102E-15	6.771352E-17
7.700000E+03	3.368307E-15	6.799717E-17
7.710000E+03	3.375744E-15	6.820783E-17
7.720000E+03	3.379090E-15	6.833892E-17
7.730000E+03	3.378094E-15	6.838521E-17
7.740000E+03	3.372583E-15	6.834305E-17
7.750000E+03	3.362469E-15	6.821048E-17
7.760000E+03	3.347799E-15	6.798821E-17
7.770000E+03	3.328616E-15	6.767690E-17
7.780000E+03	3.305138E-15	6.728068E-17
7.790000E+03	3.277571E-15	6.680347E-17
7.800000E+03	3.246271E-15	6.625226E-17
7.810000E+03	3.211565E-15	6.563339E-17
7.820000E+03	3.173898E-15	6.495570E-17
7.830000E+03	3.133699E-15	6.422768E-17
7.840000E+03	3.091356E-15	6.345700E-17
7.850000E+03	3.047330E-15	6.265288E-17
7.860000E+03	3.002007E-15	6.182306E-17
7.870000E+03	2.955733E-15	6.097443E-17
7.880000E+03	2.908754E-15	6.011189E-17
7.890000E+03	2.861368E-15	5.924140E-17
7.900000E+03	2.813672E-15	5.836486E-17
7.910000E+03	2.765762E-15	5.748407E-17
7.920000E+03	2.717565E-15	5.659738E-17
7.930000E+03	2.668966E-15	5.570220E-17
7.940000E+03	2.619771E-15	5.479430E-17
7.950000E+03	2.569750E-15	5.386859E-17
7.960000E+03	2.518546E-15	5.291727E-17
7.970000E+03	2.465838E-15	5.193310E-17
7.980000E+03	2.411224E-15	5.090708E-17
7.990000E+03	2.354357E-15	4.983128E-17
8.000000E+03	2.294941E-15	4.869874E-17
8.010000E+03	2.232764E-15	4.750423E-17
8.020000E+03	2.167703E-15	4.624435E-17
8.030000E+03	2.099813E-15	4.491944E-17
8.040000E+03	2.029360E-15	4.353436E-17
8.050000E+03	1.956699E-15	4.209599E-17
8.060000E+03	1.882356E-15	4.061491E-17
8.070000E+03	1.806986E-15	3.910462E-17
8.080000E+03	1.731253E-15	3.757903E-17
8.090000E+03	1.655878E-15	3.605340E-17
8.100000E+03	1.581570E-15	3.454298E-17
8.110000E+03	1.509020E-15	3.306282E-17
8.120000E+03	1.438817E-15	3.162592E-17
8.130000E+03	1.371496E-15	3.024429E-17
8.140000E+03	1.307510E-15	2.892830E-17
8.150000E+03	1.247221E-15	2.768650E-17
8.160000E+03	1.190912E-15	2.652573E-17
8.170000E+03	1.138766E-15	2.545079E-17
8.180000E+03	1.090943E-15	2.446601E-17
8.190000E+03	1.047479E-15	2.357304E-17
8.200000E+03	1.008390E-15	2.277306E-17
8.210000E+03	9.736627E-16	2.206673E-17
8.220000E+03	9.432276E-16	2.145336E-17
8.230000E+03	9.170215E-16	2.093243E-17
8.240000E+03	8.949283E-16	2.050225E-17
8.250000E+03	8.768793E-16	2.016217E-17
8.260000E+03	8.627551E-16	1.991038E-17
8.270000E+03	8.524941E-16	1.974640E-17
8.280000E+03	8.459805E-16	1.966847E-17
8.290000E+03	8.431862E-16	1.967689E-17
8.300000E+03	8.440343E-16	1.977078E-17
8.310000E+03	8.484873E-16	1.995022E-17
8.320000E+03	8.565213E-16	2.021559E-17
8.330000E+03	8.681259E-16	2.056760E-17
8.340000E+03	8.833020E-16	2.100723E-17
8.350000E+03	9.020603E-16	2.153574E-17
8.360000E+03	9.244020E-16	2.215415E-17
8.370000E+03	9.503612E-16	2.286428E-17
8.380000E+03	9.799408E-16	2.366726E-17
8.390000E+03	1.013151E-15	2.456435E-17
8.400000E+03	1.049992E-15	2.555664E-17
8.410000E+03	1.090449E-15	2.664484E-17
8.420000E+03	1.134485E-15	2.782908E-17
8.430000E+03	1.182017E-15	2.910843E-17
8.440000E+03	1.232948E-15	3.048152E-17
8.450000E+03	1.287143E-15	3.194605E-17
8.460000E+03	1.344427E-15	3.349863E-17
8.470000E+03	1.404578E-15	3.513470E-17
8.480000E+03	1.467309E-15	3.684793E-17
8.490000E+03	1.532325E-15	3.863169E-17
8.500000E+03	1.599271E-15	4.047769E-17
8.510000E+03	1.667688E-15	4.237497E-17
8.520000E+03	1.737158E-15	4.431326E-17
8.530000E+03	1.807200E-15	4.628068E-17
8.540000E+03	1.877313E-15	4.826451E-17
8.550000E+03	1.946945E-15	5.025055E-17
8.560000E+03	2.015562E-15	5.222489E-17
8.570000E+03	2.082668E-15	5.417433E-17
8.580000E+03	2.147714E-15	5.608410E-17
8.590000E+03	2.210206E-15	5.794062E-17
8.600000E+03	2.269715E-15	5.973186E-17
8.610000E+03	2.325741E-15	6.144372E-17
8.620000E+03	2.377942E-15	6.306603E-17
8.630000E+03	2.425989E-15	6.458887E-17
8.640000E+03	2.469608E-15	6.600361E-17
8.650000E+03	2.508582E-15	6.730310E-17
8.660000E+03	2.542709E-15	6.848041E-17
8.670000E+03	2.571975E-15	6.953366E-17
8.680000E+03	2.596291E-15	7.045894E-17
8.690000E+03	2.615709E-15	7.125608E-17
8.700000E+03	2.630198E-15	7.192272E-17
8.710000E+03	2.639950E-15	7.246251E-17
8.720000E+03	2.645154E-15	7.287926E-17
8.730000E+03	2.645899E-15	7.317388E-17
8.740000E+03	2.642438E-15	7.335205E-17
8.750000E+03	2.635053E-15	7.342028E-17
8.760000E+03	2.623999E-15	7.338445E-17
8.770000E+03	2.609546E-15	7.325095E-17
8.780000E+03	2.592022E-15	7.302796E-17
8.790000E+03	2.571764E-15	7.272402E-17
8.800000E+03	2.548967E-15	7.234377E-17
8.810000E+03	2.524062E-15	7.189872E-17
8.820000E+03	2.497291E-15	7.139507E-17
8.830000E+03	2.468933E-15	7.084023E-17
8.840000E+03	2.439354E-15	7.024424E-17
8.850000E+03	2.408721E-15	6.961152E-17
8.860000E+03	2.377376E-15	6.895166E-17
8.870000E+03	2.345508E-15	6.826993E-17
8.880000E+03	2.313293E-15	6.757128E-17
8.890000E+03	2.280982E-15	6.686295E-17
8.900000E+03	2.248767E-15	6.615054E-17
8.910000E+03	2.216774E-15	6.543784E-17
8.920000E+03	2.185209E-15	6.473096E-17
8.930000E+03	2.154125E-15	6.403162E-17
8.940000E+03	2.123778E-15	6.334764E-17
8.950000E+03	2.094149E-15	6.267859E-17
8.960000E+03	2.065377E-15	6.202896E-17
8.970000E+03	2.037587E-15	6.140269E-17
8.980000E+03	2.010802E-15	6.080086E-17
8.990000E+03	1.985078E-15	6.022541E-17
9.000000E+03	1.960457E-15	5.967799E-17
9.040000E+03	1.873830E-15	5.780058E-17
9.080000E+03	1.806472E-15	5.644956E-17
9.120000E+03	1.757667E-15	5.562555E-17
9.160000E+03	1.725800E-15	5.529899E-17
9.200000E+03	1.708782E-15	5.542215E-17
9.240000E+03	1.704480E-15	5.594221E-17
9.280000E+03	1.710834E-15	5.680526E-17
9.320000E+03	1.725962E-15	5.795989E-17
9.360000E+03	1.748291E-15	5.936213E-17
9.400000E+03	1.776329E-15	6.096828E-17
9.440000E+03	1.808974E-15	6.274581E-17
9.480000E+03	1.845151E-15	6.466131E-17
9.520000E+03	1.884014E-15	6.668790E-17
9.560000E+03	1.924942E-15	6.880550E-17
9.600000E+03	1.967294E-15	7.099231E-17
9.640000E+03	2.010656E-15	7.323394E-17
9.680000E+03	2.054843E-15	7.552382E-17
9.720000E+03	2.099488E-15	7.784838E-17
9.760000E+03	2.144337E-15	8.019775E-17
9.800000E+03	2.189132E-15	8.256164E-17
9.840000E+03	2.233466E-15	8.492378E-17
9.880000E+03	2.276872E-15	8.726510E-17
9.920000E+03	2.319244E-15	8.957999E-17
9.960000E+03	2.359811E-15	9.183681E-17
1.000000E+04	2.398192E-15	9.401850E-17
1.004000E+04	2.434221E-15	9.611601E-17
1.008000E+04	2.467487E-15	9.811050E-17
1.012000E+04	2.497618E-15	9.998433E-17
1.016000E+04	2.524842E-15	1.017438E-16
1.020000E+04	2.548528E-15	1.033607E-16
1.024000E+04	2.569221E-15	1.048543E-16
1.028000E+04	2.586734E-15	1.062143E-16
1.032000E+04	2.601075E-15	1.074386E-16
