#wls	flux	fluxerr
1.600000E+03	4.915190E-16	2.871565E-17
1.640000E+03	4.604666E-16	2.677177E-17
1.680000E+03	4.319256E-16	2.498840E-17
1.720000E+03	4.058783E-16	2.336280E-17
1.760000E+03	3.824345E-16	2.189949E-17
1.800000E+03	3.614445E-16	2.058798E-17
1.840000E+03	3.428321E-16	1.942207E-17
1.880000E+03	3.265783E-16	1.839878E-17
1.920000E+03	3.125907E-16	1.751099E-17
1.960000E+03	3.008406E-16	1.675514E-17
2.000000E+03	2.912435E-16	1.612458E-17
2.040000E+03	2.836723E-16	1.561035E-17
2.080000E+03	2.781665E-16	1.521270E-17
2.120000E+03	2.746453E-16	1.492523E-17
2.160000E+03	2.730295E-16	1.474167E-17
2.200000E+03	2.731847E-16	1.465285E-17
2.240000E+03	2.751345E-16	1.465814E-17
2.280000E+03	2.788104E-16	1.475195E-17
2.320000E+03	2.840483E-16	1.492371E-17
2.360000E+03	2.909378E-16	1.517628E-17
2.400000E+03	2.992467E-16	1.549569E-17
2.440000E+03	3.090341E-16	1.588323E-17
2.480000E+03	3.200651E-16	1.632508E-17
2.520000E+03	3.322328E-16	1.681424E-17
2.560000E+03	3.452958E-16	1.733710E-17
2.600000E+03	3.591321E-16	1.788634E-17
2.640000E+03	3.736709E-16	1.845739E-17
2.680000E+03	3.886657E-16	1.903716E-17
2.720000E+03	4.040851E-16	1.962342E-17
2.760000E+03	4.199888E-16	2.021838E-17
2.800000E+03	4.363718E-16	2.082107E-17
2.840000E+03	4.534661E-16	2.144175E-17
2.880000E+03	4.714058E-16	2.208570E-17
2.920000E+03	4.904152E-16	2.276213E-17
2.960000E+03	5.108057E-16	2.348392E-17
3.000000E+03	5.328293E-16	2.426059E-17
3.010000E+03	5.386567E-16	2.446608E-17
3.020000E+03	5.446187E-16	2.467627E-17
3.030000E+03	5.506448E-16	2.488793E-17
3.040000E+03	5.568837E-16	2.510775E-17
3.050000E+03	5.632652E-16	2.533249E-17
3.060000E+03	5.697916E-16	2.556220E-17
3.070000E+03	5.764652E-16	2.579694E-17
3.080000E+03	5.832880E-16	2.603673E-17
3.090000E+03	5.903370E-16	2.628497E-17
3.100000E+03	5.974636E-16	2.653497E-17
3.110000E+03	6.048960E-16	2.679680E-17
3.120000E+03	6.124079E-16	2.706037E-17
3.130000E+03	6.202292E-16	2.733578E-17
3.140000E+03	6.281308E-16	2.761284E-17
3.150000E+03	6.363439E-16	2.790166E-17
3.160000E+03	6.447138E-16	2.819538E-17
3.170000E+03	6.533178E-16	2.849729E-17
3.180000E+03	6.621551E-16	2.880730E-17
3.190000E+03	6.711449E-16	2.912180E-17
3.200000E+03	6.804433E-16	2.944751E-17
3.210000E+03	6.899688E-16	2.978079E-17
3.220000E+03	6.996374E-16	3.011794E-17
3.230000E+03	7.096861E-16	3.046909E-17
3.240000E+03	7.198685E-16	3.082356E-17
3.250000E+03	7.303406E-16	3.118796E-17
3.260000E+03	7.410148E-16	3.155845E-17
3.270000E+03	7.519657E-16	3.193814E-17
3.280000E+03	7.631856E-16	3.232660E-17
3.290000E+03	7.746662E-16	3.272338E-17
3.300000E+03	7.863142E-16	3.312447E-17
3.310000E+03	7.982861E-16	3.353636E-17
3.320000E+03	8.104027E-16	3.395145E-17
3.330000E+03	8.228206E-16	3.437623E-17
3.340000E+03	8.355267E-16	3.481004E-17
3.350000E+03	8.483383E-16	3.524519E-17
3.360000E+03	8.614960E-16	3.569161E-17
3.370000E+03	8.748151E-16	3.614155E-17
3.380000E+03	8.883662E-16	3.659786E-17
3.390000E+03	9.021323E-16	3.705976E-17
3.400000E+03	9.160992E-16	3.752660E-17
3.410000E+03	9.303374E-16	3.800118E-17
3.420000E+03	9.447435E-16	3.847921E-17
3.430000E+03	9.593035E-16	3.896004E-17
3.440000E+03	9.740868E-16	3.944645E-17
3.450000E+03	9.890802E-16	3.993782E-17
3.460000E+03	1.004270E-15	4.043352E-17
3.470000E+03	1.019643E-15	4.093297E-17
3.480000E+03	1.035274E-15	4.143911E-17
3.490000E+03	1.051065E-15	4.194790E-17
3.500000E+03	1.067005E-15	4.245889E-17
3.510000E+03	1.083171E-15	4.297509E-17
3.520000E+03	1.099559E-15	4.349624E-17
3.530000E+03	1.116251E-15	4.402550E-17
3.540000E+03	1.133068E-15	4.455574E-17
3.550000E+03	1.150187E-15	4.509391E-17
3.560000E+03	1.167525E-15	4.563657E-17
3.570000E+03	1.185174E-15	4.618730E-17
3.580000E+03	1.203143E-15	4.674631E-17
3.590000E+03	1.221533E-15	4.731741E-17
3.600000E+03	1.240185E-15	4.789431E-17
3.610000E+03	1.259207E-15	4.848106E-17
3.620000E+03	1.278794E-15	4.908498E-17
3.630000E+03	1.298711E-15	4.969698E-17
3.640000E+03	1.319248E-15	5.032790E-17
3.650000E+03	1.340348E-15	5.097540E-17
3.660000E+03	1.361961E-15	5.163734E-17
3.670000E+03	1.384290E-15	5.232128E-17
3.680000E+03	1.407374E-15	5.302837E-17
3.690000E+03	1.431165E-15	5.375660E-17
3.700000E+03	1.455786E-15	5.451027E-17
3.710000E+03	1.481280E-15	5.529069E-17
3.720000E+03	1.507601E-15	5.609591E-17
3.730000E+03	1.534962E-15	5.693346E-17
3.740000E+03	1.563405E-15	5.780458E-17
3.750000E+03	1.592804E-15	5.870420E-17
3.760000E+03	1.623364E-15	5.963954E-17
3.770000E+03	1.655119E-15	6.061141E-17
3.780000E+03	1.688088E-15	6.162012E-17
3.790000E+03	1.722198E-15	6.266257E-17
3.800000E+03	1.757604E-15	6.374397E-17
3.810000E+03	1.794103E-15	6.485654E-17
3.820000E+03	1.831801E-15	6.600370E-17
3.830000E+03	1.870515E-15	6.717851E-17
3.840000E+03	1.910115E-15	6.837589E-17
3.850000E+03	1.950513E-15	6.959243E-17
3.860000E+03	1.991413E-15	7.081732E-17
3.870000E+03	2.032647E-15	7.204447E-17
3.880000E+03	2.073843E-15	7.326054E-17
3.890000E+03	2.114755E-15	7.445701E-17
3.900000E+03	2.155028E-15	7.562143E-17
3.910000E+03	2.194196E-15	7.673783E-17
3.920000E+03	2.231950E-15	7.779577E-17
3.930000E+03	2.267810E-15	7.877913E-17
3.940000E+03	2.301477E-15	7.967820E-17
3.950000E+03	2.332595E-15	8.048155E-17
3.960000E+03	2.360852E-15	8.117928E-17
3.970000E+03	2.385913E-15	8.176105E-17
3.980000E+03	2.407604E-15	8.222196E-17
3.990000E+03	2.425913E-15	8.256284E-17
4.000000E+03	2.440838E-15	8.278485E-17
4.010000E+03	2.452324E-15	8.288734E-17
4.020000E+03	2.460719E-15	8.288323E-17
4.030000E+03	2.466221E-15	8.278032E-17
4.040000E+03	2.469113E-15	8.258905E-17
4.050000E+03	2.469876E-15	8.232641E-17
4.060000E+03	2.468961E-15	8.200817E-17
4.070000E+03	2.466841E-15	8.165057E-17
4.080000E+03	2.463865E-15	8.126559E-17
4.090000E+03	2.460583E-15	8.087158E-17
4.100000E+03	2.457456E-15	8.048381E-17
4.110000E+03	2.454855E-15	8.011436E-17
4.120000E+03	2.453245E-15	7.977813E-17
4.130000E+03	2.452856E-15	7.948230E-17
4.140000E+03	2.454061E-15	7.923853E-17
4.150000E+03	2.457055E-15	7.905255E-17
4.160000E+03	2.462042E-15	7.893031E-17
4.170000E+03	2.469110E-15	7.887397E-17
4.180000E+03	2.478406E-15	7.888752E-17
4.190000E+03	2.489856E-15	7.896789E-17
4.200000E+03	2.503449E-15	7.911404E-17
4.210000E+03	2.519128E-15	7.932347E-17
4.220000E+03	2.536747E-15	7.959096E-17
4.230000E+03	2.556231E-15	7.991355E-17
4.240000E+03	2.577271E-15	8.028101E-17
4.250000E+03	2.599749E-15	8.068923E-17
4.260000E+03	2.623479E-15	8.113203E-17
4.270000E+03	2.648117E-15	8.159845E-17
4.280000E+03	2.673575E-15	8.208553E-17
4.290000E+03	2.699618E-15	8.258589E-17
4.300000E+03	2.725976E-15	8.309120E-17
4.310000E+03	2.752507E-15	8.359708E-17
4.320000E+03	2.779103E-15	8.410029E-17
4.330000E+03	2.805653E-15	8.459755E-17
4.340000E+03	2.832061E-15	8.508606E-17
4.350000E+03	2.858449E-15	8.556959E-17
4.360000E+03	2.884914E-15	8.605116E-17
4.370000E+03	2.911618E-15	8.653564E-17
4.380000E+03	2.938777E-15	8.702940E-17
4.390000E+03	2.966662E-15	8.754043E-17
4.400000E+03	2.995655E-15	8.807978E-17
4.410000E+03	3.026186E-15	8.865985E-17
4.420000E+03	3.058629E-15	8.929113E-17
4.430000E+03	3.093418E-15	8.998575E-17
4.440000E+03	3.131076E-15	9.075813E-17
4.450000E+03	3.171934E-15	9.161699E-17
4.460000E+03	3.216394E-15	9.257296E-17
4.470000E+03	3.264612E-15	9.362945E-17
4.480000E+03	3.316761E-15	9.479030E-17
4.490000E+03	3.372766E-15	9.605224E-17
4.500000E+03	3.432529E-15	9.741137E-17
4.510000E+03	3.495517E-15	9.885156E-17
4.520000E+03	3.561241E-15	1.003581E-16
4.530000E+03	3.628908E-15	1.019080E-16
4.540000E+03	3.697467E-15	1.034713E-16
4.550000E+03	3.765778E-15	1.050160E-16
4.560000E+03	3.832488E-15	1.065046E-16
4.570000E+03	3.896120E-15	1.078968E-16
4.580000E+03	3.955084E-15	1.091495E-16
4.590000E+03	4.007959E-15	1.102252E-16
4.600000E+03	4.053252E-15	1.110846E-16
4.610000E+03	4.089699E-15	1.116953E-16
4.620000E+03	4.116285E-15	1.120324E-16
4.630000E+03	4.132368E-15	1.120812E-16
4.640000E+03	4.137625E-15	1.118359E-16
4.650000E+03	4.132068E-15	1.112998E-16
4.660000E+03	4.116206E-15	1.104896E-16
4.670000E+03	4.090809E-15	1.094287E-16
4.680000E+03	4.057063E-15	1.081514E-16
4.690000E+03	4.016337E-15	1.066962E-16
4.700000E+03	3.970119E-15	1.051045E-16
4.710000E+03	3.920019E-15	1.034200E-16
4.720000E+03	3.867644E-15	1.016862E-16
4.730000E+03	3.814476E-15	9.994238E-17
4.740000E+03	3.761957E-15	9.822631E-17
4.750000E+03	3.711256E-15	9.656820E-17
4.760000E+03	3.663295E-15	9.499142E-17
4.770000E+03	3.618958E-15	9.351803E-17
4.780000E+03	3.578737E-15	9.215966E-17
4.790000E+03	3.543042E-15	9.092572E-17
4.800000E+03	3.512090E-15	8.982052E-17
4.810000E+03	3.485875E-15	8.884262E-17
4.820000E+03	3.464280E-15	8.798776E-17
4.830000E+03	3.447044E-15	8.724813E-17
4.840000E+03	3.433831E-15	8.661411E-17
4.850000E+03	3.424082E-15	8.607057E-17
4.860000E+03	3.417228E-15	8.560238E-17
4.870000E+03	3.412668E-15	8.519380E-17
4.880000E+03	3.409618E-15	8.482478E-17
4.890000E+03	3.407330E-15	8.447634E-17
4.900000E+03	3.405026E-15	8.412912E-17
4.910000E+03	3.401886E-15	8.376298E-17
4.920000E+03	3.397121E-15	8.335881E-17
4.930000E+03	3.390086E-15	8.290125E-17
4.940000E+03	3.380125E-15	8.237492E-17
4.950000E+03	3.366763E-15	8.176904E-17
4.960000E+03	3.349740E-15	8.107824E-17
4.970000E+03	3.328955E-15	8.030100E-17
4.980000E+03	3.304519E-15	7.944090E-17
4.990000E+03	3.276816E-15	7.850811E-17
5.000000E+03	3.246237E-15	7.751273E-17
5.010000E+03	3.213545E-15	7.647368E-17
5.020000E+03	3.179480E-15	7.540899E-17
5.030000E+03	3.144895E-15	7.433921E-17
5.040000E+03	3.110682E-15	7.328542E-17
5.050000E+03	3.077759E-15	7.226914E-17
5.060000E+03	3.046944E-15	7.130920E-17
5.070000E+03	3.019060E-15	7.042434E-17
5.080000E+03	2.994788E-15	6.962972E-17
5.090000E+03	2.974823E-15	6.894064E-17
5.100000E+03	2.959639E-15	6.836716E-17
5.110000E+03	2.949721E-15	6.791936E-17
5.120000E+03	2.945429E-15	6.760441E-17
5.130000E+03	2.947037E-15	6.742743E-17
5.140000E+03	2.954766E-15	6.739226E-17
5.150000E+03	2.968656E-15	6.749857E-17
5.160000E+03	2.988751E-15	6.774624E-17
5.170000E+03	3.015014E-15	6.813323E-17
5.180000E+03	3.047223E-15	6.865347E-17
5.190000E+03	3.085200E-15	6.930189E-17
5.200000E+03	3.128549E-15	7.006873E-17
5.210000E+03	3.176923E-15	7.094541E-17
5.220000E+03	3.229805E-15	7.191969E-17
5.230000E+03	3.286638E-15	7.297866E-17
5.240000E+03	3.346819E-15	7.410850E-17
5.250000E+03	3.409744E-15	7.529562E-17
5.260000E+03	3.474697E-15	7.652414E-17
5.270000E+03	3.541097E-15	7.778127E-17
5.280000E+03	3.608385E-15	7.905494E-17
5.290000E+03	3.676107E-15	8.033549E-17
5.300000E+03	3.743950E-15	8.161648E-17
5.310000E+03	3.811747E-15	8.289467E-17
5.320000E+03	3.879662E-15	8.417408E-17
5.330000E+03	3.947945E-15	8.546061E-17
5.340000E+03	4.017217E-15	8.676809E-17
5.350000E+03	4.088275E-15	8.811405E-17
5.360000E+03	4.162233E-15	8.952273E-17
5.370000E+03	4.240330E-15	9.102090E-17
5.380000E+03	4.324055E-15	9.264050E-17
5.390000E+03	4.414961E-15	9.441471E-17
5.400000E+03	4.514559E-15	9.637560E-17
5.410000E+03	4.624500E-15	9.855814E-17
5.420000E+03	4.746177E-15	1.009917E-16
5.430000E+03	4.880770E-15	1.037010E-16
5.440000E+03	5.029011E-15	1.067015E-16
5.450000E+03	5.190889E-15	1.099928E-16
5.460000E+03	5.365053E-15	1.135464E-16
5.470000E+03	5.549027E-15	1.173103E-16
5.480000E+03	5.739280E-15	1.212106E-16
5.490000E+03	5.931277E-15	1.251528E-16
5.500000E+03	6.120035E-15	1.290328E-16
5.510000E+03	6.300079E-15	1.327365E-16
5.520000E+03	6.465906E-15	1.361493E-16
5.530000E+03	6.612174E-15	1.391599E-16
5.540000E+03	6.734296E-15	1.416733E-16
5.550000E+03	6.828417E-15	1.436093E-16
5.560000E+03	6.891861E-15	1.449125E-16
5.570000E+03	6.923085E-15	1.455509E-16
5.580000E+03	6.921968E-15	1.455221E-16
5.590000E+03	6.889777E-15	1.448526E-16
5.600000E+03	6.828776E-15	1.435892E-16
5.610000E+03	6.742578E-15	1.418073E-16
5.620000E+03	6.635143E-15	1.395889E-16
5.630000E+03	6.511188E-15	1.370322E-16
5.640000E+03	6.375629E-15	1.342394E-16
5.650000E+03	6.233146E-15	1.313077E-16
5.660000E+03	6.088401E-15	1.283344E-16
5.670000E+03	5.945391E-15	1.254028E-16
5.680000E+03	5.807743E-15	1.225885E-16
5.690000E+03	5.678419E-15	1.199536E-16
5.700000E+03	5.559745E-15	1.175470E-16
5.710000E+03	5.453367E-15	1.154033E-16
5.720000E+03	5.360386E-15	1.135459E-16
5.730000E+03	5.281390E-15	1.119876E-16
5.740000E+03	5.216341E-15	1.107279E-16
5.750000E+03	5.164827E-15	1.097588E-16
5.760000E+03	5.125862E-15	1.090597E-16
5.770000E+03	5.098280E-15	1.086064E-16
5.780000E+03	5.080391E-15	1.083637E-16
5.790000E+03	5.070389E-15	1.082933E-16
5.800000E+03	5.066212E-15	1.083518E-16
5.810000E+03	5.065568E-15	1.084902E-16
5.820000E+03	5.066350E-15	1.086636E-16
5.830000E+03	5.066181E-15	1.088210E-16
5.840000E+03	5.062994E-15	1.089175E-16
5.850000E+03	5.054861E-15	1.089111E-16
5.860000E+03	5.040074E-15	1.087644E-16
5.870000E+03	5.017354E-15	1.084489E-16
5.880000E+03	4.985745E-15	1.079428E-16
5.890000E+03	4.944594E-15	1.072307E-16
5.900000E+03	4.893792E-15	1.063092E-16
5.910000E+03	4.833563E-15	1.051818E-16
5.920000E+03	4.764476E-15	1.038596E-16
5.930000E+03	4.687345E-15	1.023590E-16
5.940000E+03	4.603304E-15	1.007039E-16
5.950000E+03	4.513562E-15	9.891964E-17
5.960000E+03	4.419424E-15	9.703393E-17
5.970000E+03	4.322362E-15	9.507842E-17
5.980000E+03	4.223651E-15	9.308063E-17
5.990000E+03	4.124626E-15	9.106962E-17
6.000000E+03	4.026471E-15	8.907132E-17
6.010000E+03	3.930196E-15	8.710810E-17
6.020000E+03	3.836742E-15	8.520085E-17
6.030000E+03	3.746810E-15	8.336541E-17
6.040000E+03	3.660982E-15	8.161504E-17
6.050000E+03	3.579726E-15	7.996061E-17
6.060000E+03	3.503302E-15	7.840838E-17
6.070000E+03	3.431886E-15	7.696285E-17
6.080000E+03	3.365588E-15	7.562704E-17
6.090000E+03	3.304401E-15	7.440140E-17
6.100000E+03	3.248230E-15	7.328437E-17
6.110000E+03	3.196998E-15	7.227485E-17
6.120000E+03	3.150546E-15	7.136983E-17
6.130000E+03	3.108792E-15	7.056806E-17
6.140000E+03	3.071533E-15	6.986552E-17
6.150000E+03	3.038696E-15	6.926113E-17
6.160000E+03	3.010129E-15	6.875201E-17
6.170000E+03	2.985758E-15	6.833702E-17
6.180000E+03	2.965457E-15	6.801387E-17
6.190000E+03	2.949173E-15	6.778186E-17
6.200000E+03	2.936792E-15	6.763896E-17
6.210000E+03	2.928230E-15	6.758376E-17
6.220000E+03	2.923425E-15	6.761542E-17
6.230000E+03	2.922258E-15	6.773167E-17
6.240000E+03	2.924628E-15	6.793076E-17
6.250000E+03	2.930476E-15	6.821179E-17
6.260000E+03	2.939691E-15	6.857274E-17
6.270000E+03	2.952213E-15	6.901273E-17
6.280000E+03	2.968036E-15	6.953208E-17
6.290000E+03	2.987121E-15	7.013047E-17
6.300000E+03	3.009519E-15	7.080957E-17
6.310000E+03	3.035240E-15	7.157019E-17
6.320000E+03	3.064404E-15	7.241568E-17
6.330000E+03	3.097040E-15	7.334731E-17
6.340000E+03	3.133205E-15	7.436692E-17
6.350000E+03	3.172968E-15	7.547665E-17
6.360000E+03	3.216349E-15	7.667747E-17
6.370000E+03	3.263336E-15	7.796958E-17
6.380000E+03	3.313912E-15	7.935306E-17
6.390000E+03	3.367923E-15	8.082472E-17
6.400000E+03	3.425334E-15	8.238419E-17
6.410000E+03	3.485886E-15	8.402568E-17
6.420000E+03	3.549390E-15	8.574502E-17
6.430000E+03	3.615432E-15	8.753257E-17
6.440000E+03	3.683598E-15	8.937860E-17
6.450000E+03	3.753272E-15	9.126834E-17
6.460000E+03	3.823690E-15	9.318333E-17
6.470000E+03	3.893801E-15	9.509787E-17
6.480000E+03	3.962286E-15	9.697950E-17
6.490000E+03	4.027629E-15	9.879070E-17
6.500000E+03	4.088246E-15	1.004919E-16
6.510000E+03	4.142557E-15	1.020432E-16
6.520000E+03	4.189024E-15	1.034056E-16
6.530000E+03	4.226298E-15	1.045445E-16
6.540000E+03	4.253122E-15	1.054269E-16
6.550000E+03	4.268382E-15	1.060237E-16
6.560000E+03	4.271428E-15	1.063166E-16
6.570000E+03	4.261746E-15	1.062910E-16
6.580000E+03	4.239248E-15	1.059426E-16
6.590000E+03	4.204180E-15	1.052756E-16
6.600000E+03	4.157062E-15	1.043011E-16
6.610000E+03	4.098698E-15	1.030375E-16
6.620000E+03	4.030140E-15	1.015098E-16
6.630000E+03	3.952673E-15	9.974871E-17
6.640000E+03	3.867628E-15	9.778680E-17
6.650000E+03	3.776547E-15	9.566209E-17
6.660000E+03	3.680829E-15	9.340926E-17
6.670000E+03	3.582008E-15	9.106678E-17
6.680000E+03	3.481437E-15	8.866874E-17
6.690000E+03	3.380402E-15	8.624787E-17
6.700000E+03	3.280069E-15	8.383401E-17
6.710000E+03	3.181531E-15	8.145537E-17
6.720000E+03	3.085586E-15	7.913278E-17
6.730000E+03	2.992957E-15	7.688526E-17
6.740000E+03	2.904280E-15	7.472978E-17
6.750000E+03	2.819923E-15	7.267639E-17
6.760000E+03	2.740226E-15	7.073459E-17
6.770000E+03	2.665381E-15	6.891002E-17
6.780000E+03	2.595482E-15	6.720584E-17
6.790000E+03	2.530542E-15	6.562304E-17
6.800000E+03	2.470504E-15	6.416089E-17
6.810000E+03	2.415256E-15	6.281710E-17
6.820000E+03	2.364647E-15	6.158835E-17
6.830000E+03	2.318514E-15	6.047106E-17
6.840000E+03	2.276599E-15	5.945902E-17
6.850000E+03	2.238733E-15	5.854835E-17
6.860000E+03	2.204637E-15	5.773223E-17
6.870000E+03	2.174133E-15	5.700645E-17
6.880000E+03	2.146970E-15	5.636486E-17
6.890000E+03	2.122931E-15	5.580207E-17
6.900000E+03	2.101829E-15	5.531358E-17
6.910000E+03	2.083417E-15	5.489315E-17
6.920000E+03	2.067559E-15	5.453752E-17
6.930000E+03	2.054032E-15	5.424104E-17
6.940000E+03	2.042727E-15	5.400107E-17
6.950000E+03	2.033449E-15	5.381268E-17
6.960000E+03	2.026116E-15	5.367386E-17
6.970000E+03	2.020562E-15	5.358042E-17
6.980000E+03	2.016731E-15	5.353102E-17
6.990000E+03	2.014483E-15	5.352207E-17
7.000000E+03	2.013738E-15	5.355159E-17
7.010000E+03	2.014476E-15	5.361920E-17
7.020000E+03	2.016591E-15	5.372215E-17
7.030000E+03	2.020035E-15	5.385927E-17
7.040000E+03	2.024790E-15	5.403021E-17
7.050000E+03	2.030798E-15	5.423346E-17
7.060000E+03	2.038051E-15	5.446893E-17
7.070000E+03	2.046475E-15	5.473469E-17
7.080000E+03	2.056089E-15	5.503134E-17
7.090000E+03	2.066817E-15	5.535692E-17
7.100000E+03	2.078650E-15	5.571127E-17
7.110000E+03	2.091555E-15	5.609350E-17
7.120000E+03	2.105491E-15	5.650262E-17
7.130000E+03	2.120361E-15	5.693606E-17
7.140000E+03	2.136160E-15	5.739376E-17
7.150000E+03	2.152805E-15	5.787348E-17
7.160000E+03	2.170227E-15	5.837347E-17
7.170000E+03	2.188352E-15	5.889174E-17
7.180000E+03	2.207075E-15	5.942550E-17
7.190000E+03	2.226337E-15	5.997318E-17
7.200000E+03	2.246021E-15	6.053169E-17
7.210000E+03	2.266037E-15	6.109861E-17
7.220000E+03	2.286290E-15	6.167142E-17
7.230000E+03	2.306719E-15	6.224847E-17
7.240000E+03	2.327147E-15	6.282502E-17
7.250000E+03	2.347570E-15	6.340101E-17
7.260000E+03	2.367850E-15	6.397269E-17
7.270000E+03	2.387910E-15	6.453803E-17
7.280000E+03	2.407678E-15	6.509511E-17
7.290000E+03	2.427122E-15	6.564309E-17
7.300000E+03	2.446128E-15	6.617892E-17
7.310000E+03	2.464683E-15	6.670227E-17
7.320000E+03	2.482752E-15	6.721224E-17
7.330000E+03	2.500312E-15	6.770824E-17
7.340000E+03	2.517318E-15	6.818910E-17
7.350000E+03	2.533801E-15	6.865569E-17
7.360000E+03	2.549739E-15	6.910748E-17
7.370000E+03	2.565185E-15	6.954592E-17
7.380000E+03	2.580138E-15	6.997111E-17
7.390000E+03	2.594677E-15	7.038521E-17
7.400000E+03	2.608824E-15	7.078888E-17
7.410000E+03	2.622678E-15	7.118490E-17
7.420000E+03	2.636281E-15	7.157445E-17
7.430000E+03	2.649716E-15	7.195992E-17
7.440000E+03	2.663107E-15	7.234473E-17
7.450000E+03	2.676480E-15	7.272968E-17
7.460000E+03	2.690029E-15	7.312014E-17
7.470000E+03	2.703747E-15	7.351605E-17
7.480000E+03	2.717791E-15	7.392174E-17
7.490000E+03	2.732174E-15	7.433771E-17
7.500000E+03	2.747034E-15	7.476784E-17
7.510000E+03	2.762396E-15	7.521295E-17
7.520000E+03	2.778303E-15	7.567432E-17
7.530000E+03	2.794779E-15	7.615273E-17
7.540000E+03	2.811787E-15	7.664738E-17
7.550000E+03	2.829380E-15	7.715983E-17
7.560000E+03	2.847440E-15	7.768701E-17
7.570000E+03	2.865964E-15	7.822903E-17
7.580000E+03	2.884780E-15	7.878133E-17
7.590000E+03	2.903796E-15	7.934157E-17
7.600000E+03	2.922816E-15	7.990459E-17
7.610000E+03	2.941737E-15	8.046769E-17
7.620000E+03	2.960314E-15	8.102437E-17
7.630000E+03	2.978281E-15	8.156748E-17
7.640000E+03	2.995474E-15	8.209265E-17
7.650000E+03	3.011596E-15	8.259191E-17
7.660000E+03	3.026344E-15	8.305702E-17
7.670000E+03	3.039529E-15	8.348291E-17
7.680000E+03	3.050851E-15	8.386143E-17
7.690000E+03	3.060099E-15	8.418676E-17
7.700000E+03	3.066955E-15	8.445023E-17
7.710000E+03	3.071287E-15	8.464816E-17
7.720000E+03	3.072910E-15	8.477538E-17
7.730000E+03	3.071629E-15	8.482649E-17
7.740000E+03	3.067325E-15	8.479806E-17
7.750000E+03	3.059960E-15	8.468888E-17
7.760000E+03	3.049492E-15	8.449765E-17
7.770000E+03	3.035880E-15	8.422296E-17
7.780000E+03	3.019197E-15	8.386666E-17
7.790000E+03	2.999513E-15	8.343043E-17
7.800000E+03	2.976930E-15	8.291675E-17
7.810000E+03	2.951567E-15	8.232873E-17
7.820000E+03	2.923531E-15	8.166895E-17
7.830000E+03	2.893053E-15	8.094357E-17
7.840000E+03	2.860254E-15	8.015562E-17
7.850000E+03	2.825292E-15	7.930914E-17
7.860000E+03	2.788317E-15	7.840802E-17
7.870000E+03	2.749467E-15	7.745573E-17
7.880000E+03	2.708862E-15	7.645525E-17
7.890000E+03	2.666633E-15	7.540995E-17
7.900000E+03	2.622820E-15	7.432048E-17
7.910000E+03	2.577509E-15	7.318886E-17
7.920000E+03	2.530660E-15	7.201355E-17
7.930000E+03	2.482355E-15	7.079635E-17
7.940000E+03	2.432591E-15	6.953672E-17
7.950000E+03	2.381296E-15	6.823199E-17
7.960000E+03	2.328502E-15	6.688234E-17
7.970000E+03	2.274219E-15	6.548732E-17
7.980000E+03	2.218479E-15	6.404715E-17
7.990000E+03	2.161349E-15	6.256301E-17
8.000000E+03	2.102879E-15	6.103558E-17
8.010000E+03	2.043286E-15	5.947045E-17
8.020000E+03	1.982717E-15	5.787122E-17
8.030000E+03	1.921475E-15	5.624607E-17
8.040000E+03	1.859815E-15	5.460188E-17
8.050000E+03	1.797953E-15	5.294451E-17
8.060000E+03	1.736157E-15	5.128140E-17
8.070000E+03	1.674690E-15	4.961999E-17
8.080000E+03	1.613873E-15	4.796947E-17
8.090000E+03	1.553978E-15	4.633775E-17
8.100000E+03	1.495375E-15	4.473582E-17
8.110000E+03	1.438366E-15	4.317276E-17
8.120000E+03	1.383279E-15	4.165860E-17
8.130000E+03	1.330355E-15	4.020089E-17
8.140000E+03	1.279887E-15	3.880880E-17
8.150000E+03	1.232070E-15	3.748882E-17
8.160000E+03	1.187065E-15	3.624644E-17
8.170000E+03	1.145033E-15	3.508720E-17
8.180000E+03	1.106078E-15	3.401507E-17
8.190000E+03	1.070272E-15	3.303308E-17
8.200000E+03	1.037642E-15	3.214297E-17
8.210000E+03	1.008211E-15	3.134628E-17
8.220000E+03	9.819891E-16	3.064431E-17
8.230000E+03	9.589318E-16	3.003664E-17
8.240000E+03	9.390364E-16	2.952418E-17
8.250000E+03	9.222386E-16	2.910590E-17
8.260000E+03	9.085090E-16	2.878189E-17
8.270000E+03	8.978017E-16	2.855172E-17
8.280000E+03	8.900483E-16	2.841424E-17
8.290000E+03	8.852438E-16	2.837032E-17
8.300000E+03	8.833103E-16	2.841851E-17
8.310000E+03	8.842251E-16	2.855911E-17
8.320000E+03	8.879566E-16	2.879215E-17
8.330000E+03	8.944775E-16	2.911780E-17
8.340000E+03	9.037491E-16	2.953585E-17
8.350000E+03	9.157635E-16	3.004709E-17
8.360000E+03	9.304846E-16	3.065142E-17
8.370000E+03	9.478775E-16	3.134874E-17
8.380000E+03	9.679436E-16	3.214018E-17
8.390000E+03	9.906245E-16	3.302485E-17
8.400000E+03	1.015897E-15	3.400307E-17
8.410000E+03	1.043699E-15	3.507379E-17
8.420000E+03	1.073987E-15	3.623662E-17
8.430000E+03	1.106655E-15	3.748899E-17
8.440000E+03	1.141646E-15	3.882995E-17
8.450000E+03	1.178814E-15	4.025555E-17
8.460000E+03	1.218030E-15	4.176226E-17
8.470000E+03	1.259158E-15	4.334631E-17
8.480000E+03	1.302004E-15	4.500180E-17
8.490000E+03	1.346371E-15	4.672265E-17
8.500000E+03	1.392036E-15	4.850180E-17
8.510000E+03	1.438759E-15	5.033134E-17
8.520000E+03	1.486254E-15	5.220180E-17
8.530000E+03	1.534264E-15	5.410442E-17
8.540000E+03	1.582497E-15	5.602915E-17
8.550000E+03	1.630600E-15	5.796350E-17
8.560000E+03	1.678313E-15	5.989815E-17
8.570000E+03	1.725297E-15	6.182087E-17
8.580000E+03	1.771244E-15	6.372025E-17
8.590000E+03	1.815824E-15	6.558391E-17
8.600000E+03	1.858804E-15	6.740285E-17
8.610000E+03	1.899854E-15	6.916434E-17
8.620000E+03	1.938781E-15	7.086048E-17
8.630000E+03	1.975297E-15	7.247982E-17
8.640000E+03	2.009230E-15	7.401493E-17
8.650000E+03	2.040376E-15	7.545715E-17
8.660000E+03	2.068660E-15	7.680245E-17
8.670000E+03	2.093905E-15	7.804298E-17
8.680000E+03	2.116067E-15	7.917576E-17
8.690000E+03	2.135138E-15	8.019909E-17
8.700000E+03	2.151030E-15	8.110831E-17
8.710000E+03	2.163830E-15	8.190529E-17
8.720000E+03	2.173508E-15	8.258749E-17
8.730000E+03	2.180240E-15	8.316029E-17
8.740000E+03	2.184009E-15	8.362164E-17
8.750000E+03	2.185035E-15	8.397872E-17
8.760000E+03	2.183375E-15	8.423247E-17
8.770000E+03	2.179208E-15	8.438867E-17
8.780000E+03	2.172691E-15	8.445226E-17
8.790000E+03	2.164029E-15	8.443020E-17
8.800000E+03	2.153319E-15	8.432527E-17
8.810000E+03	2.140813E-15	8.414654E-17
8.820000E+03	2.126692E-15	8.390031E-17
8.830000E+03	2.111098E-15	8.359146E-17
8.840000E+03	2.094286E-15	8.322947E-17
8.850000E+03	2.076354E-15	8.281770E-17
8.860000E+03	2.057588E-15	8.236713E-17
8.870000E+03	2.038076E-15	8.188083E-17
8.880000E+03	2.018012E-15	8.136637E-17
8.890000E+03	1.997583E-15	8.083105E-17
8.900000E+03	1.976894E-15	8.027888E-17
8.910000E+03	1.956072E-15	7.971504E-17
8.920000E+03	1.935316E-15	7.914753E-17
8.930000E+03	1.914663E-15	7.857788E-17
8.940000E+03	1.894288E-15	7.801338E-17
8.950000E+03	1.874209E-15	7.745483E-17
8.960000E+03	1.854581E-15	7.690886E-17
8.970000E+03	1.835443E-15	7.637719E-17
8.980000E+03	1.816856E-15	7.586266E-17
8.990000E+03	1.798912E-15	7.536930E-17
9.000000E+03	1.781659E-15	7.489943E-17
9.040000E+03	1.720172E-15	7.328686E-17
9.080000E+03	1.671827E-15	7.216417E-17
9.120000E+03	1.637023E-15	7.157086E-17
9.160000E+03	1.615290E-15	7.150858E-17
9.200000E+03	1.605602E-15	7.195267E-17
9.240000E+03	1.606780E-15	7.286907E-17
9.280000E+03	1.617404E-15	7.420959E-17
9.320000E+03	1.636123E-15	7.592597E-17
9.360000E+03	1.661829E-15	7.797827E-17
9.400000E+03	1.693254E-15	8.031628E-17
9.440000E+03	1.729460E-15	8.290285E-17
9.480000E+03	1.769477E-15	8.569708E-17
9.520000E+03	1.812564E-15	8.866738E-17
9.560000E+03	1.858032E-15	9.178299E-17
9.600000E+03	1.905269E-15	9.501561E-17
9.640000E+03	1.953874E-15	9.834638E-17
9.680000E+03	2.003317E-15	1.017490E-16
9.720000E+03	2.053306E-15	1.052085E-16
9.760000E+03	2.103417E-15	1.087023E-16
9.800000E+03	2.153339E-15	1.122134E-16
9.840000E+03	2.202656E-15	1.157183E-16
9.880000E+03	2.251055E-15	1.191987E-16
9.920000E+03	2.297965E-15	1.226218E-16
9.960000E+03	2.343202E-15	1.259748E-16
1.000000E+04	2.386187E-15	1.292235E-16
1.004000E+04	2.426803E-15	1.323580E-16
1.008000E+04	2.464513E-15	1.353450E-16
1.012000E+04	2.499122E-15	1.381700E-16
1.016000E+04	2.530685E-15	1.408319E-16
1.020000E+04	2.558944E-15	1.433124E-16
1.024000E+04	2.583645E-15	1.455932E-16
1.028000E+04	2.605168E-15	1.476919E-16
1.032000E+04	2.623307E-15	1.495931E-16
