#wls	flux	fluxerr
1.600000E+03	3.266651E-15	4.202923E-16
1.640000E+03	3.338314E-15	4.240185E-16
1.680000E+03	3.407765E-15	4.271534E-16
1.720000E+03	3.476704E-15	4.299137E-16
1.760000E+03	3.544012E-15	4.321616E-16
1.800000E+03	3.609846E-15	4.339208E-16
1.840000E+03	3.675752E-15	4.353784E-16
1.880000E+03	3.741613E-15	4.365176E-16
1.920000E+03	3.808105E-15	4.374129E-16
1.960000E+03	3.876095E-15	4.381564E-16
2.000000E+03	3.947304E-15	4.389287E-16
2.040000E+03	4.022363E-15	4.397786E-16
2.080000E+03	4.103373E-15	4.409080E-16
2.120000E+03	4.191911E-15	4.424476E-16
2.160000E+03	4.288923E-15	4.444504E-16
2.200000E+03	4.397486E-15	4.471783E-16
2.240000E+03	4.518732E-15	4.506747E-16
2.280000E+03	4.655245E-15	4.551139E-16
2.320000E+03	4.808112E-15	4.605063E-16
2.360000E+03	4.980593E-15	4.670559E-16
2.400000E+03	5.173120E-15	4.746796E-16
2.440000E+03	5.389411E-15	4.835853E-16
2.480000E+03	5.631190E-15	4.937752E-16
2.520000E+03	5.902094E-15	5.054006E-16
2.560000E+03	6.205201E-15	5.185362E-16
2.600000E+03	6.544498E-15	5.333052E-16
2.640000E+03	6.921644E-15	5.496138E-16
2.680000E+03	7.338628E-15	5.673813E-16
2.720000E+03	7.795712E-15	5.863824E-16
2.760000E+03	8.289385E-15	6.061175E-16
2.800000E+03	8.816411E-15	6.261384E-16
2.840000E+03	9.370657E-15	6.458291E-16
2.880000E+03	9.945282E-15	6.645848E-16
2.920000E+03	1.052903E-14	6.815809E-16
2.960000E+03	1.111389E-14	6.963001E-16
3.000000E+03	1.168362E-14	7.078037E-16
3.010000E+03	1.182159E-14	7.100695E-16
3.020000E+03	1.195811E-14	7.121190E-16
3.030000E+03	1.209296E-14	7.139427E-16
3.040000E+03	1.222446E-14	7.154458E-16
3.050000E+03	1.235379E-14	7.167033E-16
3.060000E+03	1.247925E-14	7.176220E-16
3.070000E+03	1.260203E-14	7.182768E-16
3.080000E+03	1.272187E-14	7.186595E-16
3.090000E+03	1.283708E-14	7.186801E-16
3.100000E+03	1.294887E-14	7.184149E-16
3.110000E+03	1.305698E-14	7.178564E-16
3.120000E+03	1.315971E-14	7.169188E-16
3.130000E+03	1.325829E-14	7.156788E-16
3.140000E+03	1.335103E-14	7.140532E-16
3.150000E+03	1.344063E-14	7.121960E-16
3.160000E+03	1.352396E-14	7.099488E-16
3.170000E+03	1.360081E-14	7.073118E-16
3.180000E+03	1.367245E-14	7.043619E-16
3.190000E+03	1.373870E-14	7.010995E-16
3.200000E+03	1.379941E-14	6.975263E-16
3.210000E+03	1.385441E-14	6.936434E-16
3.220000E+03	1.390208E-14	6.893814E-16
3.230000E+03	1.394378E-14	6.848193E-16
3.240000E+03	1.397794E-14	6.798906E-16
3.250000E+03	1.400593E-14	6.746736E-16
3.260000E+03	1.402910E-14	6.692442E-16
3.270000E+03	1.404309E-14	6.634041E-16
3.280000E+03	1.405216E-14	6.573672E-16
3.290000E+03	1.405343E-14	6.510094E-16
3.300000E+03	1.404974E-14	6.444724E-16
3.310000E+03	1.403827E-14	6.376372E-16
3.320000E+03	1.401908E-14	6.305183E-16
3.330000E+03	1.399502E-14	6.232544E-16
3.340000E+03	1.396338E-14	6.157340E-16
3.350000E+03	1.392562E-14	6.080325E-16
3.360000E+03	1.388187E-14	6.001648E-16
3.370000E+03	1.383224E-14	5.921441E-16
3.380000E+03	1.377687E-14	5.839854E-16
3.390000E+03	1.371460E-14	5.756486E-16
3.400000E+03	1.364694E-14	5.672052E-16
3.410000E+03	1.357404E-14	5.586699E-16
3.420000E+03	1.349613E-14	5.500585E-16
3.430000E+03	1.341339E-14	5.413851E-16
3.440000E+03	1.332604E-14	5.326651E-16
3.450000E+03	1.323430E-14	5.239124E-16
3.460000E+03	1.313722E-14	5.150956E-16
3.470000E+03	1.303625E-14	5.062769E-16
3.480000E+03	1.293169E-14	4.974711E-16
3.490000E+03	1.282497E-14	4.887335E-16
3.500000E+03	1.271312E-14	4.799508E-16
3.510000E+03	1.260015E-14	4.712738E-16
3.520000E+03	1.248558E-14	4.626825E-16
3.530000E+03	1.237006E-14	4.541987E-16
3.540000E+03	1.225322E-14	4.458062E-16
3.550000E+03	1.213780E-14	4.376014E-16
3.560000E+03	1.202234E-14	4.295275E-16
3.570000E+03	1.190942E-14	4.216719E-16
3.580000E+03	1.179755E-14	4.139771E-16
3.590000E+03	1.168820E-14	4.064897E-16
3.600000E+03	1.158175E-14	3.992175E-16
3.610000E+03	1.147853E-14	3.921662E-16
3.620000E+03	1.137884E-14	3.853402E-16
3.630000E+03	1.128287E-14	3.787403E-16
3.640000E+03	1.118991E-14	3.723365E-16
3.650000E+03	1.110184E-14	3.661861E-16
3.660000E+03	1.101779E-14	3.602544E-16
3.670000E+03	1.093692E-14	3.545081E-16
3.680000E+03	1.086084E-14	3.489948E-16
3.690000E+03	1.078774E-14	3.436511E-16
3.700000E+03	1.071913E-14	3.385199E-16
3.710000E+03	1.065312E-14	3.335375E-16
3.720000E+03	1.059031E-14	3.287187E-16
3.730000E+03	1.053040E-14	3.240505E-16
3.740000E+03	1.047307E-14	3.195196E-16
3.750000E+03	1.041798E-14	3.151128E-16
3.760000E+03	1.036479E-14	3.108172E-16
3.770000E+03	1.031238E-14	3.065973E-16
3.780000E+03	1.026186E-14	3.024848E-16
3.790000E+03	1.021213E-14	2.984452E-16
3.800000E+03	1.016208E-14	2.944457E-16
3.810000E+03	1.011208E-14	2.904966E-16
3.820000E+03	1.006177E-14	2.865878E-16
3.830000E+03	1.001080E-14	2.827091E-16
3.840000E+03	9.958819E-15	2.788519E-16
3.850000E+03	9.905524E-15	2.750083E-16
3.860000E+03	9.849955E-15	2.711530E-16
3.870000E+03	9.793177E-15	2.673173E-16
3.880000E+03	9.733642E-15	2.634604E-16
3.890000E+03	9.671812E-15	2.595972E-16
3.900000E+03	9.607527E-15	2.557258E-16
3.910000E+03	9.540055E-15	2.518292E-16
3.920000E+03	9.469961E-15	2.479250E-16
3.930000E+03	9.397820E-15	2.440308E-16
3.940000E+03	9.321858E-15	2.401031E-16
3.950000E+03	9.243940E-15	2.361930E-16
3.960000E+03	9.163009E-15	2.322759E-16
3.970000E+03	9.079807E-15	2.283734E-16
3.980000E+03	8.994525E-15	2.244926E-16
3.990000E+03	8.906840E-15	2.206278E-16
4.000000E+03	8.817562E-15	2.168015E-16
4.010000E+03	8.726956E-15	2.130219E-16
4.020000E+03	8.634789E-15	2.092853E-16
4.030000E+03	8.541881E-15	2.056133E-16
4.040000E+03	8.448027E-15	2.020022E-16
4.050000E+03	8.354026E-15	1.984726E-16
4.060000E+03	8.259678E-15	1.950206E-16
4.070000E+03	8.165750E-15	1.916652E-16
4.080000E+03	8.072496E-15	1.884131E-16
4.090000E+03	7.979708E-15	1.852596E-16
4.100000E+03	7.887646E-15	1.822113E-16
4.110000E+03	7.796992E-15	1.792841E-16
4.120000E+03	7.707532E-15	1.764730E-16
4.130000E+03	7.619916E-15	1.737928E-16
4.140000E+03	7.533521E-15	1.712289E-16
4.150000E+03	7.449797E-15	1.688139E-16
4.160000E+03	7.367715E-15	1.665240E-16
4.170000E+03	7.288261E-15	1.643808E-16
4.180000E+03	7.211201E-15	1.623783E-16
4.190000E+03	7.136671E-15	1.605188E-16
4.200000E+03	7.065138E-15	1.588119E-16
4.210000E+03	6.995909E-15	1.572407E-16
4.220000E+03	6.929714E-15	1.558173E-16
4.230000E+03	6.866113E-15	1.545261E-16
4.240000E+03	6.804970E-15	1.533588E-16
4.250000E+03	6.745737E-15	1.522976E-16
4.260000E+03	6.688824E-15	1.513467E-16
4.270000E+03	6.633544E-15	1.504857E-16
4.280000E+03	6.579503E-15	1.497007E-16
4.290000E+03	6.526268E-15	1.489770E-16
4.300000E+03	6.473397E-15	1.483000E-16
4.310000E+03	6.420147E-15	1.476478E-16
4.320000E+03	6.366764E-15	1.470213E-16
4.330000E+03	6.312308E-15	1.463945E-16
4.340000E+03	6.256838E-15	1.457639E-16
4.350000E+03	6.200169E-15	1.451207E-16
4.360000E+03	6.141890E-15	1.444510E-16
4.370000E+03	6.082249E-15	1.437563E-16
4.380000E+03	6.021262E-15	1.430327E-16
4.390000E+03	5.958732E-15	1.422718E-16
4.400000E+03	5.895085E-15	1.414799E-16
4.410000E+03	5.830513E-15	1.406582E-16
4.420000E+03	5.764992E-15	1.398030E-16
4.430000E+03	5.699060E-15	1.389242E-16
4.440000E+03	5.632754E-15	1.380203E-16
4.450000E+03	5.566636E-15	1.371027E-16
4.460000E+03	5.500762E-15	1.361708E-16
4.470000E+03	5.435438E-15	1.352303E-16
4.480000E+03	5.371186E-15	1.342930E-16
4.490000E+03	5.308034E-15	1.333582E-16
4.500000E+03	5.246229E-15	1.324313E-16
4.510000E+03	5.186218E-15	1.315229E-16
4.520000E+03	5.127967E-15	1.306315E-16
4.530000E+03	5.071654E-15	1.297615E-16
4.540000E+03	5.017646E-15	1.289220E-16
4.550000E+03	4.965648E-15	1.281054E-16
4.560000E+03	4.916201E-15	1.273257E-16
4.570000E+03	4.869190E-15	1.265800E-16
4.580000E+03	4.824702E-15	1.258709E-16
4.590000E+03	4.783004E-15	1.252056E-16
4.600000E+03	4.743755E-15	1.245754E-16
4.610000E+03	4.707203E-15	1.239872E-16
4.620000E+03	4.673378E-15	1.234422E-16
4.630000E+03	4.642495E-15	1.229462E-16
4.640000E+03	4.614181E-15	1.224899E-16
4.650000E+03	4.588814E-15	1.220834E-16
4.660000E+03	4.566009E-15	1.217168E-16
4.670000E+03	4.545931E-15	1.213948E-16
4.680000E+03	4.528723E-15	1.211213E-16
4.690000E+03	4.513979E-15	1.208856E-16
4.700000E+03	4.501820E-15	1.206909E-16
4.710000E+03	4.492175E-15	1.205355E-16
4.720000E+03	4.484960E-15	1.204169E-16
4.730000E+03	4.479902E-15	1.203278E-16
4.740000E+03	4.477239E-15	1.202744E-16
4.750000E+03	4.476499E-15	1.202437E-16
4.760000E+03	4.477891E-15	1.202411E-16
4.770000E+03	4.480916E-15	1.202530E-16
4.780000E+03	4.485413E-15	1.202745E-16
4.790000E+03	4.491548E-15	1.203099E-16
4.800000E+03	4.498964E-15	1.203492E-16
4.810000E+03	4.507295E-15	1.203821E-16
4.820000E+03	4.516512E-15	1.204076E-16
4.830000E+03	4.526412E-15	1.204198E-16
4.840000E+03	4.536620E-15	1.204085E-16
4.850000E+03	4.547278E-15	1.203772E-16
4.860000E+03	4.557856E-15	1.203116E-16
4.870000E+03	4.568344E-15	1.202113E-16
4.880000E+03	4.578581E-15	1.200720E-16
4.890000E+03	4.588259E-15	1.198856E-16
4.900000E+03	4.597428E-15	1.196535E-16
4.910000E+03	4.605999E-15	1.193736E-16
4.920000E+03	4.613910E-15	1.190445E-16
4.930000E+03	4.620961E-15	1.186615E-16
4.940000E+03	4.627318E-15	1.182291E-16
4.950000E+03	4.633006E-15	1.177486E-16
4.960000E+03	4.638078E-15	1.172217E-16
4.970000E+03	4.642444E-15	1.166467E-16
4.980000E+03	4.646368E-15	1.160309E-16
4.990000E+03	4.649967E-15	1.153777E-16
5.000000E+03	4.653369E-15	1.146910E-16
5.010000E+03	4.656550E-15	1.139707E-16
5.020000E+03	4.659988E-15	1.132290E-16
5.030000E+03	4.663505E-15	1.124620E-16
5.040000E+03	4.667256E-15	1.116741E-16
5.050000E+03	4.671726E-15	1.108773E-16
5.060000E+03	4.676736E-15	1.100676E-16
5.070000E+03	4.682599E-15	1.092527E-16
5.080000E+03	4.689458E-15	1.084362E-16
5.090000E+03	4.697283E-15	1.076177E-16
5.100000E+03	4.706528E-15	1.068075E-16
5.110000E+03	4.716981E-15	1.060011E-16
5.120000E+03	4.728908E-15	1.052045E-16
5.130000E+03	4.742399E-15	1.044196E-16
5.140000E+03	4.757364E-15	1.036447E-16
5.150000E+03	4.774188E-15	1.028880E-16
5.160000E+03	4.792579E-15	1.021434E-16
5.170000E+03	4.812720E-15	1.014149E-16
5.180000E+03	4.834608E-15	1.007026E-16
5.190000E+03	4.858216E-15	1.000062E-16
5.200000E+03	4.883330E-15	9.932184E-17
5.210000E+03	4.910045E-15	9.865204E-17
5.220000E+03	4.938440E-15	9.799911E-17
5.230000E+03	4.968061E-15	9.735500E-17
5.240000E+03	4.998939E-15	9.672165E-17
5.250000E+03	5.030916E-15	9.609749E-17
5.260000E+03	5.063637E-15	9.547765E-17
5.270000E+03	5.097243E-15	9.486697E-17
5.280000E+03	5.131331E-15	9.426042E-17
5.290000E+03	5.165473E-15	9.365307E-17
5.300000E+03	5.199558E-15	9.304633E-17
5.310000E+03	5.233455E-15	9.244154E-17
5.320000E+03	5.266467E-15	9.183052E-17
5.330000E+03	5.298399E-15	9.121457E-17
5.340000E+03	5.328849E-15	9.059177E-17
5.350000E+03	5.357382E-15	8.996019E-17
5.360000E+03	5.383538E-15	8.931790E-17
5.370000E+03	5.406836E-15	8.866310E-17
5.380000E+03	5.426785E-15	8.799415E-17
5.390000E+03	5.442899E-15	8.730979E-17
5.400000E+03	5.454722E-15	8.660942E-17
5.410000E+03	5.461865E-15	8.589354E-17
5.420000E+03	5.463882E-15	8.516160E-17
5.430000E+03	5.461104E-15	8.442490E-17
5.440000E+03	5.453605E-15	8.369007E-17
5.450000E+03	5.441813E-15	8.296849E-17
5.460000E+03	5.426244E-15	8.227208E-17
5.470000E+03	5.407458E-15	8.161245E-17
5.480000E+03	5.386023E-15	8.099780E-17
5.490000E+03	5.362679E-15	8.043502E-17
5.500000E+03	5.337601E-15	7.992182E-17
5.510000E+03	5.311468E-15	7.946316E-17
5.520000E+03	5.284922E-15	7.906312E-17
5.530000E+03	5.258036E-15	7.871714E-17
5.540000E+03	5.231548E-15	7.843064E-17
5.550000E+03	5.205631E-15	7.820059E-17
5.560000E+03	5.180602E-15	7.802628E-17
5.570000E+03	5.156744E-15	7.790667E-17
5.580000E+03	5.134311E-15	7.784051E-17
5.590000E+03	5.113535E-15	7.782648E-17
5.600000E+03	5.094789E-15	7.786570E-17
5.610000E+03	5.078088E-15	7.795414E-17
5.620000E+03	5.063601E-15	7.809037E-17
5.630000E+03	5.051477E-15	7.827295E-17
5.640000E+03	5.041854E-15	7.850054E-17
5.650000E+03	5.035020E-15	7.877444E-17
5.660000E+03	5.030916E-15	7.909075E-17
5.670000E+03	5.029641E-15	7.944823E-17
5.680000E+03	5.031275E-15	7.984560E-17
5.690000E+03	5.036060E-15	8.028426E-17
5.700000E+03	5.043884E-15	8.076022E-17
5.710000E+03	5.054796E-15	8.127209E-17
5.720000E+03	5.068997E-15	8.182105E-17
5.730000E+03	5.086170E-15	8.240005E-17
5.740000E+03	5.106832E-15	8.301555E-17
5.750000E+03	5.130472E-15	8.365738E-17
5.760000E+03	5.157416E-15	8.432898E-17
5.770000E+03	5.187470E-15	8.502535E-17
5.780000E+03	5.220773E-15	8.574693E-17
5.790000E+03	5.256942E-15	8.648553E-17
5.800000E+03	5.296456E-15	8.724715E-17
5.810000E+03	5.338743E-15	8.802042E-17
5.820000E+03	5.384293E-15	8.881144E-17
5.830000E+03	5.432527E-15	8.960868E-17
5.840000E+03	5.483770E-15	9.041540E-17
5.850000E+03	5.537816E-15	9.122610E-17
5.860000E+03	5.594837E-15	9.204150E-17
5.870000E+03	5.654841E-15	9.285950E-17
5.880000E+03	5.717470E-15	9.367199E-17
5.890000E+03	5.783344E-15	9.448683E-17
5.900000E+03	5.851956E-15	9.529337E-17
5.910000E+03	5.923792E-15	9.609718E-17
5.920000E+03	5.998987E-15	9.689795E-17
5.930000E+03	6.077504E-15	9.769254E-17
5.940000E+03	6.159741E-15	9.848475E-17
5.950000E+03	6.245723E-15	9.927227E-17
5.960000E+03	6.335921E-15	1.000598E-16
5.970000E+03	6.430413E-15	1.008456E-16
5.980000E+03	6.529732E-15	1.016351E-16
5.990000E+03	6.634220E-15	1.024304E-16
6.000000E+03	6.744007E-15	1.032302E-16
6.010000E+03	6.859443E-15	1.040364E-16
6.020000E+03	6.981344E-15	1.048579E-16
6.030000E+03	7.109335E-15	1.056854E-16
6.040000E+03	7.244433E-15	1.065302E-16
6.050000E+03	7.386400E-15	1.073852E-16
6.060000E+03	7.535407E-15	1.082493E-16
6.070000E+03	7.692048E-15	1.091275E-16
6.080000E+03	7.855779E-15	1.100087E-16
6.090000E+03	8.026406E-15	1.108878E-16
6.100000E+03	8.203836E-15	1.117613E-16
6.110000E+03	8.387504E-15	1.126205E-16
6.120000E+03	8.576597E-15	1.134542E-16
6.130000E+03	8.769718E-15	1.142455E-16
6.140000E+03	8.965737E-15	1.149829E-16
6.150000E+03	9.162575E-15	1.156453E-16
6.160000E+03	9.358705E-15	1.162213E-16
6.170000E+03	9.550957E-15	1.166822E-16
6.180000E+03	9.736715E-15	1.170103E-16
6.190000E+03	9.912338E-15	1.171792E-16
6.200000E+03	1.007453E-14	1.171712E-16
6.210000E+03	1.021944E-14	1.169662E-16
6.220000E+03	1.034309E-14	1.165467E-16
6.230000E+03	1.044124E-14	1.158958E-16
6.240000E+03	1.051063E-14	1.150108E-16
6.250000E+03	1.054830E-14	1.138934E-16
6.260000E+03	1.055224E-14	1.125561E-16
6.270000E+03	1.052188E-14	1.110252E-16
6.280000E+03	1.045843E-14	1.093427E-16
6.290000E+03	1.036663E-14	1.075825E-16
6.300000E+03	1.025267E-14	1.058275E-16
6.310000E+03	1.012354E-14	1.041625E-16
6.320000E+03	9.986252E-15	1.026672E-16
6.330000E+03	9.847107E-15	1.014095E-16
6.340000E+03	9.712359E-15	1.004522E-16
6.350000E+03	9.587006E-15	9.983229E-17
6.360000E+03	9.475079E-15	9.957351E-17
6.370000E+03	9.379657E-15	9.969147E-17
6.380000E+03	9.302938E-15	1.001952E-16
6.390000E+03	9.246337E-15	1.010886E-16
6.400000E+03	9.210272E-15	1.023673E-16
6.410000E+03	9.195565E-15	1.040346E-16
6.420000E+03	9.201264E-15	1.060761E-16
6.430000E+03	9.226989E-15	1.084859E-16
6.440000E+03	9.271701E-15	1.112517E-16
6.450000E+03	9.334390E-15	1.143622E-16
6.460000E+03	9.412811E-15	1.177916E-16
6.470000E+03	9.505461E-15	1.215224E-16
6.480000E+03	9.609970E-15	1.255250E-16
6.490000E+03	9.724799E-15	1.297794E-16
6.500000E+03	9.847243E-15	1.342484E-16
6.510000E+03	9.974811E-15	1.388953E-16
6.520000E+03	1.010492E-14	1.436794E-16
6.530000E+03	1.023492E-14	1.485566E-16
6.540000E+03	1.036217E-14	1.534796E-16
6.550000E+03	1.048367E-14	1.583931E-16
6.560000E+03	1.059761E-14	1.632566E-16
6.570000E+03	1.070118E-14	1.680123E-16
6.580000E+03	1.079211E-14	1.726079E-16
6.590000E+03	1.086837E-14	1.769923E-16
6.600000E+03	1.092816E-14	1.811169E-16
6.610000E+03	1.096998E-14	1.849365E-16
6.620000E+03	1.099268E-14	1.884106E-16
6.630000E+03	1.099545E-14	1.915041E-16
6.640000E+03	1.097782E-14	1.941882E-16
6.650000E+03	1.094011E-14	1.964480E-16
6.660000E+03	1.088175E-14	1.982542E-16
6.670000E+03	1.080371E-14	1.996060E-16
6.680000E+03	1.070722E-14	2.005093E-16
6.690000E+03	1.059298E-14	2.009625E-16
6.700000E+03	1.046190E-14	2.009697E-16
6.710000E+03	1.031621E-14	2.005622E-16
6.720000E+03	1.015712E-14	1.997542E-16
6.730000E+03	9.986300E-15	1.985711E-16
6.740000E+03	9.805454E-15	1.970413E-16
6.750000E+03	9.616656E-15	1.952027E-16
6.760000E+03	9.420895E-15	1.930734E-16
6.770000E+03	9.220510E-15	1.907006E-16
6.780000E+03	9.016392E-15	1.881036E-16
6.790000E+03	8.810687E-15	1.853292E-16
6.800000E+03	8.604428E-15	1.824024E-16
6.810000E+03	8.398872E-15	1.793537E-16
6.820000E+03	8.195146E-15	1.762119E-16
6.830000E+03	7.994548E-15	1.730101E-16
6.840000E+03	7.797357E-15	1.697602E-16
6.850000E+03	7.604905E-15	1.664969E-16
6.860000E+03	7.417528E-15	1.632339E-16
6.870000E+03	7.235742E-15	1.599887E-16
6.880000E+03	7.059959E-15	1.567765E-16
6.890000E+03	6.890492E-15	1.536102E-16
6.900000E+03	6.727561E-15	1.505006E-16
6.910000E+03	6.571552E-15	1.474620E-16
6.920000E+03	6.422044E-15	1.444903E-16
6.930000E+03	6.279524E-15	1.416015E-16
6.940000E+03	6.143703E-15	1.387939E-16
6.950000E+03	6.014483E-15	1.360696E-16
6.960000E+03	5.891728E-15	1.334297E-16
6.970000E+03	5.775483E-15	1.308791E-16
6.980000E+03	5.665113E-15	1.284067E-16
6.990000E+03	5.560824E-15	1.260205E-16
7.000000E+03	5.461959E-15	1.237084E-16
7.010000E+03	5.368675E-15	1.214766E-16
7.020000E+03	5.280502E-15	1.193167E-16
7.030000E+03	5.197172E-15	1.172250E-16
7.040000E+03	5.118416E-15	1.151973E-16
7.050000E+03	5.043962E-15	1.132291E-16
7.060000E+03	4.973728E-15	1.113202E-16
7.070000E+03	4.907072E-15	1.094577E-16
7.080000E+03	4.843926E-15	1.076415E-16
7.090000E+03	4.784220E-15	1.058712E-16
7.100000E+03	4.727351E-15	1.041346E-16
7.110000E+03	4.673447E-15	1.024357E-16
7.120000E+03	4.622109E-15	1.007667E-16
7.130000E+03	4.573129E-15	9.912438E-17
7.140000E+03	4.526147E-15	9.750180E-17
7.150000E+03	4.481323E-15	9.590357E-17
7.160000E+03	4.438321E-15	9.432356E-17
7.170000E+03	4.396985E-15	9.275958E-17
7.180000E+03	4.357176E-15	9.120985E-17
7.190000E+03	4.318603E-15	8.966956E-17
7.200000E+03	4.281478E-15	8.814444E-17
7.210000E+03	4.245532E-15	8.663024E-17
7.220000E+03	4.210672E-15	8.512650E-17
7.230000E+03	4.176813E-15	8.363305E-17
7.240000E+03	4.143720E-15	8.214684E-17
7.250000E+03	4.111646E-15	8.067461E-17
7.260000E+03	4.080216E-15	7.921084E-17
7.270000E+03	4.049691E-15	7.776257E-17
7.280000E+03	4.019717E-15	7.632501E-17
7.290000E+03	3.990565E-15	7.490557E-17
7.300000E+03	3.961893E-15	7.350014E-17
7.310000E+03	3.933834E-15	7.211370E-17
7.320000E+03	3.906365E-15	7.074851E-17
7.330000E+03	3.879474E-15	6.940714E-17
7.340000E+03	3.853004E-15	6.808976E-17
7.350000E+03	3.827251E-15	6.680478E-17
7.360000E+03	3.801924E-15	6.555039E-17
7.370000E+03	3.777326E-15	6.433534E-17
7.380000E+03	3.753181E-15	6.315856E-17
7.390000E+03	3.729657E-15	6.202677E-17
7.400000E+03	3.706636E-15	6.094206E-17
7.410000E+03	3.684442E-15	5.991396E-17
7.420000E+03	3.662820E-15	5.894263E-17
7.430000E+03	3.641960E-15	5.803561E-17
7.440000E+03	3.621902E-15	5.719814E-17
7.450000E+03	3.602550E-15	5.643338E-17
7.460000E+03	3.584236E-15	5.575123E-17
7.470000E+03	3.566722E-15	5.515268E-17
7.480000E+03	3.550056E-15	5.464319E-17
7.490000E+03	3.534556E-15	5.423220E-17
7.500000E+03	3.519981E-15	5.392045E-17
7.510000E+03	3.506501E-15	5.371473E-17
7.520000E+03	3.494138E-15	5.361931E-17
7.530000E+03	3.482766E-15	5.363585E-17
7.540000E+03	3.472526E-15	5.376972E-17
7.550000E+03	3.463404E-15	5.402324E-17
7.560000E+03	3.455236E-15	5.439340E-17
7.570000E+03	3.448109E-15	5.487930E-17
7.580000E+03	3.441955E-15	5.547717E-17
7.590000E+03	3.436542E-15	5.618026E-17
7.600000E+03	3.431881E-15	5.698546E-17
7.610000E+03	3.427678E-15	5.788435E-17
7.620000E+03	3.424010E-15	5.887446E-17
7.630000E+03	3.420232E-15	5.994066E-17
7.640000E+03	3.416471E-15	6.108082E-17
7.650000E+03	3.412132E-15	6.227976E-17
7.660000E+03	3.406854E-15	6.352578E-17
7.670000E+03	3.400514E-15	6.481117E-17
7.680000E+03	3.392293E-15	6.611446E-17
7.690000E+03	3.382191E-15	6.742910E-17
7.700000E+03	3.369563E-15	6.873540E-17
7.710000E+03	3.354131E-15	7.002011E-17
7.720000E+03	3.335937E-15	7.127629E-17
7.730000E+03	3.315087E-15	7.249850E-17
7.740000E+03	3.291657E-15	7.368082E-17
7.750000E+03	3.266040E-15	7.482489E-17
7.760000E+03	3.238385E-15	7.592748E-17
7.770000E+03	3.209112E-15	7.699228E-17
7.780000E+03	3.178496E-15	7.802048E-17
7.790000E+03	3.146667E-15	7.901036E-17
7.800000E+03	3.113869E-15	7.996356E-17
7.810000E+03	3.080448E-15	8.088512E-17
7.820000E+03	3.046602E-15	8.177699E-17
7.830000E+03	3.012377E-15	8.263766E-17
7.840000E+03	2.977930E-15	8.346886E-17
7.850000E+03	2.943521E-15	8.427589E-17
7.860000E+03	2.909265E-15	8.506047E-17
7.870000E+03	2.875142E-15	8.582081E-17
7.880000E+03	2.841361E-15	8.656203E-17
7.890000E+03	2.807880E-15	8.728217E-17
7.900000E+03	2.774764E-15	8.798268E-17
7.910000E+03	2.742187E-15	8.866869E-17
7.920000E+03	2.710197E-15	8.934176E-17
7.930000E+03	2.678721E-15	8.999962E-17
7.940000E+03	2.647908E-15	9.064750E-17
7.950000E+03	2.617679E-15	9.128306E-17
7.960000E+03	2.588175E-15	9.191166E-17
7.970000E+03	2.559306E-15	9.253082E-17
7.980000E+03	2.531099E-15	9.314207E-17
7.990000E+03	2.503787E-15	9.375482E-17
8.000000E+03	2.477066E-15	9.435871E-17
8.010000E+03	2.451163E-15	9.496320E-17
8.020000E+03	2.426091E-15	9.556991E-17
8.030000E+03	2.401755E-15	9.617628E-17
8.040000E+03	2.378269E-15	9.678792E-17
8.050000E+03	2.355537E-15	9.740223E-17
8.060000E+03	2.333566E-15	9.802062E-17
8.070000E+03	2.312561E-15	9.865309E-17
8.080000E+03	2.292224E-15	9.928822E-17
8.090000E+03	2.272756E-15	9.993603E-17
8.100000E+03	2.254156E-15	1.005979E-16
8.110000E+03	2.236323E-15	1.012706E-16
8.120000E+03	2.219352E-15	1.019601E-16
8.130000E+03	2.203140E-15	1.026628E-16
8.140000E+03	2.187779E-15	1.033847E-16
8.150000E+03	2.173165E-15	1.041219E-16
8.160000E+03	2.159385E-15	1.048803E-16
8.170000E+03	2.146333E-15	1.056561E-16
8.180000E+03	2.134094E-15	1.064547E-16
8.190000E+03	2.122559E-15	1.072722E-16
8.200000E+03	2.111810E-15	1.081141E-16
8.210000E+03	2.101737E-15	1.089760E-16
8.220000E+03	2.092419E-15	1.098633E-16
8.230000E+03	2.083743E-15	1.107715E-16
8.240000E+03	2.075786E-15	1.117058E-16
8.250000E+03	2.068529E-15	1.126666E-16
8.260000E+03	2.061856E-15	1.136486E-16
8.270000E+03	2.055745E-15	1.146518E-16
8.280000E+03	2.050363E-15	1.156866E-16
8.290000E+03	2.045403E-15	1.167368E-16
8.300000E+03	2.041028E-15	1.178126E-16
8.310000E+03	2.037212E-15	1.189136E-16
8.320000E+03	2.033930E-15	1.200392E-16
8.330000E+03	2.031058E-15	1.211831E-16
8.340000E+03	2.028570E-15	1.223444E-16
8.350000E+03	2.026528E-15	1.235276E-16
8.360000E+03	2.024904E-15	1.247317E-16
8.370000E+03	2.023572E-15	1.259497E-16
8.380000E+03	2.022596E-15	1.271862E-16
8.390000E+03	2.021944E-15	1.284395E-16
8.400000E+03	2.021487E-15	1.297023E-16
8.410000E+03	2.021289E-15	1.309787E-16
8.420000E+03	2.021220E-15	1.322609E-16
8.430000E+03	2.021343E-15	1.335531E-16
8.440000E+03	2.021626E-15	1.348535E-16
8.450000E+03	2.021936E-15	1.361535E-16
8.460000E+03	2.022337E-15	1.374573E-16
8.470000E+03	2.022699E-15	1.387562E-16
8.480000E+03	2.023088E-15	1.400547E-16
8.490000E+03	2.023469E-15	1.413502E-16
8.500000E+03	2.023713E-15	1.426338E-16
8.510000E+03	2.023888E-15	1.439098E-16
8.520000E+03	2.023965E-15	1.451760E-16
8.530000E+03	2.023914E-15	1.464301E-16
8.540000E+03	2.023607E-15	1.476624E-16
8.550000E+03	2.023118E-15	1.488780E-16
8.560000E+03	2.022322E-15	1.500670E-16
8.570000E+03	2.021295E-15	1.512347E-16
8.580000E+03	2.020017E-15	1.523790E-16
8.590000E+03	2.018468E-15	1.534980E-16
8.600000E+03	2.016527E-15	1.545818E-16
8.610000E+03	2.014281E-15	1.556365E-16
8.620000E+03	2.011715E-15	1.566602E-16
8.630000E+03	2.008713E-15	1.576434E-16
8.640000E+03	2.005474E-15	1.586009E-16
8.650000E+03	2.001780E-15	1.595150E-16
8.660000E+03	1.997625E-15	1.603842E-16
8.670000E+03	1.993215E-15	1.612245E-16
8.680000E+03	1.988335E-15	1.620179E-16
8.690000E+03	1.983092E-15	1.627723E-16
8.700000E+03	1.977487E-15	1.634871E-16
8.710000E+03	1.971522E-15	1.641619E-16
8.720000E+03	1.965097E-15	1.647877E-16
8.730000E+03	1.958323E-15	1.653730E-16
8.740000E+03	1.951209E-15	1.659180E-16
8.750000E+03	1.943762E-15	1.664228E-16
8.760000E+03	1.935995E-15	1.668879E-16
8.770000E+03	1.927813E-15	1.673044E-16
8.780000E+03	1.919440E-15	1.676914E-16
8.790000E+03	1.910680E-15	1.680312E-16
8.800000E+03	1.901652E-15	1.683337E-16
8.810000E+03	1.892372E-15	1.686000E-16
8.820000E+03	1.882857E-15	1.688312E-16
8.830000E+03	1.873124E-15	1.690284E-16
8.840000E+03	1.863084E-15	1.691833E-16
8.850000E+03	1.852968E-15	1.693164E-16
8.860000E+03	1.842686E-15	1.694193E-16
8.870000E+03	1.832151E-15	1.694840E-16
8.880000E+03	1.821488E-15	1.695214E-16
8.890000E+03	1.810820E-15	1.695430E-16
8.900000E+03	1.799952E-15	1.695306E-16
8.910000E+03	1.789009E-15	1.694956E-16
8.920000E+03	1.778007E-15	1.694395E-16
8.930000E+03	1.766961E-15	1.693638E-16
8.940000E+03	1.755993E-15	1.692801E-16
8.950000E+03	1.744908E-15	1.691697E-16
8.960000E+03	1.733826E-15	1.690441E-16
8.970000E+03	1.722759E-15	1.689047E-16
8.980000E+03	1.711720E-15	1.687527E-16
8.990000E+03	1.700824E-15	1.685999E-16
9.000000E+03	1.689876E-15	1.684268E-16
9.040000E+03	1.646983E-15	1.676768E-16
9.080000E+03	1.605636E-15	1.668555E-16
9.120000E+03	1.566319E-15	1.660274E-16
9.160000E+03	1.529012E-15	1.652069E-16
9.200000E+03	1.493861E-15	1.644254E-16
9.240000E+03	1.460591E-15	1.636684E-16
9.280000E+03	1.429160E-15	1.629457E-16
9.320000E+03	1.399298E-15	1.622396E-16
9.360000E+03	1.370742E-15	1.615308E-16
9.400000E+03	1.343355E-15	1.608134E-16
9.440000E+03	1.316828E-15	1.600589E-16
9.480000E+03	1.291282E-15	1.592895E-16
9.520000E+03	1.266236E-15	1.584529E-16
9.560000E+03	1.241842E-15	1.575735E-16
9.600000E+03	1.217865E-15	1.566268E-16
9.640000E+03	1.194207E-15	1.556047E-16
9.680000E+03	1.170929E-15	1.545191E-16
9.720000E+03	1.147837E-15	1.533482E-16
9.760000E+03	1.125297E-15	1.521448E-16
9.800000E+03	1.103178E-15	1.508957E-16
9.840000E+03	1.081549E-15	1.496146E-16
9.880000E+03	1.060565E-15	1.483275E-16
9.920000E+03	1.040147E-15	1.470283E-16
9.960000E+03	1.020288E-15	1.457205E-16
1.000000E+04	1.000959E-15	1.444042E-16
1.004000E+04	9.822159E-16	1.430918E-16
1.008000E+04	9.638040E-16	1.417500E-16
1.012000E+04	9.457899E-16	1.403918E-16
1.016000E+04	9.281540E-16	1.390175E-16
1.020000E+04	9.106811E-16	1.375979E-16
1.024000E+04	8.935797E-16	1.361669E-16
1.028000E+04	8.767499E-16	1.347121E-16
1.032000E+04	8.601986E-16	1.332372E-16
