#wls	flux	fluxerr
1.600000E+03	3.092678E-15	3.010817E-16
1.640000E+03	3.160787E-15	3.053270E-16
1.680000E+03	3.230152E-15	3.095529E-16
1.720000E+03	3.299189E-15	3.136037E-16
1.760000E+03	3.369161E-15	3.175968E-16
1.800000E+03	3.439654E-15	3.214892E-16
1.840000E+03	3.511479E-15	3.253527E-16
1.880000E+03	3.584286E-15	3.291496E-16
1.920000E+03	3.659001E-15	3.329596E-16
1.960000E+03	3.735355E-15	3.367517E-16
2.000000E+03	3.814418E-15	3.406151E-16
2.040000E+03	3.896040E-15	3.445276E-16
2.080000E+03	3.980811E-15	3.485319E-16
2.120000E+03	4.070826E-15	3.527995E-16
2.160000E+03	4.164861E-15	3.572092E-16
2.200000E+03	4.266003E-15	3.620098E-16
2.240000E+03	4.373152E-15	3.670868E-16
2.280000E+03	4.489613E-15	3.726943E-16
2.320000E+03	4.614879E-15	3.787612E-16
2.360000E+03	4.749768E-15	3.853244E-16
2.400000E+03	4.896693E-15	3.925452E-16
2.440000E+03	5.053990E-15	4.002518E-16
2.480000E+03	5.224905E-15	4.086625E-16
2.520000E+03	5.408450E-15	4.176549E-16
2.560000E+03	5.606134E-15	4.273004E-16
2.600000E+03	5.817530E-15	4.375176E-16
2.640000E+03	6.043763E-15	4.483417E-16
2.680000E+03	6.284363E-15	4.596854E-16
2.720000E+03	6.537036E-15	4.713318E-16
2.760000E+03	6.800976E-15	4.831766E-16
2.800000E+03	7.073853E-15	4.950115E-16
2.840000E+03	7.351593E-15	5.065169E-16
2.880000E+03	7.631838E-15	5.175073E-16
2.920000E+03	7.909248E-15	5.276086E-16
2.960000E+03	8.181638E-15	5.366776E-16
3.000000E+03	8.441159E-15	5.442167E-16
3.010000E+03	8.503347E-15	5.458228E-16
3.020000E+03	8.564263E-15	5.473066E-16
3.030000E+03	8.623813E-15	5.486631E-16
3.040000E+03	8.681893E-15	5.498868E-16
3.050000E+03	8.738403E-15	5.509726E-16
3.060000E+03	8.794627E-15	5.520022E-16
3.070000E+03	8.847692E-15	5.527965E-16
3.080000E+03	8.898873E-15	5.534373E-16
3.090000E+03	8.949472E-15	5.540067E-16
3.100000E+03	8.996573E-15	5.543257E-16
3.110000E+03	9.042889E-15	5.545635E-16
3.120000E+03	9.085481E-15	5.545414E-16
3.130000E+03	9.127081E-15	5.544287E-16
3.140000E+03	9.164732E-15	5.540473E-16
3.150000E+03	9.201187E-15	5.535664E-16
3.160000E+03	9.234909E-15	5.528950E-16
3.170000E+03	9.264350E-15	5.519432E-16
3.180000E+03	9.292289E-15	5.508797E-16
3.190000E+03	9.317184E-15	5.496148E-16
3.200000E+03	9.338931E-15	5.481452E-16
3.210000E+03	9.355983E-15	5.463833E-16
3.220000E+03	9.371144E-15	5.444962E-16
3.230000E+03	9.382871E-15	5.423967E-16
3.240000E+03	9.391076E-15	5.400827E-16
3.250000E+03	9.395673E-15	5.375525E-16
3.260000E+03	9.396582E-15	5.348049E-16
3.270000E+03	9.393728E-15	5.318392E-16
3.280000E+03	9.387040E-15	5.286547E-16
3.290000E+03	9.376456E-15	5.252516E-16
3.300000E+03	9.363354E-15	5.217103E-16
3.310000E+03	9.344808E-15	5.178712E-16
3.320000E+03	9.322218E-15	5.138163E-16
3.330000E+03	9.295551E-15	5.095478E-16
3.340000E+03	9.266196E-15	5.051452E-16
3.350000E+03	9.231308E-15	5.004569E-16
3.360000E+03	9.192303E-15	4.955645E-16
3.370000E+03	9.150584E-15	4.905471E-16
3.380000E+03	9.103382E-15	4.852598E-16
3.390000E+03	9.052132E-15	4.797839E-16
3.400000E+03	8.998247E-15	4.741977E-16
3.410000E+03	8.939059E-15	4.683641E-16
3.420000E+03	8.877361E-15	4.624335E-16
3.430000E+03	8.811893E-15	4.563434E-16
3.440000E+03	8.741455E-15	4.500356E-16
3.450000E+03	8.668832E-15	4.436573E-16
3.460000E+03	8.591564E-15	4.370857E-16
3.470000E+03	8.512430E-15	4.304658E-16
3.480000E+03	8.430338E-15	4.237445E-16
3.490000E+03	8.345525E-15	4.169366E-16
3.500000E+03	8.257027E-15	4.099971E-16
3.510000E+03	8.167636E-15	4.030671E-16
3.520000E+03	8.076446E-15	3.961034E-16
3.530000E+03	7.983824E-15	3.891256E-16
3.540000E+03	7.890160E-15	3.821542E-16
3.550000E+03	7.794693E-15	3.751537E-16
3.560000E+03	7.700156E-15	3.682566E-16
3.570000E+03	7.605778E-15	3.614257E-16
3.580000E+03	7.511958E-15	3.546798E-16
3.590000E+03	7.419085E-15	3.480369E-16
3.600000E+03	7.327541E-15	3.415140E-16
3.610000E+03	7.237693E-15	3.351272E-16
3.620000E+03	7.149899E-15	3.288915E-16
3.630000E+03	7.064495E-15	3.228206E-16
3.640000E+03	6.981803E-15	3.169271E-16
3.650000E+03	6.902121E-15	3.112222E-16
3.660000E+03	6.825719E-15	3.057152E-16
3.670000E+03	6.752835E-15	3.004142E-16
3.680000E+03	6.684645E-15	2.953680E-16
3.690000E+03	6.619349E-15	2.904935E-16
3.700000E+03	6.558053E-15	2.858365E-16
3.710000E+03	6.500840E-15	2.813973E-16
3.720000E+03	6.447755E-15	2.771741E-16
3.730000E+03	6.398804E-15	2.731639E-16
3.740000E+03	6.354887E-15	2.694012E-16
3.750000E+03	6.314105E-15	2.658019E-16
3.760000E+03	6.277318E-15	2.623993E-16
3.770000E+03	6.244438E-15	2.591865E-16
3.780000E+03	6.216263E-15	2.561931E-16
3.790000E+03	6.190889E-15	2.533374E-16
3.800000E+03	6.169101E-15	2.506491E-16
3.810000E+03	6.150769E-15	2.481201E-16
3.820000E+03	6.136636E-15	2.457775E-16
3.830000E+03	6.124789E-15	2.435418E-16
3.840000E+03	6.115949E-15	2.414399E-16
3.850000E+03	6.109944E-15	2.394630E-16
3.860000E+03	6.107458E-15	2.376355E-16
3.870000E+03	6.106559E-15	2.358802E-16
3.880000E+03	6.107917E-15	2.342219E-16
3.890000E+03	6.112195E-15	2.326845E-16
3.900000E+03	6.117450E-15	2.311925E-16
3.910000E+03	6.124338E-15	2.297703E-16
3.920000E+03	6.133518E-15	2.284415E-16
3.930000E+03	6.143046E-15	2.271330E-16
3.940000E+03	6.153587E-15	2.258694E-16
3.950000E+03	6.164937E-15	2.246432E-16
3.960000E+03	6.177778E-15	2.234788E-16
3.970000E+03	6.190195E-15	2.223070E-16
3.980000E+03	6.202892E-15	2.211539E-16
3.990000E+03	6.216595E-15	2.200456E-16
4.000000E+03	6.229438E-15	2.189165E-16
4.010000E+03	6.242186E-15	2.177945E-16
4.020000E+03	6.254756E-15	2.166777E-16
4.030000E+03	6.267955E-15	2.155945E-16
4.040000E+03	6.279988E-15	2.144841E-16
4.050000E+03	6.291689E-15	2.133762E-16
4.060000E+03	6.303029E-15	2.122709E-16
4.070000E+03	6.314856E-15	2.111976E-16
4.080000E+03	6.325395E-15	2.100977E-16
4.090000E+03	6.335495E-15	2.090009E-16
4.100000E+03	6.345129E-15	2.079076E-16
4.110000E+03	6.354276E-15	2.068180E-16
4.120000E+03	6.362923E-15	2.057329E-16
4.130000E+03	6.371941E-15	2.046814E-16
4.140000E+03	6.379594E-15	2.036086E-16
4.150000E+03	6.386791E-15	2.025451E-16
4.160000E+03	6.393586E-15	2.014935E-16
4.170000E+03	6.400052E-15	2.004574E-16
4.180000E+03	6.406271E-15	1.994401E-16
4.190000E+03	6.412332E-15	1.984454E-16
4.200000E+03	6.418321E-15	1.974768E-16
4.210000E+03	6.424309E-15	1.965374E-16
4.220000E+03	6.430347E-15	1.956293E-16
4.230000E+03	6.436458E-15	1.947542E-16
4.240000E+03	6.442633E-15	1.939124E-16
4.250000E+03	6.448825E-15	1.931033E-16
4.260000E+03	6.454072E-15	1.922989E-16
4.270000E+03	6.459995E-15	1.915485E-16
4.280000E+03	6.465547E-15	1.908215E-16
4.290000E+03	6.470514E-15	1.901125E-16
4.300000E+03	6.474648E-15	1.894144E-16
4.310000E+03	6.476801E-15	1.886931E-16
4.320000E+03	6.478437E-15	1.879910E-16
4.330000E+03	6.478407E-15	1.872742E-16
4.340000E+03	6.475575E-15	1.865094E-16
4.350000E+03	6.471434E-15	1.857395E-16
4.360000E+03	6.464044E-15	1.849081E-16
4.370000E+03	6.454975E-15	1.840600E-16
4.380000E+03	6.442396E-15	1.831423E-16
4.390000E+03	6.427988E-15	1.822024E-16
4.400000E+03	6.410056E-15	1.811917E-16
4.410000E+03	6.390394E-15	1.801603E-16
4.420000E+03	6.367439E-15	1.790632E-16
4.430000E+03	6.342226E-15	1.779291E-16
4.440000E+03	6.315811E-15	1.767865E-16
4.450000E+03	6.286745E-15	1.755939E-16
4.460000E+03	6.256104E-15	1.743805E-16
4.470000E+03	6.224111E-15	1.731514E-16
4.480000E+03	6.190968E-15	1.719112E-16
4.490000E+03	6.156855E-15	1.706638E-16
4.500000E+03	6.122734E-15	1.694347E-16
4.510000E+03	6.087120E-15	1.681816E-16
4.520000E+03	6.050946E-15	1.669293E-16
4.530000E+03	6.013535E-15	1.656581E-16
4.540000E+03	5.976587E-15	1.644136E-16
4.550000E+03	5.939419E-15	1.631760E-16
4.560000E+03	5.902148E-15	1.619475E-16
4.570000E+03	5.864901E-15	1.607304E-16
4.580000E+03	5.827048E-15	1.595067E-16
4.590000E+03	5.790256E-15	1.583209E-16
4.600000E+03	5.753902E-15	1.571550E-16
4.610000E+03	5.717389E-15	1.559918E-16
4.620000E+03	5.682363E-15	1.548754E-16
4.630000E+03	5.647488E-15	1.537685E-16
4.640000E+03	5.614383E-15	1.527142E-16
4.650000E+03	5.581724E-15	1.516758E-16
4.660000E+03	5.550377E-15	1.506760E-16
4.670000E+03	5.520462E-15	1.497173E-16
4.680000E+03	5.492795E-15	1.488212E-16
4.690000E+03	5.466042E-15	1.479506E-16
4.700000E+03	5.440994E-15	1.471265E-16
4.710000E+03	5.417708E-15	1.463496E-16
4.720000E+03	5.396222E-15	1.456203E-16
4.730000E+03	5.376552E-15	1.449385E-16
4.740000E+03	5.358695E-15	1.443034E-16
4.750000E+03	5.342619E-15	1.437136E-16
4.760000E+03	5.328268E-15	1.431670E-16
4.770000E+03	5.314872E-15	1.426425E-16
4.780000E+03	5.303677E-15	1.421730E-16
4.790000E+03	5.293844E-15	1.417354E-16
4.800000E+03	5.284508E-15	1.413061E-16
4.810000E+03	5.276806E-15	1.409153E-16
4.820000E+03	5.269140E-15	1.405198E-16
4.830000E+03	5.262594E-15	1.401481E-16
4.840000E+03	5.255543E-15	1.397568E-16
4.850000E+03	5.248381E-15	1.393560E-16
4.860000E+03	5.240833E-15	1.389384E-16
4.870000E+03	5.233309E-15	1.385146E-16
4.880000E+03	5.224243E-15	1.380430E-16
4.890000E+03	5.214104E-15	1.375363E-16
4.900000E+03	5.202731E-15	1.369900E-16
4.910000E+03	5.189997E-15	1.364010E-16
4.920000E+03	5.175811E-15	1.357671E-16
4.930000E+03	5.160123E-15	1.350871E-16
4.940000E+03	5.142266E-15	1.343438E-16
4.950000E+03	5.123565E-15	1.335721E-16
4.960000E+03	5.103420E-15	1.327567E-16
4.970000E+03	5.081269E-15	1.318833E-16
4.980000E+03	5.058506E-15	1.309885E-16
4.990000E+03	5.033971E-15	1.300424E-16
5.000000E+03	5.009070E-15	1.290818E-16
5.010000E+03	4.982677E-15	1.280781E-16
5.020000E+03	4.955572E-15	1.270517E-16
5.030000E+03	4.928526E-15	1.260228E-16
5.040000E+03	4.900447E-15	1.249636E-16
5.050000E+03	4.872115E-15	1.238945E-16
5.060000E+03	4.843688E-15	1.228198E-16
5.070000E+03	4.815326E-15	1.217440E-16
5.080000E+03	4.787186E-15	1.206711E-16
5.090000E+03	4.759425E-15	1.196055E-16
5.100000E+03	4.732197E-15	1.185513E-16
5.110000E+03	4.705651E-15	1.175122E-16
5.120000E+03	4.679338E-15	1.164775E-16
5.130000E+03	4.654558E-15	1.154797E-16
5.140000E+03	4.630831E-15	1.145068E-16
5.150000E+03	4.607664E-15	1.135468E-16
5.160000E+03	4.586272E-15	1.126298E-16
5.170000E+03	4.565540E-15	1.117285E-16
5.180000E+03	4.546049E-15	1.108572E-16
5.190000E+03	4.528344E-15	1.100292E-16
5.200000E+03	4.511250E-15	1.092161E-16
5.210000E+03	4.495277E-15	1.084304E-16
5.220000E+03	4.480348E-15	1.076704E-16
5.230000E+03	4.466383E-15	1.069342E-16
5.240000E+03	4.453292E-15	1.062200E-16
5.250000E+03	4.440988E-15	1.055259E-16
5.260000E+03	4.429383E-15	1.048500E-16
5.270000E+03	4.418393E-15	1.041907E-16
5.280000E+03	4.407392E-15	1.035334E-16
5.290000E+03	4.397400E-15	1.029026E-16
5.300000E+03	4.387799E-15	1.022841E-16
5.310000E+03	4.377983E-15	1.016642E-16
5.320000E+03	4.368978E-15	1.010671E-16
5.330000E+03	4.359646E-15	1.004670E-16
5.340000E+03	4.351024E-15	9.988813E-17
5.350000E+03	4.341990E-15	9.930526E-17
5.360000E+03	4.333050E-15	9.873050E-17
5.370000E+03	4.324716E-15	9.817594E-17
5.380000E+03	4.315901E-15	9.761733E-17
5.390000E+03	4.307139E-15	9.706735E-17
5.400000E+03	4.298440E-15	9.652672E-17
5.410000E+03	4.289832E-15	9.599650E-17
5.420000E+03	4.281360E-15	9.547819E-17
5.430000E+03	4.273102E-15	9.497396E-17
5.440000E+03	4.265179E-15	9.448689E-17
5.450000E+03	4.257207E-15	9.400891E-17
5.460000E+03	4.250384E-15	9.356669E-17
5.470000E+03	4.244328E-15	9.315130E-17
5.480000E+03	4.238660E-15	9.275374E-17
5.490000E+03	4.234564E-15	9.239922E-17
5.500000E+03	4.231128E-15	9.206703E-17
5.510000E+03	4.229518E-15	9.178183E-17
5.520000E+03	4.228809E-15	9.152270E-17
5.530000E+03	4.230147E-15	9.131372E-17
5.540000E+03	4.232589E-15	9.113370E-17
5.550000E+03	4.236744E-15	9.099500E-17
5.560000E+03	4.242693E-15	9.089855E-17
5.570000E+03	4.250508E-15	9.084512E-17
5.580000E+03	4.260259E-15	9.083540E-17
5.590000E+03	4.272014E-15	9.087003E-17
5.600000E+03	4.285837E-15	9.094958E-17
5.610000E+03	4.301799E-15	9.107477E-17
5.620000E+03	4.319971E-15	9.124631E-17
5.630000E+03	4.340431E-15	9.146502E-17
5.640000E+03	4.363259E-15	9.173180E-17
5.650000E+03	4.387998E-15	9.203626E-17
5.660000E+03	4.415806E-15	9.240189E-17
5.670000E+03	4.446230E-15	9.281834E-17
5.680000E+03	4.478797E-15	9.327492E-17
5.690000E+03	4.514669E-15	9.379501E-17
5.700000E+03	4.552799E-15	9.435600E-17
5.710000E+03	4.593777E-15	9.496928E-17
5.720000E+03	4.638192E-15	9.564615E-17
5.730000E+03	4.684913E-15	9.636239E-17
5.740000E+03	4.734479E-15	9.712826E-17
5.750000E+03	4.786842E-15	9.794189E-17
5.760000E+03	4.842512E-15	9.881286E-17
5.770000E+03	4.900204E-15	9.971402E-17
5.780000E+03	4.960365E-15	1.006538E-16
5.790000E+03	5.022828E-15	1.016278E-16
5.800000E+03	5.087400E-15	1.026316E-16
5.810000E+03	5.153864E-15	1.036599E-16
5.820000E+03	5.221981E-15	1.047073E-16
5.830000E+03	5.290849E-15	1.057552E-16
5.840000E+03	5.361488E-15	1.068233E-16
5.850000E+03	5.432982E-15	1.078929E-16
5.860000E+03	5.505056E-15	1.089582E-16
5.870000E+03	5.576759E-15	1.100000E-16
5.880000E+03	5.649192E-15	1.110399E-16
5.890000E+03	5.721452E-15	1.120599E-16
5.900000E+03	5.792641E-15	1.130424E-16
5.910000E+03	5.864016E-15	1.140120E-16
5.920000E+03	5.934063E-15	1.149394E-16
5.930000E+03	6.003459E-15	1.158380E-16
5.940000E+03	6.072985E-15	1.167231E-16
5.950000E+03	6.141268E-15	1.175685E-16
5.960000E+03	6.209210E-15	1.183918E-16
5.970000E+03	6.277813E-15	1.192127E-16
5.980000E+03	6.345847E-15	1.200079E-16
5.990000E+03	6.414431E-15	1.207991E-16
6.000000E+03	6.483973E-15	1.215944E-16
6.010000E+03	6.554938E-15	1.224028E-16
6.020000E+03	6.627825E-15	1.232338E-16
6.030000E+03	6.703167E-15	1.240976E-16
6.040000E+03	6.781513E-15	1.250047E-16
6.050000E+03	6.863424E-15	1.259654E-16
6.060000E+03	6.949452E-15	1.269899E-16
6.070000E+03	7.040125E-15	1.280881E-16
6.080000E+03	7.135937E-15	1.292690E-16
6.090000E+03	7.236429E-15	1.305245E-16
6.100000E+03	7.343711E-15	1.318928E-16
6.110000E+03	7.457162E-15	1.333628E-16
6.120000E+03	7.576908E-15	1.349373E-16
6.130000E+03	7.701989E-15	1.365996E-16
6.140000E+03	7.834081E-15	1.383803E-16
6.150000E+03	7.970895E-15	1.402400E-16
6.160000E+03	8.113753E-15	1.422032E-16
6.170000E+03	8.259826E-15	1.442222E-16
6.180000E+03	8.409982E-15	1.463141E-16
6.190000E+03	8.560748E-15	1.484212E-16
6.200000E+03	8.712461E-15	1.505524E-16
6.210000E+03	8.860949E-15	1.526392E-16
6.220000E+03	9.004895E-15	1.546630E-16
6.230000E+03	9.142778E-15	1.566023E-16
6.240000E+03	9.269517E-15	1.583748E-16
6.250000E+03	9.383242E-15	1.599539E-16
6.260000E+03	9.482226E-15	1.613156E-16
6.270000E+03	9.561778E-15	1.623854E-16
6.280000E+03	9.622079E-15	1.631715E-16
6.290000E+03	9.664341E-15	1.636991E-16
6.300000E+03	9.691359E-15	1.640196E-16
6.310000E+03	9.706543E-15	1.641940E-16
6.320000E+03	9.713421E-15	1.642847E-16
6.330000E+03	9.715397E-15	1.643516E-16
6.340000E+03	9.715600E-15	1.644498E-16
6.350000E+03	9.716814E-15	1.646283E-16
6.360000E+03	9.721444E-15	1.649285E-16
6.370000E+03	9.731509E-15	1.653832E-16
6.380000E+03	9.748658E-15	1.660190E-16
6.390000E+03	9.774185E-15	1.668567E-16
6.400000E+03	9.807844E-15	1.678911E-16
6.410000E+03	9.852662E-15	1.691737E-16
6.420000E+03	9.907756E-15	1.706891E-16
6.430000E+03	9.973113E-15	1.724371E-16
6.440000E+03	1.004717E-14	1.743911E-16
6.450000E+03	1.013172E-14	1.765822E-16
6.460000E+03	1.022453E-14	1.789722E-16
6.470000E+03	1.032299E-14	1.815155E-16
6.480000E+03	1.042795E-14	1.842272E-16
6.490000E+03	1.053625E-14	1.870508E-16
6.500000E+03	1.064443E-14	1.899242E-16
6.510000E+03	1.075285E-14	1.928521E-16
6.520000E+03	1.085658E-14	1.957440E-16
6.530000E+03	1.095600E-14	1.986037E-16
6.540000E+03	1.104627E-14	2.013397E-16
6.550000E+03	1.112667E-14	2.039343E-16
6.560000E+03	1.119669E-14	2.063731E-16
6.570000E+03	1.125190E-14	2.085684E-16
6.580000E+03	1.129353E-14	2.105369E-16
6.590000E+03	1.131756E-14	2.121962E-16
6.600000E+03	1.132435E-14	2.135459E-16
6.610000E+03	1.131461E-14	2.145913E-16
6.620000E+03	1.128518E-14	2.152648E-16
6.630000E+03	1.123739E-14	2.155838E-16
6.640000E+03	1.117149E-14	2.155447E-16
6.650000E+03	1.108795E-14	2.151493E-16
6.660000E+03	1.098882E-14	2.144297E-16
6.670000E+03	1.087222E-14	2.133428E-16
6.680000E+03	1.074053E-14	2.119278E-16
6.690000E+03	1.059482E-14	2.102005E-16
6.700000E+03	1.043628E-14	2.081785E-16
6.710000E+03	1.026615E-14	2.058819E-16
6.720000E+03	1.008572E-14	2.033321E-16
6.730000E+03	9.896324E-15	2.005524E-16
6.740000E+03	9.699316E-15	1.975672E-16
6.750000E+03	9.496090E-15	1.944023E-16
6.760000E+03	9.288059E-15	1.910850E-16
6.770000E+03	9.076645E-15	1.876431E-16
6.780000E+03	8.863251E-15	1.841052E-16
6.790000E+03	8.649243E-15	1.804993E-16
6.800000E+03	8.435912E-15	1.768529E-16
6.810000E+03	8.224457E-15	1.731919E-16
6.820000E+03	8.014980E-15	1.695197E-16
6.830000E+03	7.810458E-15	1.659007E-16
6.840000E+03	7.610718E-15	1.623333E-16
6.850000E+03	7.416478E-15	1.588351E-16
6.860000E+03	7.227432E-15	1.554016E-16
6.870000E+03	7.045864E-15	1.520845E-16
6.880000E+03	6.871215E-15	1.488744E-16
6.890000E+03	6.703740E-15	1.457793E-16
6.900000E+03	6.542794E-15	1.427879E-16
6.910000E+03	6.390090E-15	1.399401E-16
6.920000E+03	6.244027E-15	1.372034E-16
6.930000E+03	6.106096E-15	1.346132E-16
6.940000E+03	5.975372E-15	1.321515E-16
6.950000E+03	5.850935E-15	1.298003E-16
6.960000E+03	5.734013E-15	1.275890E-16
6.970000E+03	5.622884E-15	1.254817E-16
6.980000E+03	5.518641E-15	1.235045E-16
6.990000E+03	5.419555E-15	1.216209E-16
7.000000E+03	5.326623E-15	1.198549E-16
7.010000E+03	5.238137E-15	1.181699E-16
7.020000E+03	5.154385E-15	1.165738E-16
7.030000E+03	5.075619E-15	1.150740E-16
7.040000E+03	5.000189E-15	1.136344E-16
7.050000E+03	4.928979E-15	1.122764E-16
7.060000E+03	4.860400E-15	1.109650E-16
7.070000E+03	4.794730E-15	1.097078E-16
7.080000E+03	4.731652E-15	1.084985E-16
7.090000E+03	4.671446E-15	1.073446E-16
7.100000E+03	4.612668E-15	1.062138E-16
7.110000E+03	4.555657E-15	1.051150E-16
7.120000E+03	4.500196E-15	1.040439E-16
7.130000E+03	4.446096E-15	1.029971E-16
7.140000E+03	4.393747E-15	1.019843E-16
7.150000E+03	4.341911E-15	1.009776E-16
7.160000E+03	4.291032E-15	9.998822E-17
7.170000E+03	4.241023E-15	9.901472E-17
7.180000E+03	4.191813E-15	9.805618E-17
7.190000E+03	4.143344E-15	9.711199E-17
7.200000E+03	4.095573E-15	9.618182E-17
7.210000E+03	4.048464E-15	9.526548E-17
7.220000E+03	4.001983E-15	9.436288E-17
7.230000E+03	3.956105E-15	9.347405E-17
7.240000E+03	3.910803E-15	9.259903E-17
7.250000E+03	3.866053E-15	9.173786E-17
7.260000E+03	3.821832E-15	9.089059E-17
7.270000E+03	3.778116E-15	9.005728E-17
7.280000E+03	3.734418E-15	8.922685E-17
7.290000E+03	3.691659E-15	8.842184E-17
7.300000E+03	3.649345E-15	8.763103E-17
7.310000E+03	3.607457E-15	8.685449E-17
7.320000E+03	3.565532E-15	8.608153E-17
7.330000E+03	3.524457E-15	8.533403E-17
7.340000E+03	3.483767E-15	8.460122E-17
7.350000E+03	3.443456E-15	8.388344E-17
7.360000E+03	3.403095E-15	8.317056E-17
7.370000E+03	3.363549E-15	8.248413E-17
7.380000E+03	3.323977E-15	8.180389E-17
7.390000E+03	3.285238E-15	8.115130E-17
7.400000E+03	3.246931E-15	8.051686E-17
7.410000E+03	3.208678E-15	7.989151E-17
7.420000E+03	3.171329E-15	7.929658E-17
7.430000E+03	3.134111E-15	7.871314E-17
7.440000E+03	3.097862E-15	7.816244E-17
7.450000E+03	3.061832E-15	7.762585E-17
7.460000E+03	3.026455E-15	7.711455E-17
7.470000E+03	2.992149E-15	7.663951E-17
7.480000E+03	2.958185E-15	7.618233E-17
7.490000E+03	2.924975E-15	7.575379E-17
7.500000E+03	2.892913E-15	7.536439E-17
7.510000E+03	2.861281E-15	7.499573E-17
7.520000E+03	2.830465E-15	7.465801E-17
7.530000E+03	2.800477E-15	7.435125E-17
7.540000E+03	2.771671E-15	7.408444E-17
7.550000E+03	2.743343E-15	7.383836E-17
7.560000E+03	2.715839E-15	7.362184E-17
7.570000E+03	2.689148E-15	7.343412E-17
7.580000E+03	2.663250E-15	7.327436E-17
7.590000E+03	2.638122E-15	7.314157E-17
7.600000E+03	2.613734E-15	7.303458E-17
7.610000E+03	2.590053E-15	7.295216E-17
7.620000E+03	2.567040E-15	7.289296E-17
7.630000E+03	2.544658E-15	7.285556E-17
7.640000E+03	2.522861E-15	7.283842E-17
7.650000E+03	2.501604E-15	7.283990E-17
7.660000E+03	2.480836E-15	7.285825E-17
7.670000E+03	2.460508E-15	7.289168E-17
7.680000E+03	2.440567E-15	7.293833E-17
7.690000E+03	2.420960E-15	7.299625E-17
7.700000E+03	2.401330E-15	7.305426E-17
7.710000E+03	2.382250E-15	7.312929E-17
7.720000E+03	2.363381E-15	7.321072E-17
7.730000E+03	2.344403E-15	7.328819E-17
7.740000E+03	2.325914E-15	7.337989E-17
7.750000E+03	2.307603E-15	7.347582E-17
7.760000E+03	2.289172E-15	7.356603E-17
7.770000E+03	2.271206E-15	7.366887E-17
7.780000E+03	2.253404E-15	7.377445E-17
7.790000E+03	2.235473E-15	7.387274E-17
7.800000E+03	2.217984E-15	7.398222E-17
7.810000E+03	2.200361E-15	7.408345E-17
7.820000E+03	2.182884E-15	7.418544E-17
7.830000E+03	2.165830E-15	7.429736E-17
7.840000E+03	2.148634E-15	7.439967E-17
7.850000E+03	2.131852E-15	7.451133E-17
7.860000E+03	2.114932E-15	7.461281E-17
7.870000E+03	2.098155E-15	7.471367E-17
7.880000E+03	2.081794E-15	7.482355E-17
7.890000E+03	2.065319E-15	7.492322E-17
7.900000E+03	2.049009E-15	7.502257E-17
7.910000E+03	2.032881E-15	7.512200E-17
7.920000E+03	2.016950E-15	7.522199E-17
7.930000E+03	2.001235E-15	7.532318E-17
7.940000E+03	1.986015E-15	7.543614E-17
7.950000E+03	1.970797E-15	7.554218E-17
7.960000E+03	1.955866E-15	7.565209E-17
7.970000E+03	1.941245E-15	7.576688E-17
7.980000E+03	1.926965E-15	7.588777E-17
7.990000E+03	1.913050E-15	7.601593E-17
8.000000E+03	1.899527E-15	7.615262E-17
8.010000E+03	1.886178E-15	7.628921E-17
8.020000E+03	1.873519E-15	7.644681E-17
8.030000E+03	1.861330E-15	7.661683E-17
8.040000E+03	1.849630E-15	7.680049E-17
8.050000E+03	1.838444E-15	7.699914E-17
8.060000E+03	1.827790E-15	7.721393E-17
8.070000E+03	1.817448E-15	7.743601E-17
8.080000E+03	1.807913E-15	7.768676E-17
8.090000E+03	1.798961E-15	7.795721E-17
8.100000E+03	1.790369E-15	7.823822E-17
8.110000E+03	1.782622E-15	7.855135E-17
8.120000E+03	1.775493E-15	7.888740E-17
8.130000E+03	1.768760E-15	7.923691E-17
8.140000E+03	1.762894E-15	7.962152E-17
8.150000E+03	1.757436E-15	8.002125E-17
8.160000E+03	1.752854E-15	8.045784E-17
8.170000E+03	1.748686E-15	8.091082E-17
8.180000E+03	1.745393E-15	8.140209E-17
8.190000E+03	1.742512E-15	8.191078E-17
8.200000E+03	1.740271E-15	8.244800E-17
8.210000E+03	1.738892E-15	8.302506E-17
8.220000E+03	1.737908E-15	8.362036E-17
8.230000E+03	1.737542E-15	8.424500E-17
8.240000E+03	1.738014E-15	8.491045E-17
8.250000E+03	1.738854E-15	8.559434E-17
8.260000E+03	1.740278E-15	8.630780E-17
8.270000E+03	1.742274E-15	8.705083E-17
8.280000E+03	1.744829E-15	8.782324E-17
8.290000E+03	1.747927E-15	8.862486E-17
8.300000E+03	1.751784E-15	8.946726E-17
8.310000E+03	1.755916E-15	9.032633E-17
8.320000E+03	1.760538E-15	9.121342E-17
8.330000E+03	1.765628E-15	9.212787E-17
8.340000E+03	1.771162E-15	9.306893E-17
8.350000E+03	1.777118E-15	9.403580E-17
8.360000E+03	1.783468E-15	9.502746E-17
8.370000E+03	1.790186E-15	9.604282E-17
8.380000E+03	1.796999E-15	9.706760E-17
8.390000E+03	1.804359E-15	9.812632E-17
8.400000E+03	1.811992E-15	9.920456E-17
8.410000E+03	1.819863E-15	1.003006E-16
8.420000E+03	1.827936E-15	1.014128E-16
8.430000E+03	1.836173E-15	1.025390E-16
8.440000E+03	1.844286E-15	1.036633E-16
8.450000E+03	1.852731E-15	1.048111E-16
8.460000E+03	1.861220E-15	1.059666E-16
8.470000E+03	1.869712E-15	1.071273E-16
8.480000E+03	1.877911E-15	1.082760E-16
8.490000E+03	1.886282E-15	1.094394E-16
8.500000E+03	1.894276E-15	1.105856E-16
8.510000E+03	1.902364E-15	1.117417E-16
8.520000E+03	1.910251E-15	1.128905E-16
8.530000E+03	1.917640E-15	1.140139E-16
8.540000E+03	1.925014E-15	1.151403E-16
8.550000E+03	1.931815E-15	1.162361E-16
8.560000E+03	1.938537E-15	1.173304E-16
8.570000E+03	1.944620E-15	1.183891E-16
8.580000E+03	1.950564E-15	1.194420E-16
8.590000E+03	1.955813E-15	1.204547E-16
8.600000E+03	1.960872E-15	1.214578E-16
8.610000E+03	1.965185E-15	1.224163E-16
8.620000E+03	1.968998E-15	1.233449E-16
8.630000E+03	1.972565E-15	1.242589E-16
8.640000E+03	1.975330E-15	1.251229E-16
8.650000E+03	1.977551E-15	1.259523E-16
8.660000E+03	1.979488E-15	1.267634E-16
8.670000E+03	1.980592E-15	1.275203E-16
8.680000E+03	1.981128E-15	1.282394E-16
8.690000E+03	1.981094E-15	1.289200E-16
8.700000E+03	1.980764E-15	1.295792E-16
8.710000E+03	1.979591E-15	1.301809E-16
8.720000E+03	1.977853E-15	1.307426E-16
8.730000E+03	1.975556E-15	1.312639E-16
8.740000E+03	1.972706E-15	1.317449E-16
8.750000E+03	1.969586E-15	1.322037E-16
8.760000E+03	1.965658E-15	1.326041E-16
8.770000E+03	1.961209E-15	1.329644E-16
8.780000E+03	1.956249E-15	1.332850E-16
8.790000E+03	1.950795E-15	1.335663E-16
8.800000E+03	1.944859E-15	1.338089E-16
8.810000E+03	1.938458E-15	1.340134E-16
8.820000E+03	1.931610E-15	1.341804E-16
8.830000E+03	1.924330E-15	1.343108E-16
8.840000E+03	1.916640E-15	1.344055E-16
8.850000E+03	1.908558E-15	1.344656E-16
8.860000E+03	1.900104E-15	1.344920E-16
8.870000E+03	1.891300E-15	1.344858E-16
8.880000E+03	1.882166E-15	1.344484E-16
8.890000E+03	1.872723E-15	1.343807E-16
8.900000E+03	1.862991E-15	1.342841E-16
8.910000E+03	1.852991E-15	1.341597E-16
8.920000E+03	1.842741E-15	1.340087E-16
8.930000E+03	1.832261E-15	1.338323E-16
8.940000E+03	1.821569E-15	1.336316E-16
8.950000E+03	1.810683E-15	1.334077E-16
8.960000E+03	1.799620E-15	1.331618E-16
8.970000E+03	1.788396E-15	1.328950E-16
8.980000E+03	1.777028E-15	1.326083E-16
8.990000E+03	1.765280E-15	1.322840E-16
9.000000E+03	1.753670E-15	1.319607E-16
9.040000E+03	1.706345E-15	1.305080E-16
9.080000E+03	1.657918E-15	1.288221E-16
9.120000E+03	1.609255E-15	1.269698E-16
9.160000E+03	1.561085E-15	1.250111E-16
9.200000E+03	1.513351E-15	1.229459E-16
9.240000E+03	1.466594E-15	1.208227E-16
9.280000E+03	1.421254E-15	1.186843E-16
9.320000E+03	1.377073E-15	1.165161E-16
9.360000E+03	1.334373E-15	1.143522E-16
9.400000E+03	1.293413E-15	1.122223E-16
9.440000E+03	1.254019E-15	1.101191E-16
9.480000E+03	1.216197E-15	1.080504E-16
9.520000E+03	1.179932E-15	1.060218E-16
9.560000E+03	1.145193E-15	1.040374E-16
9.600000E+03	1.111940E-15	1.021003E-16
9.640000E+03	1.080291E-15	1.002276E-16
9.680000E+03	1.050024E-15	9.840494E-17
9.720000E+03	1.021086E-15	9.663306E-17
9.760000E+03	9.935750E-16	9.492675E-17
9.800000E+03	9.672775E-16	9.327085E-17
9.840000E+03	9.421382E-16	9.166479E-17
9.880000E+03	9.181020E-16	9.010763E-17
9.920000E+03	8.952544E-16	8.861207E-17
9.960000E+03	8.733940E-16	8.716233E-17
1.000000E+04	8.526003E-16	8.577009E-17
1.004000E+04	8.326810E-16	8.441962E-17
1.008000E+04	8.135835E-16	8.310876E-17
1.012000E+04	7.953838E-16	8.184831E-17
1.016000E+04	7.779008E-16	8.062258E-17
1.020000E+04	7.612095E-16	7.944196E-17
1.024000E+04	7.451403E-16	7.829130E-17
1.028000E+04	7.296509E-16	7.716832E-17
1.032000E+04	7.148170E-16	7.608316E-17
