#wls	flux	fluxerr
1.600000E+03	3.197625E-15	2.908877E-16
1.640000E+03	3.263876E-15	2.951252E-16
1.680000E+03	3.329676E-15	2.992266E-16
1.720000E+03	3.396265E-15	3.033020E-16
1.760000E+03	3.463167E-15	3.073073E-16
1.800000E+03	3.531131E-15	3.113070E-16
1.840000E+03	3.599714E-15	3.152597E-16
1.880000E+03	3.669096E-15	3.191790E-16
1.920000E+03	3.740134E-15	3.231373E-16
1.960000E+03	3.812432E-15	3.270968E-16
2.000000E+03	3.886934E-15	3.311353E-16
2.040000E+03	3.963310E-15	3.352204E-16
2.080000E+03	4.041956E-15	3.393817E-16
2.120000E+03	4.123388E-15	3.436575E-16
2.160000E+03	4.209711E-15	3.482170E-16
2.200000E+03	4.299568E-15	3.529388E-16
2.240000E+03	4.395294E-15	3.580055E-16
2.280000E+03	4.497041E-15	3.634169E-16
2.320000E+03	4.606340E-15	3.692829E-16
2.360000E+03	4.723032E-15	3.755740E-16
2.400000E+03	4.848455E-15	3.823794E-16
2.440000E+03	4.982262E-15	3.896523E-16
2.480000E+03	5.125657E-15	3.974672E-16
2.520000E+03	5.278039E-15	4.057564E-16
2.560000E+03	5.440413E-15	4.145758E-16
2.600000E+03	5.611846E-15	4.238322E-16
2.640000E+03	5.792978E-15	4.335524E-16
2.680000E+03	5.982013E-15	4.435808E-16
2.720000E+03	6.177498E-15	4.537913E-16
2.760000E+03	6.378636E-15	4.641079E-16
2.800000E+03	6.583275E-15	4.743587E-16
2.840000E+03	6.787727E-15	4.842681E-16
2.880000E+03	6.990041E-15	4.936934E-16
2.920000E+03	7.185582E-15	5.023104E-16
2.960000E+03	7.370378E-15	5.098543E-16
3.000000E+03	7.541302E-15	5.161305E-16
3.010000E+03	7.581757E-15	5.174971E-16
3.020000E+03	7.619675E-15	5.186729E-16
3.030000E+03	7.657445E-15	5.198216E-16
3.040000E+03	7.692517E-15	5.207704E-16
3.050000E+03	7.727297E-15	5.216834E-16
3.060000E+03	7.760469E-15	5.224719E-16
3.070000E+03	7.790697E-15	5.230472E-16
3.080000E+03	7.820413E-15	5.235737E-16
3.090000E+03	7.848289E-15	5.239630E-16
3.100000E+03	7.874244E-15	5.242108E-16
3.110000E+03	7.898205E-15	5.243132E-16
3.120000E+03	7.918823E-15	5.241821E-16
3.130000E+03	7.938567E-15	5.239824E-16
3.140000E+03	7.956091E-15	5.236259E-16
3.150000E+03	7.971326E-15	5.231093E-16
3.160000E+03	7.984200E-15	5.224294E-16
3.170000E+03	7.994648E-15	5.215832E-16
3.180000E+03	8.002602E-15	5.205677E-16
3.190000E+03	8.008001E-15	5.193803E-16
3.200000E+03	8.010787E-15	5.180188E-16
3.210000E+03	8.010900E-15	5.164809E-16
3.220000E+03	8.009564E-15	5.148470E-16
3.230000E+03	8.004181E-15	5.129511E-16
3.240000E+03	7.995980E-15	5.108745E-16
3.250000E+03	7.984925E-15	5.086164E-16
3.260000E+03	7.970981E-15	5.061763E-16
3.270000E+03	7.955380E-15	5.036340E-16
3.280000E+03	7.935576E-15	5.008298E-16
3.290000E+03	7.912817E-15	4.978448E-16
3.300000E+03	7.887096E-15	4.946802E-16
3.310000E+03	7.859649E-15	4.914154E-16
3.320000E+03	7.828000E-15	4.878969E-16
3.330000E+03	7.793409E-15	4.842057E-16
3.340000E+03	7.757121E-15	4.804206E-16
3.350000E+03	7.716720E-15	4.763936E-16
3.360000E+03	7.674684E-15	4.722798E-16
3.370000E+03	7.628648E-15	4.679352E-16
3.380000E+03	7.581078E-15	4.635129E-16
3.390000E+03	7.529665E-15	4.588733E-16
3.400000E+03	7.476863E-15	4.541679E-16
3.410000E+03	7.420425E-15	4.492615E-16
3.420000E+03	7.362791E-15	4.443037E-16
3.430000E+03	7.301779E-15	4.391640E-16
3.440000E+03	7.239816E-15	4.339901E-16
3.450000E+03	7.175903E-15	4.287230E-16
3.460000E+03	7.109101E-15	4.233080E-16
3.470000E+03	7.041804E-15	4.178891E-16
3.480000E+03	6.973079E-15	4.124113E-16
3.490000E+03	6.902047E-15	4.068238E-16
3.500000E+03	6.831051E-15	4.012658E-16
3.510000E+03	6.759217E-15	3.956861E-16
3.520000E+03	6.685732E-15	3.900379E-16
3.530000E+03	6.612900E-15	3.844563E-16
3.540000E+03	6.539913E-15	3.788940E-16
3.550000E+03	6.467017E-15	3.733656E-16
3.560000E+03	6.394458E-15	3.678852E-16
3.570000E+03	6.321519E-15	3.624115E-16
3.580000E+03	6.250400E-15	3.570706E-16
3.590000E+03	6.180366E-15	3.518196E-16
3.600000E+03	6.111658E-15	3.466716E-16
3.610000E+03	6.044509E-15	3.416390E-16
3.620000E+03	5.979144E-15	3.367337E-16
3.630000E+03	5.915775E-15	3.319665E-16
3.640000E+03	5.853708E-15	3.272975E-16
3.650000E+03	5.794920E-15	3.228362E-16
3.660000E+03	5.738676E-15	3.185398E-16
3.670000E+03	5.685123E-15	3.144149E-16
3.680000E+03	5.634385E-15	3.104670E-16
3.690000E+03	5.586571E-15	3.067002E-16
3.700000E+03	5.541766E-15	3.031175E-16
3.710000E+03	5.500032E-15	2.997206E-16
3.720000E+03	5.461413E-15	2.965101E-16
3.730000E+03	5.425933E-15	2.934854E-16
3.740000E+03	5.393596E-15	2.906450E-16
3.750000E+03	5.364391E-15	2.879864E-16
3.760000E+03	5.338290E-15	2.855063E-16
3.770000E+03	5.315253E-15	2.832007E-16
3.780000E+03	5.295224E-15	2.810650E-16
3.790000E+03	5.278137E-15	2.790938E-16
3.800000E+03	5.263919E-15	2.772817E-16
3.810000E+03	5.252482E-15	2.756224E-16
3.820000E+03	5.243731E-15	2.741094E-16
3.830000E+03	5.237565E-15	2.727358E-16
3.840000E+03	5.233871E-15	2.714943E-16
3.850000E+03	5.232532E-15	2.703776E-16
3.860000E+03	5.233424E-15	2.693779E-16
3.870000E+03	5.236417E-15	2.684873E-16
3.880000E+03	5.241375E-15	2.676978E-16
3.890000E+03	5.248159E-15	2.670012E-16
3.900000E+03	5.256629E-15	2.663895E-16
3.910000E+03	5.266642E-15	2.658546E-16
3.920000E+03	5.278055E-15	2.653885E-16
3.930000E+03	5.290727E-15	2.649835E-16
3.940000E+03	5.304516E-15	2.646319E-16
3.950000E+03	5.319289E-15	2.643266E-16
3.960000E+03	5.334916E-15	2.640607E-16
3.970000E+03	5.351271E-15	2.638277E-16
3.980000E+03	5.368241E-15	2.636218E-16
3.990000E+03	5.385715E-15	2.634374E-16
4.000000E+03	5.403600E-15	2.632697E-16
4.010000E+03	5.421803E-15	2.631145E-16
4.020000E+03	5.440248E-15	2.629677E-16
4.030000E+03	5.458865E-15	2.628263E-16
4.040000E+03	5.477594E-15	2.626875E-16
4.050000E+03	5.496383E-15	2.625488E-16
4.060000E+03	5.515187E-15	2.624083E-16
4.070000E+03	5.533968E-15	2.622645E-16
4.080000E+03	5.552693E-15	2.621160E-16
4.090000E+03	5.571337E-15	2.619618E-16
4.100000E+03	5.589877E-15	2.618013E-16
4.110000E+03	5.608301E-15	2.616341E-16
4.120000E+03	5.626596E-15	2.614600E-16
4.130000E+03	5.643944E-15	2.612412E-16
4.140000E+03	5.661979E-15	2.610541E-16
4.150000E+03	5.679897E-15	2.608615E-16
4.160000E+03	5.697707E-15	2.606642E-16
4.170000E+03	5.715427E-15	2.604632E-16
4.180000E+03	5.733070E-15	2.602596E-16
4.190000E+03	5.749825E-15	2.600169E-16
4.200000E+03	5.767352E-15	2.598106E-16
4.210000E+03	5.784823E-15	2.596035E-16
4.220000E+03	5.802227E-15	2.593953E-16
4.230000E+03	5.818697E-15	2.591478E-16
4.240000E+03	5.835857E-15	2.589337E-16
4.250000E+03	5.852806E-15	2.587132E-16
4.260000E+03	5.868617E-15	2.584459E-16
4.270000E+03	5.884858E-15	2.582013E-16
4.280000E+03	5.899720E-15	2.579006E-16
4.290000E+03	5.914742E-15	2.576115E-16
4.300000E+03	5.928920E-15	2.572910E-16
4.310000E+03	5.941241E-15	2.568956E-16
4.320000E+03	5.953227E-15	2.564922E-16
4.330000E+03	5.963027E-15	2.560010E-16
4.340000E+03	5.972187E-15	2.554891E-16
4.350000E+03	5.978881E-15	2.548785E-16
4.360000E+03	5.983840E-15	2.542014E-16
4.370000E+03	5.987821E-15	2.534900E-16
4.380000E+03	5.989061E-15	2.526703E-16
4.390000E+03	5.989214E-15	2.518127E-16
4.400000E+03	5.986579E-15	2.508460E-16
4.410000E+03	5.982023E-15	2.498073E-16
4.420000E+03	5.975591E-15	2.486991E-16
4.430000E+03	5.968197E-15	2.475596E-16
4.440000E+03	5.958247E-15	2.463232E-16
4.450000E+03	5.946690E-15	2.450295E-16
4.460000E+03	5.933645E-15	2.436839E-16
4.470000E+03	5.919233E-15	2.422915E-16
4.480000E+03	5.903580E-15	2.408578E-16
4.490000E+03	5.886814E-15	2.393880E-16
4.500000E+03	5.869878E-15	2.379207E-16
4.510000E+03	5.851248E-15	2.363938E-16
4.520000E+03	5.831866E-15	2.348458E-16
4.530000E+03	5.811037E-15	2.332487E-16
4.540000E+03	5.790501E-15	2.316724E-16
4.550000E+03	5.769560E-15	2.300886E-16
4.560000E+03	5.748325E-15	2.285017E-16
4.570000E+03	5.726913E-15	2.269160E-16
4.580000E+03	5.705440E-15	2.253360E-16
4.590000E+03	5.683234E-15	2.237350E-16
4.600000E+03	5.661997E-15	2.221797E-16
4.610000E+03	5.641054E-15	2.206431E-16
4.620000E+03	5.619742E-15	2.190991E-16
4.630000E+03	5.599737E-15	2.176127E-16
4.640000E+03	5.580369E-15	2.161572E-16
4.650000E+03	5.560973E-15	2.147065E-16
4.660000E+03	5.543188E-15	2.133234E-16
4.670000E+03	5.525567E-15	2.119516E-16
4.680000E+03	5.508957E-15	2.106233E-16
4.690000E+03	5.494182E-15	2.093693E-16
4.700000E+03	5.479773E-15	2.081329E-16
4.710000E+03	5.467282E-15	2.069726E-16
4.720000E+03	5.455217E-15	2.058312E-16
4.730000E+03	5.444334E-15	2.047369E-16
4.740000E+03	5.434614E-15	2.036882E-16
4.750000E+03	5.426019E-15	2.026833E-16
4.760000E+03	5.418485E-15	2.017191E-16
4.770000E+03	5.412673E-15	2.008197E-16
4.780000E+03	5.406992E-15	1.999254E-16
4.790000E+03	5.402059E-15	1.990589E-16
4.800000E+03	5.397732E-15	1.982146E-16
4.810000E+03	5.393108E-15	1.973590E-16
4.820000E+03	5.389489E-15	1.965397E-16
4.830000E+03	5.385952E-15	1.957226E-16
4.840000E+03	5.382302E-15	1.949007E-16
4.850000E+03	5.378347E-15	1.940669E-16
4.860000E+03	5.373167E-15	1.931881E-16
4.870000E+03	5.368046E-15	1.923110E-16
4.880000E+03	5.362085E-15	1.914032E-16
4.890000E+03	5.354406E-15	1.904338E-16
4.900000E+03	5.346339E-15	1.894507E-16
4.910000E+03	5.336322E-15	1.883988E-16
4.920000E+03	5.325731E-15	1.873272E-16
4.930000E+03	5.313060E-15	1.861835E-16
4.940000E+03	5.299726E-15	1.850178E-16
4.950000E+03	5.284286E-15	1.837804E-16
4.960000E+03	5.267483E-15	1.824979E-16
4.970000E+03	5.250072E-15	1.811968E-16
4.980000E+03	5.230691E-15	1.798306E-16
4.990000E+03	5.210135E-15	1.784275E-16
5.000000E+03	5.188501E-15	1.769912E-16
5.010000E+03	5.165898E-15	1.755260E-16
5.020000E+03	5.142444E-15	1.740364E-16
5.030000E+03	5.118266E-15	1.725270E-16
5.040000E+03	5.093499E-15	1.710029E-16
5.050000E+03	5.068276E-15	1.694688E-16
5.060000E+03	5.042741E-15	1.679298E-16
5.070000E+03	5.017029E-15	1.663906E-16
5.080000E+03	4.990610E-15	1.648340E-16
5.090000E+03	4.964962E-15	1.633090E-16
5.100000E+03	4.939543E-15	1.617976E-16
5.110000E+03	4.913811E-15	1.602822E-16
5.120000E+03	4.889205E-15	1.588100E-16
5.130000E+03	4.865161E-15	1.573622E-16
5.140000E+03	4.841118E-15	1.559209E-16
5.150000E+03	4.818453E-15	1.545302E-16
5.160000E+03	4.795926E-15	1.531504E-16
5.170000E+03	4.774232E-15	1.518034E-16
5.180000E+03	4.754031E-15	1.505102E-16
5.190000E+03	4.734060E-15	1.492304E-16
5.200000E+03	4.714955E-15	1.479841E-16
5.210000E+03	4.696701E-15	1.467708E-16
5.220000E+03	4.679897E-15	1.456088E-16
5.230000E+03	4.663254E-15	1.444579E-16
5.240000E+03	4.647362E-15	1.433365E-16
5.250000E+03	4.632173E-15	1.422429E-16
5.260000E+03	4.617640E-15	1.411756E-16
5.270000E+03	4.603715E-15	1.401333E-16
5.280000E+03	4.590348E-15	1.391142E-16
5.290000E+03	4.577491E-15	1.381171E-16
5.300000E+03	4.564492E-15	1.371224E-16
5.310000E+03	4.552525E-15	1.361654E-16
5.320000E+03	4.540944E-15	1.352267E-16
5.330000E+03	4.529713E-15	1.343055E-16
5.340000E+03	4.518202E-15	1.333832E-16
5.350000E+03	4.507591E-15	1.324948E-16
5.360000E+03	4.496662E-15	1.316047E-16
5.370000E+03	4.486600E-15	1.307476E-16
5.380000E+03	4.476210E-15	1.298890E-16
5.390000E+03	4.466687E-15	1.290637E-16
5.400000E+03	4.456861E-15	1.282379E-16
5.410000E+03	4.447356E-15	1.274300E-16
5.420000E+03	4.438807E-15	1.266581E-16
5.430000E+03	4.430101E-15	1.258905E-16
5.440000E+03	4.421919E-15	1.251470E-16
5.450000E+03	4.414371E-15	1.244304E-16
5.460000E+03	4.408150E-15	1.237604E-16
5.470000E+03	4.402200E-15	1.231064E-16
5.480000E+03	4.397224E-15	1.224879E-16
5.490000E+03	4.393335E-15	1.219072E-16
5.500000E+03	4.390642E-15	1.213668E-16
5.510000E+03	4.389252E-15	1.208690E-16
5.520000E+03	4.389266E-15	1.204158E-16
5.530000E+03	4.390197E-15	1.199933E-16
5.540000E+03	4.393297E-15	1.196351E-16
5.550000E+03	4.398067E-15	1.193266E-16
5.560000E+03	4.404585E-15	1.190692E-16
5.570000E+03	4.412341E-15	1.188486E-16
5.580000E+03	4.422572E-15	1.186972E-16
5.590000E+03	4.434759E-15	1.186003E-16
5.600000E+03	4.448380E-15	1.185432E-16
5.610000E+03	4.464669E-15	1.185580E-16
5.620000E+03	4.482506E-15	1.186143E-16
5.630000E+03	4.503134E-15	1.187442E-16
5.640000E+03	4.525417E-15	1.189168E-16
5.650000E+03	4.550603E-15	1.191643E-16
5.660000E+03	4.577541E-15	1.194556E-16
5.670000E+03	4.606870E-15	1.198069E-16
5.680000E+03	4.638628E-15	1.202182E-16
5.690000E+03	4.673456E-15	1.207054E-16
5.700000E+03	4.710145E-15	1.212364E-16
5.710000E+03	4.749310E-15	1.218264E-16
5.720000E+03	4.790941E-15	1.224745E-16
5.730000E+03	4.835015E-15	1.231792E-16
5.740000E+03	4.881487E-15	1.239389E-16
5.750000E+03	4.930299E-15	1.247512E-16
5.760000E+03	4.981372E-15	1.256136E-16
5.770000E+03	5.034609E-15	1.265231E-16
5.780000E+03	5.089895E-15	1.274761E-16
5.790000E+03	5.147096E-15	1.284688E-16
5.800000E+03	5.206064E-15	1.294971E-16
5.810000E+03	5.266639E-15	1.305566E-16
5.820000E+03	5.327946E-15	1.316253E-16
5.830000E+03	5.391200E-15	1.327330E-16
5.840000E+03	5.455526E-15	1.338579E-16
5.850000E+03	5.520746E-15	1.349954E-16
5.860000E+03	5.585947E-15	1.361232E-16
5.870000E+03	5.652433E-15	1.372732E-16
5.880000E+03	5.718580E-15	1.384059E-16
5.890000E+03	5.785765E-15	1.395549E-16
5.900000E+03	5.852385E-15	1.406815E-16
5.910000E+03	5.919917E-15	1.418217E-16
5.920000E+03	5.986796E-15	1.429381E-16
5.930000E+03	6.054619E-15	1.440692E-16
5.940000E+03	6.121875E-15	1.451794E-16
5.950000E+03	6.189476E-15	1.462907E-16
5.960000E+03	6.258415E-15	1.474269E-16
5.970000E+03	6.327273E-15	1.485549E-16
5.980000E+03	6.397128E-15	1.497005E-16
5.990000E+03	6.468283E-15	1.508710E-16
6.000000E+03	6.541945E-15	1.520949E-16
6.010000E+03	6.616773E-15	1.533411E-16
6.020000E+03	6.694020E-15	1.546391E-16
6.030000E+03	6.774101E-15	1.559987E-16
6.040000E+03	6.857437E-15	1.574298E-16
6.050000E+03	6.944452E-15	1.589423E-16
6.060000E+03	7.035548E-15	1.605455E-16
6.070000E+03	7.131100E-15	1.622482E-16
6.080000E+03	7.231444E-15	1.640582E-16
6.090000E+03	7.336859E-15	1.659822E-16
6.100000E+03	7.447542E-15	1.680248E-16
6.110000E+03	7.563604E-15	1.701891E-16
6.120000E+03	7.685042E-15	1.724754E-16
6.130000E+03	7.811720E-15	1.748814E-16
6.140000E+03	7.942304E-15	1.773781E-16
6.150000E+03	8.078399E-15	1.800025E-16
6.160000E+03	8.218321E-15	1.827182E-16
6.170000E+03	8.361190E-15	1.855072E-16
6.180000E+03	8.504778E-15	1.883219E-16
6.190000E+03	8.649952E-15	1.911836E-16
6.200000E+03	8.794005E-15	1.940348E-16
6.210000E+03	8.933921E-15	1.968115E-16
6.220000E+03	9.069970E-15	1.995225E-16
6.230000E+03	9.197553E-15	2.020698E-16
6.240000E+03	9.316750E-15	2.044583E-16
6.250000E+03	9.422825E-15	2.065871E-16
6.260000E+03	9.516135E-15	2.084674E-16
6.270000E+03	9.592554E-15	2.100118E-16
6.280000E+03	9.653895E-15	2.112626E-16
6.290000E+03	9.698259E-15	2.121809E-16
6.300000E+03	9.729870E-15	2.128610E-16
6.310000E+03	9.748402E-15	2.132973E-16
6.320000E+03	9.757626E-15	2.135739E-16
6.330000E+03	9.761395E-15	2.137760E-16
6.340000E+03	9.759643E-15	2.139032E-16
6.350000E+03	9.755990E-15	2.140343E-16
6.360000E+03	9.752538E-15	2.142142E-16
6.370000E+03	9.752388E-15	2.145097E-16
6.380000E+03	9.754491E-15	2.148966E-16
6.390000E+03	9.761342E-15	2.154290E-16
6.400000E+03	9.773848E-15	2.161261E-16
6.410000E+03	9.792620E-15	2.170009E-16
6.420000E+03	9.817976E-15	2.180602E-16
6.430000E+03	9.849964E-15	2.193049E-16
6.440000E+03	9.889666E-15	2.207593E-16
6.450000E+03	9.934011E-15	2.223547E-16
6.460000E+03	9.983598E-15	2.241047E-16
6.470000E+03	1.003751E-14	2.259885E-16
6.480000E+03	1.009465E-14	2.279813E-16
6.490000E+03	1.015376E-14	2.300542E-16
6.500000E+03	1.021344E-14	2.321753E-16
6.510000E+03	1.027223E-14	2.343099E-16
6.520000E+03	1.032722E-14	2.363906E-16
6.530000E+03	1.037958E-14	2.384425E-16
6.540000E+03	1.042644E-14	2.403975E-16
6.550000E+03	1.046633E-14	2.422191E-16
6.560000E+03	1.049787E-14	2.438724E-16
6.570000E+03	1.051978E-14	2.453246E-16
6.580000E+03	1.052957E-14	2.465132E-16
6.590000E+03	1.052906E-14	2.474768E-16
6.600000E+03	1.051609E-14	2.481602E-16
6.610000E+03	1.049009E-14	2.485452E-16
6.620000E+03	1.044929E-14	2.485849E-16
6.630000E+03	1.039629E-14	2.483358E-16
6.640000E+03	1.032971E-14	2.477604E-16
6.650000E+03	1.024841E-14	2.468256E-16
6.660000E+03	1.015548E-14	2.456009E-16
6.670000E+03	1.005006E-14	2.440610E-16
6.680000E+03	9.931514E-15	2.421852E-16
6.690000E+03	9.803244E-15	2.400521E-16
6.700000E+03	9.663512E-15	2.376150E-16
6.710000E+03	9.515841E-15	2.349566E-16
6.720000E+03	9.359943E-15	2.320665E-16
6.730000E+03	9.195651E-15	2.289372E-16
6.740000E+03	9.026511E-15	2.256542E-16
6.750000E+03	8.851210E-15	2.221824E-16
6.760000E+03	8.672074E-15	2.185780E-16
6.770000E+03	8.491321E-15	2.148956E-16
6.780000E+03	8.307740E-15	2.111035E-16
6.790000E+03	8.124587E-15	2.072836E-16
6.800000E+03	7.940654E-15	2.034047E-16
6.810000E+03	7.758983E-15	1.995448E-16
6.820000E+03	7.578326E-15	1.956721E-16
6.830000E+03	7.400494E-15	1.918338E-16
6.840000E+03	7.227120E-15	1.880731E-16
6.850000E+03	7.056847E-15	1.843560E-16
6.860000E+03	6.891154E-15	1.807223E-16
6.870000E+03	6.730454E-15	1.771842E-16
6.880000E+03	6.575950E-15	1.737751E-16
6.890000E+03	6.426124E-15	1.704567E-16
6.900000E+03	6.282043E-15	1.672589E-16
6.910000E+03	6.143817E-15	1.641866E-16
6.920000E+03	6.011484E-15	1.612427E-16
6.930000E+03	5.885815E-15	1.584497E-16
6.940000E+03	5.765161E-15	1.557654E-16
6.950000E+03	5.650208E-15	1.532099E-16
6.960000E+03	5.540805E-15	1.507811E-16
6.970000E+03	5.436765E-15	1.484755E-16
6.980000E+03	5.337872E-15	1.462891E-16
6.990000E+03	5.243892E-15	1.442171E-16
7.000000E+03	5.154565E-15	1.422540E-16
7.010000E+03	5.069625E-15	1.403939E-16
7.020000E+03	4.988794E-15	1.386307E-16
7.030000E+03	4.911791E-15	1.369577E-16
7.040000E+03	4.838334E-15	1.353686E-16
7.050000E+03	4.768147E-15	1.338566E-16
7.060000E+03	4.700957E-15	1.324154E-16
7.070000E+03	4.636500E-15	1.310384E-16
7.080000E+03	4.574528E-15	1.297197E-16
7.090000E+03	4.514805E-15	1.284535E-16
7.100000E+03	4.457109E-15	1.272343E-16
7.110000E+03	4.400648E-15	1.260402E-16
7.120000E+03	4.346420E-15	1.249004E-16
7.130000E+03	4.293663E-15	1.237939E-16
7.140000E+03	4.242226E-15	1.227169E-16
7.150000E+03	4.191976E-15	1.216662E-16
7.160000E+03	4.142243E-15	1.206227E-16
7.170000E+03	4.094042E-15	1.196166E-16
7.180000E+03	4.046725E-15	1.186294E-16
7.190000E+03	4.000218E-15	1.176595E-16
7.200000E+03	3.953928E-15	1.166898E-16
7.210000E+03	3.908866E-15	1.157505E-16
7.220000E+03	3.864448E-15	1.148249E-16
7.230000E+03	3.820125E-15	1.138968E-16
7.240000E+03	3.776889E-15	1.129964E-16
7.250000E+03	3.733694E-15	1.120925E-16
7.260000E+03	3.691520E-15	1.112150E-16
7.270000E+03	3.649838E-15	1.103483E-16
7.280000E+03	3.608144E-15	1.094775E-16
7.290000E+03	3.567394E-15	1.086319E-16
7.300000E+03	3.526612E-15	1.077820E-16
7.310000E+03	3.486740E-15	1.069568E-16
7.320000E+03	3.446824E-15	1.061275E-16
7.330000E+03	3.407794E-15	1.053229E-16
7.340000E+03	3.368724E-15	1.045146E-16
7.350000E+03	3.330080E-15	1.037173E-16
7.360000E+03	3.292311E-15	1.029452E-16
7.370000E+03	3.254533E-15	1.021710E-16
7.380000E+03	3.217640E-15	1.014230E-16
7.390000E+03	3.180777E-15	1.006744E-16
7.400000E+03	3.144400E-15	9.993983E-17
7.410000E+03	3.108534E-15	9.922026E-17
7.420000E+03	3.073617E-15	9.853001E-17
7.430000E+03	3.038839E-15	9.784343E-17
7.440000E+03	3.004652E-15	9.717511E-17
7.450000E+03	2.971481E-15	9.653921E-17
7.460000E+03	2.938551E-15	9.591077E-17
7.470000E+03	2.906290E-15	9.530400E-17
7.480000E+03	2.874727E-15	9.472006E-17
7.490000E+03	2.843884E-15	9.415998E-17
7.500000E+03	2.813782E-15	9.362477E-17
7.510000E+03	2.784438E-15	9.311532E-17
7.520000E+03	2.756240E-15	9.264493E-17
7.530000E+03	2.728447E-15	9.218915E-17
7.540000E+03	2.701443E-15	9.176112E-17
7.550000E+03	2.675231E-15	9.136103E-17
7.560000E+03	2.649809E-15	9.098880E-17
7.570000E+03	2.625168E-15	9.064412E-17
7.580000E+03	2.601299E-15	9.032663E-17
7.590000E+03	2.578185E-15	9.003574E-17
7.600000E+03	2.555807E-15	8.977082E-17
7.610000E+03	2.533796E-15	8.951888E-17
7.620000E+03	2.512817E-15	8.930333E-17
7.630000E+03	2.492491E-15	8.911090E-17
7.640000E+03	2.472787E-15	8.894046E-17
7.650000E+03	2.453666E-15	8.879070E-17
7.660000E+03	2.435090E-15	8.866019E-17
7.670000E+03	2.416689E-15	8.853539E-17
7.680000E+03	2.399082E-15	8.843892E-17
7.690000E+03	2.381898E-15	8.835720E-17
7.700000E+03	2.365097E-15	8.828872E-17
7.710000E+03	2.348324E-15	8.822008E-17
7.720000E+03	2.332197E-15	8.817438E-17
7.730000E+03	2.316375E-15	8.813877E-17
7.740000E+03	2.300529E-15	8.810058E-17
7.750000E+03	2.285279E-15	8.808342E-17
7.760000E+03	2.270299E-15	8.807482E-17
7.770000E+03	2.255270E-15	8.806220E-17
7.780000E+03	2.240804E-15	8.806938E-17
7.790000E+03	2.226276E-15	8.807177E-17
7.800000E+03	2.212290E-15	8.809312E-17
7.810000E+03	2.198229E-15	8.810888E-17
7.820000E+03	2.184691E-15	8.814289E-17
7.830000E+03	2.171068E-15	8.817063E-17
7.840000E+03	2.157953E-15	8.821603E-17
7.850000E+03	2.144744E-15	8.825459E-17
7.860000E+03	2.131739E-15	8.829828E-17
7.870000E+03	2.119229E-15	8.835925E-17
7.880000E+03	2.106628E-15	8.841309E-17
7.890000E+03	2.094234E-15	8.847209E-17
7.900000E+03	2.082338E-15	8.854865E-17
7.910000E+03	2.070372E-15	8.861870E-17
7.920000E+03	2.058634E-15	8.869486E-17
7.930000E+03	2.047420E-15	8.878990E-17
7.940000E+03	2.036174E-15	8.887997E-17
7.950000E+03	2.025198E-15	8.897801E-17
7.960000E+03	2.014506E-15	8.908483E-17
7.970000E+03	2.004119E-15	8.920139E-17
7.980000E+03	1.994055E-15	8.932863E-17
7.990000E+03	1.984608E-15	8.948001E-17
8.000000E+03	1.975249E-15	8.963182E-17
8.010000E+03	1.966273E-15	8.979760E-17
8.020000E+03	1.957701E-15	8.997846E-17
8.030000E+03	1.949553E-15	9.017557E-17
8.040000E+03	1.941850E-15	9.039018E-17
8.050000E+03	1.934609E-15	9.062337E-17
8.060000E+03	1.927851E-15	9.087639E-17
8.070000E+03	1.921592E-15	9.115040E-17
8.080000E+03	1.915847E-15	9.144646E-17
8.090000E+03	1.910367E-15	9.175289E-17
8.100000E+03	1.905699E-15	9.209635E-17
8.110000E+03	1.901588E-15	9.246504E-17
8.120000E+03	1.898046E-15	9.286002E-17
8.130000E+03	1.895083E-15	9.328212E-17
8.140000E+03	1.892707E-15	9.373231E-17
8.150000E+03	1.890662E-15	9.419815E-17
8.160000E+03	1.889482E-15	9.470672E-17
8.170000E+03	1.888906E-15	9.524554E-17
8.180000E+03	1.888937E-15	9.581521E-17
8.190000E+03	1.889310E-15	9.640279E-17
8.200000E+03	1.890555E-15	9.703562E-17
8.210000E+03	1.892404E-15	9.770065E-17
8.220000E+03	1.894588E-15	9.838439E-17
8.230000E+03	1.897634E-15	9.911458E-17
8.240000E+03	1.901268E-15	9.987762E-17
8.250000E+03	1.905215E-15	1.006594E-16
8.260000E+03	1.910002E-15	1.014881E-16
8.270000E+03	1.915078E-15	1.023350E-16
8.280000E+03	1.920971E-15	1.032288E-16
8.290000E+03	1.927126E-15	1.041401E-16
8.300000E+03	1.934071E-15	1.050977E-16
8.310000E+03	1.941241E-15	1.060716E-16
8.320000E+03	1.949167E-15	1.070909E-16
8.330000E+03	1.957278E-15	1.081248E-16
8.340000E+03	1.965825E-15	1.091874E-16
8.350000E+03	1.975064E-15	1.102932E-16
8.360000E+03	1.984410E-15	1.114101E-16
8.370000E+03	1.994398E-15	1.125681E-16
8.380000E+03	2.004433E-15	1.137342E-16
8.390000E+03	2.014765E-15	1.149225E-16
8.400000E+03	2.025361E-15	1.161314E-16
8.410000E+03	2.036476E-15	1.173757E-16
8.420000E+03	2.047495E-15	1.186203E-16
8.430000E+03	2.058669E-15	1.198796E-16
8.440000E+03	2.069959E-15	1.211515E-16
8.450000E+03	2.081623E-15	1.224510E-16
8.460000E+03	2.093026E-15	1.237410E-16
8.470000E+03	2.104422E-15	1.250363E-16
8.480000E+03	2.115770E-15	1.263344E-16
8.490000E+03	2.127027E-15	1.276326E-16
8.500000E+03	2.138152E-15	1.289283E-16
8.510000E+03	2.149411E-15	1.302374E-16
8.520000E+03	2.160149E-15	1.315202E-16
8.530000E+03	2.170632E-15	1.327923E-16
8.540000E+03	2.180822E-15	1.340513E-16
8.550000E+03	2.190681E-15	1.352943E-16
8.560000E+03	2.200172E-15	1.365189E-16
8.570000E+03	2.209261E-15	1.377225E-16
8.580000E+03	2.217916E-15	1.389027E-16
8.590000E+03	2.226106E-15	1.400571E-16
8.600000E+03	2.233802E-15	1.411835E-16
8.610000E+03	2.240978E-15	1.422798E-16
8.620000E+03	2.247610E-15	1.433438E-16
8.630000E+03	2.253677E-15	1.443738E-16
8.640000E+03	2.258832E-15	1.453470E-16
8.650000E+03	2.263712E-15	1.463036E-16
8.660000E+03	2.267978E-15	1.472214E-16
8.670000E+03	2.271615E-15	1.480989E-16
8.680000E+03	2.274618E-15	1.489351E-16
8.690000E+03	2.276978E-15	1.497290E-16
8.700000E+03	2.278691E-15	1.504797E-16
8.710000E+03	2.279424E-15	1.511645E-16
8.720000E+03	2.279840E-15	1.518268E-16
8.730000E+03	2.279611E-15	1.524442E-16
8.740000E+03	2.278741E-15	1.530166E-16
8.750000E+03	2.277235E-15	1.535438E-16
8.760000E+03	2.274771E-15	1.540033E-16
8.770000E+03	2.272022E-15	1.544402E-16
8.780000E+03	2.268668E-15	1.548323E-16
8.790000E+03	2.264721E-15	1.551800E-16
8.800000E+03	2.259865E-15	1.554610E-16
8.810000E+03	2.254778E-15	1.557214E-16
8.820000E+03	2.249144E-15	1.559392E-16
8.830000E+03	2.242653E-15	1.560923E-16
8.840000E+03	2.235982E-15	1.562273E-16
8.850000E+03	2.228821E-15	1.563223E-16
8.860000E+03	2.220863E-15	1.563554E-16
8.870000E+03	2.212783E-15	1.563736E-16
8.880000E+03	2.204275E-15	1.563552E-16
8.890000E+03	2.195036E-15	1.562781E-16
8.900000E+03	2.185736E-15	1.561898E-16
8.910000E+03	2.175749E-15	1.560453E-16
8.920000E+03	2.165741E-15	1.558920E-16
8.930000E+03	2.155409E-15	1.557081E-16
8.940000E+03	2.144457E-15	1.554719E-16
8.950000E+03	2.133541E-15	1.552305E-16
8.960000E+03	2.122046E-15	1.549392E-16
8.970000E+03	2.110622E-15	1.546452E-16
8.980000E+03	2.098971E-15	1.543266E-16
8.990000E+03	2.086801E-15	1.539618E-16
9.000000E+03	2.074750E-15	1.535977E-16
9.040000E+03	2.024338E-15	1.518944E-16
9.080000E+03	1.972067E-15	1.499179E-16
9.120000E+03	1.918729E-15	1.477257E-16
9.160000E+03	1.864980E-15	1.453681E-16
9.200000E+03	1.811359E-15	1.428890E-16
9.240000E+03	1.758302E-15	1.403260E-16
9.280000E+03	1.706151E-15	1.377108E-16
9.320000E+03	1.655170E-15	1.350699E-16
9.360000E+03	1.605554E-15	1.324250E-16
9.400000E+03	1.557440E-15	1.297936E-16
9.440000E+03	1.511155E-15	1.272095E-16
9.480000E+03	1.466280E-15	1.246440E-16
9.520000E+03	1.423080E-15	1.221256E-16
9.560000E+03	1.381772E-15	1.196793E-16
9.600000E+03	1.342115E-15	1.172908E-16
9.640000E+03	1.304081E-15	1.149633E-16
9.680000E+03	1.267631E-15	1.126993E-16
9.720000E+03	1.232723E-15	1.105001E-16
9.760000E+03	1.199305E-15	1.083664E-16
9.800000E+03	1.167511E-15	1.063152E-16
9.840000E+03	1.137090E-15	1.043285E-16
9.880000E+03	1.107983E-15	1.024054E-16
9.920000E+03	1.080306E-15	1.005606E-16
9.960000E+03	1.053648E-15	9.875984E-17
1.000000E+04	1.028292E-15	9.703316E-17
1.004000E+04	1.004005E-15	9.536217E-17
1.008000E+04	9.808883E-16	9.375966E-17
1.012000E+04	9.587165E-16	9.220728E-17
1.016000E+04	9.374351E-16	9.070250E-17
1.020000E+04	9.169902E-16	8.924261E-17
1.024000E+04	8.974767E-16	8.783932E-17
1.028000E+04	8.786928E-16	8.647524E-17
1.032000E+04	8.605927E-16	8.514790E-17
