#wls	flux	fluxerr
1.586090E+03	1.002228E-03	5.911653E-05
1.625742E+03	9.699207E-04	5.720454E-05
1.665394E+03	9.400224E-04	5.543487E-05
1.705047E+03	9.129727E-04	5.383343E-05
1.744699E+03	8.883922E-04	5.237781E-05
1.784351E+03	8.662384E-04	5.106545E-05
1.824003E+03	8.467572E-04	4.991079E-05
1.863656E+03	8.297505E-04	4.890213E-05
1.903308E+03	8.151794E-04	4.803712E-05
1.942960E+03	8.030124E-04	4.731384E-05
1.982612E+03	7.933581E-04	4.673865E-05
2.022265E+03	7.860681E-04	4.630275E-05
2.061917E+03	7.812686E-04	4.601351E-05
2.101569E+03	7.789651E-04	4.587119E-05
2.141221E+03	7.790531E-04	4.586959E-05
2.180874E+03	7.818172E-04	4.602538E-05
2.220526E+03	7.871832E-04	4.633413E-05
2.260178E+03	7.953421E-04	4.680701E-05
2.299830E+03	8.062562E-04	4.744171E-05
2.339483E+03	8.202805E-04	4.825903E-05
2.379135E+03	8.372944E-04	4.925178E-05
2.418787E+03	8.577009E-04	5.044356E-05
2.458439E+03	8.815511E-04	5.183727E-05
2.498092E+03	9.091791E-04	5.345242E-05
2.537744E+03	9.408214E-04	5.530279E-05
2.577396E+03	9.768830E-04	5.741203E-05
2.617048E+03	1.017531E-03	5.978977E-05
2.656701E+03	1.063242E-03	6.246388E-05
2.696353E+03	1.114544E-03	6.546522E-05
2.736005E+03	1.171711E-03	6.880951E-05
2.775657E+03	1.235352E-03	7.253240E-05
2.815310E+03	1.305968E-03	7.666300E-05
2.854962E+03	1.384267E-03	8.124259E-05
2.894614E+03	1.470652E-03	8.629444E-05
2.934266E+03	1.566277E-03	9.188600E-05
2.973919E+03	1.671419E-03	9.803306E-05
2.983832E+03	1.699215E-03	9.965796E-05
2.993745E+03	1.727756E-03	1.013263E-04
3.003658E+03	1.757054E-03	1.030389E-04
3.013571E+03	1.786916E-03	1.047843E-04
3.023484E+03	1.817556E-03	1.065752E-04
3.033397E+03	1.848777E-03	1.083999E-04
3.043310E+03	1.880797E-03	1.102712E-04
3.053223E+03	1.913631E-03	1.121900E-04
3.063136E+03	1.947069E-03	1.141440E-04
3.073049E+03	1.981342E-03	1.161467E-04
3.082962E+03	2.016461E-03	1.181987E-04
3.092875E+03	2.052209E-03	1.202874E-04
3.102789E+03	2.088822E-03	1.224265E-04
3.112702E+03	2.126077E-03	1.246029E-04
3.122615E+03	2.164452E-03	1.268447E-04
3.132528E+03	2.203486E-03	1.291249E-04
3.142441E+03	2.243181E-03	1.314435E-04
3.152354E+03	2.283784E-03	1.338150E-04
3.162267E+03	2.325306E-03	1.362400E-04
3.172180E+03	2.367756E-03	1.387192E-04
3.182093E+03	2.411144E-03	1.412529E-04
3.192006E+03	2.455218E-03	1.438266E-04
3.201919E+03	2.500240E-03	1.464554E-04
3.211832E+03	2.545953E-03	1.491243E-04
3.221745E+03	2.592619E-03	1.518488E-04
3.231658E+03	2.640517E-03	1.546450E-04
3.241571E+03	2.688838E-03	1.574657E-04
3.251484E+03	2.738403E-03	1.603589E-04
3.261398E+03	2.788659E-03	1.632921E-04
3.271311E+03	2.840172E-03	1.662986E-04
3.281224E+03	2.892376E-03	1.693451E-04
3.291137E+03	2.945262E-03	1.724312E-04
3.301050E+03	2.999410E-03	1.755908E-04
3.310963E+03	3.054234E-03	1.787895E-04
3.320876E+03	3.110023E-03	1.820443E-04
3.330789E+03	3.166776E-03	1.853551E-04
3.340702E+03	3.224488E-03	1.887216E-04
3.350615E+03	3.283157E-03	1.921437E-04
3.360528E+03	3.342458E-03	1.956023E-04
3.370441E+03	3.402697E-03	1.991153E-04
3.380354E+03	3.463864E-03	2.026822E-04
3.390267E+03	3.525952E-03	2.063025E-04
3.400180E+03	3.588951E-03	2.099756E-04
3.410093E+03	3.652852E-03	2.137011E-04
3.420007E+03	3.717643E-03	2.174780E-04
3.429920E+03	3.782970E-03	2.212859E-04
3.439833E+03	3.849156E-03	2.251435E-04
3.449746E+03	3.916184E-03	2.290498E-04
3.459659E+03	3.984391E-03	2.330245E-04
3.469572E+03	4.052707E-03	2.370051E-04
3.479485E+03	4.122172E-03	2.410524E-04
3.489398E+03	4.192413E-03	2.451445E-04
3.499311E+03	4.263412E-03	2.492804E-04
3.509224E+03	4.334783E-03	2.534374E-04
3.519137E+03	4.407238E-03	2.576573E-04
3.529050E+03	4.480016E-03	2.618955E-04
3.538963E+03	4.553842E-03	2.661945E-04
3.548876E+03	4.627940E-03	2.705087E-04
3.558789E+03	4.702661E-03	2.748587E-04
3.568702E+03	4.777981E-03	2.792432E-04
3.578616E+03	4.853874E-03	2.836606E-04
3.588529E+03	4.930317E-03	2.881096E-04
3.598442E+03	5.007279E-03	2.925882E-04
3.608355E+03	5.084334E-03	2.970717E-04
3.618268E+03	5.162250E-03	3.016049E-04
3.628181E+03	5.240601E-03	3.061629E-04
3.638094E+03	5.318943E-03	3.107198E-04
3.648007E+03	5.398066E-03	3.153216E-04
3.657920E+03	5.477107E-03	3.199181E-04
3.667833E+03	5.556865E-03	3.245558E-04
3.677746E+03	5.636467E-03	3.291838E-04
3.687659E+03	5.716293E-03	3.338243E-04
3.697572E+03	5.796304E-03	3.384749E-04
3.707485E+03	5.876460E-03	3.431334E-04
3.717398E+03	5.956720E-03	3.477973E-04
3.727311E+03	6.037044E-03	3.524643E-04
3.737225E+03	6.116945E-03	3.571060E-04
3.747138E+03	6.197261E-03	3.617713E-04
3.757051E+03	6.277504E-03	3.664317E-04
3.766964E+03	6.357185E-03	3.710587E-04
3.776877E+03	6.436697E-03	3.756752E-04
3.786790E+03	6.515997E-03	3.802787E-04
3.796703E+03	6.595036E-03	3.848664E-04
3.806616E+03	6.673770E-03	3.894356E-04
3.816529E+03	6.752151E-03	3.939837E-04
3.826442E+03	6.829680E-03	3.984814E-04
3.836355E+03	6.907227E-03	4.029796E-04
3.846268E+03	6.983834E-03	4.074224E-04
3.856181E+03	7.059922E-03	4.118343E-04
3.866094E+03	7.135456E-03	4.162133E-04
3.876007E+03	7.209939E-03	4.205304E-04
3.885920E+03	7.283808E-03	4.248112E-04
3.895834E+03	7.357507E-03	4.290815E-04
3.905747E+03	7.429612E-03	4.332583E-04
3.915660E+03	7.501519E-03	4.374230E-04
3.925573E+03	7.572278E-03	4.415202E-04
3.935486E+03	7.642359E-03	4.455773E-04
3.945399E+03	7.711767E-03	4.495948E-04
3.955312E+03	7.780042E-03	4.535456E-04
3.965225E+03	7.847673E-03	4.574584E-04
3.975138E+03	7.914687E-03	4.613348E-04
3.985051E+03	7.980641E-03	4.651488E-04
3.994964E+03	8.046048E-03	4.689305E-04
4.004877E+03	8.110477E-03	4.726548E-04
4.014790E+03	8.174459E-03	4.763526E-04
4.024703E+03	8.237573E-03	4.799993E-04
4.034616E+03	8.300364E-03	4.836268E-04
4.044529E+03	8.362898E-03	4.872389E-04
4.054443E+03	8.424778E-03	4.908124E-04
4.064356E+03	8.486083E-03	4.943520E-04
4.074269E+03	8.547373E-03	4.978903E-04
4.084182E+03	8.608260E-03	5.014047E-04
4.094095E+03	8.669313E-03	5.049285E-04
4.104008E+03	8.729672E-03	5.084113E-04
4.113921E+03	8.790860E-03	5.119421E-04
4.123834E+03	8.851547E-03	5.154434E-04
4.133747E+03	8.912782E-03	5.189761E-04
4.143660E+03	8.974185E-03	5.225182E-04
4.153573E+03	9.035851E-03	5.260753E-04
4.163486E+03	9.098349E-03	5.296804E-04
4.173399E+03	9.160818E-03	5.332834E-04
4.183312E+03	9.224300E-03	5.369451E-04
4.193225E+03	9.288400E-03	5.406423E-04
4.203138E+03	9.353196E-03	5.443797E-04
4.213052E+03	9.418287E-03	5.481339E-04
4.222965E+03	9.484689E-03	5.519639E-04
4.232878E+03	9.551985E-03	5.558457E-04
4.242791E+03	9.620227E-03	5.597820E-04
4.252704E+03	9.689453E-03	5.637752E-04
4.262617E+03	9.759692E-03	5.678271E-04
4.272530E+03	9.830488E-03	5.719109E-04
4.282443E+03	9.902800E-03	5.760825E-04
4.292356E+03	9.975664E-03	5.802859E-04
4.302269E+03	1.004954E-02	5.845476E-04
4.312182E+03	1.012438E-02	5.888652E-04
4.322095E+03	1.019966E-02	5.932078E-04
4.332008E+03	1.027577E-02	5.975987E-04
4.341921E+03	1.035263E-02	6.020327E-04
4.351834E+03	1.042964E-02	6.064750E-04
4.361747E+03	1.050716E-02	6.109460E-04
4.371661E+03	1.058501E-02	6.154366E-04
4.381574E+03	1.066255E-02	6.199083E-04
4.391487E+03	1.074005E-02	6.243780E-04
4.401400E+03	1.081683E-02	6.288048E-04
4.411313E+03	1.089313E-02	6.332038E-04
4.421226E+03	1.096824E-02	6.375330E-04
4.431139E+03	1.104191E-02	6.417784E-04
4.441052E+03	1.111441E-02	6.459554E-04
4.450965E+03	1.118503E-02	6.500231E-04
4.460878E+03	1.125358E-02	6.539704E-04
4.470791E+03	1.132037E-02	6.578147E-04
4.480704E+03	1.138472E-02	6.615173E-04
4.490617E+03	1.144646E-02	6.650679E-04
4.500530E+03	1.150589E-02	6.684845E-04
4.510443E+03	1.156186E-02	6.716999E-04
4.520356E+03	1.161517E-02	6.747604E-04
4.530270E+03	1.166514E-02	6.776272E-04
4.540183E+03	1.171161E-02	6.802899E-04
4.550096E+03	1.175487E-02	6.827670E-04
4.560009E+03	1.179381E-02	6.849924E-04
4.569922E+03	1.182874E-02	6.869855E-04
4.579835E+03	1.185954E-02	6.887385E-04
4.589748E+03	1.188657E-02	6.902728E-04
4.599661E+03	1.190876E-02	6.915260E-04
4.609574E+03	1.192700E-02	6.925500E-04
4.619487E+03	1.194027E-02	6.932858E-04
4.629400E+03	1.194904E-02	6.937599E-04
4.639313E+03	1.195377E-02	6.940000E-04
4.649226E+03	1.195354E-02	6.939527E-04
4.659139E+03	1.194889E-02	6.936490E-04
4.669052E+03	1.193992E-02	6.930943E-04
4.678965E+03	1.192673E-02	6.922956E-04
4.688879E+03	1.190901E-02	6.912341E-04
4.698792E+03	1.188786E-02	6.899742E-04
4.708705E+03	1.186256E-02	6.884734E-04
4.718618E+03	1.183425E-02	6.867983E-04
4.728531E+03	1.180225E-02	6.849094E-04
4.738444E+03	1.176682E-02	6.828225E-04
4.748357E+03	1.172915E-02	6.806057E-04
4.758270E+03	1.168907E-02	6.782494E-04
4.768183E+03	1.164642E-02	6.757450E-04
4.778096E+03	1.160197E-02	6.731358E-04
4.788009E+03	1.155599E-02	6.704393E-04
4.797922E+03	1.150838E-02	6.676479E-04
4.807835E+03	1.146028E-02	6.648292E-04
4.817748E+03	1.141113E-02	6.619502E-04
4.827661E+03	1.136165E-02	6.590522E-04
4.837574E+03	1.131211E-02	6.561512E-04
4.847488E+03	1.126235E-02	6.532381E-04
4.857401E+03	1.121303E-02	6.503514E-04
4.867314E+03	1.116440E-02	6.475046E-04
4.877227E+03	1.111665E-02	6.447100E-04
4.887140E+03	1.106959E-02	6.419555E-04
4.897053E+03	1.102380E-02	6.392748E-04
4.906966E+03	1.097942E-02	6.366773E-04
4.916879E+03	1.093661E-02	6.341709E-04
4.926792E+03	1.089509E-02	6.317395E-04
4.936705E+03	1.085535E-02	6.294122E-04
4.946618E+03	1.081748E-02	6.271933E-04
4.956531E+03	1.078153E-02	6.250867E-04
4.966444E+03	1.074717E-02	6.230725E-04
4.976357E+03	1.071519E-02	6.211969E-04
4.986270E+03	1.068484E-02	6.194160E-04
4.996183E+03	1.065612E-02	6.177296E-04
5.006097E+03	1.062975E-02	6.161804E-04
5.016010E+03	1.060495E-02	6.147227E-04
5.025923E+03	1.058204E-02	6.133751E-04
5.035836E+03	1.056097E-02	6.121341E-04
5.045749E+03	1.054128E-02	6.109739E-04
5.055662E+03	1.052364E-02	6.099322E-04
5.065575E+03	1.050719E-02	6.089606E-04
5.075488E+03	1.049221E-02	6.080742E-04
5.085401E+03	1.047858E-02	6.072666E-04
5.095314E+03	1.046581E-02	6.065093E-04
5.105227E+03	1.045451E-02	6.058373E-04
5.115140E+03	1.044380E-02	6.052002E-04
5.125053E+03	1.043393E-02	6.046114E-04
5.134966E+03	1.042472E-02	6.040623E-04
5.144879E+03	1.041606E-02	6.035446E-04
5.154792E+03	1.040742E-02	6.030289E-04
5.164706E+03	1.039903E-02	6.025275E-04
5.174619E+03	1.039108E-02	6.020526E-04
5.184532E+03	1.038272E-02	6.015544E-04
5.194445E+03	1.037417E-02	6.010452E-04
5.204358E+03	1.036529E-02	6.005171E-04
5.214271E+03	1.035558E-02	5.999417E-04
5.224184E+03	1.034563E-02	5.993526E-04
5.234097E+03	1.033496E-02	5.987223E-04
5.244010E+03	1.032311E-02	5.980238E-04
5.253923E+03	1.031031E-02	5.972712E-04
5.263836E+03	1.029684E-02	5.964795E-04
5.273749E+03	1.028188E-02	5.956028E-04
5.283662E+03	1.026573E-02	5.946570E-04
5.293575E+03	1.024832E-02	5.936384E-04
5.303488E+03	1.022958E-02	5.925437E-04
5.313401E+03	1.020948E-02	5.913705E-04
5.323315E+03	1.018798E-02	5.901168E-04
5.333228E+03	1.016507E-02	5.887815E-04
5.343141E+03	1.014073E-02	5.873642E-04
5.353054E+03	1.011497E-02	5.858647E-04
5.362967E+03	1.008780E-02	5.842842E-04
5.372880E+03	1.005890E-02	5.826040E-04
5.382793E+03	1.002899E-02	5.808655E-04
5.392706E+03	9.997764E-03	5.790516E-04
5.402619E+03	9.965278E-03	5.771650E-04
5.412532E+03	9.931591E-03	5.752092E-04
5.422445E+03	9.896771E-03	5.731882E-04
5.432358E+03	9.860893E-03	5.711063E-04
5.442271E+03	9.824367E-03	5.689874E-04
5.452184E+03	9.786624E-03	5.667982E-04
5.462097E+03	9.748084E-03	5.645634E-04
5.472010E+03	9.709174E-03	5.623075E-04
5.481924E+03	9.669340E-03	5.599985E-04
5.491837E+03	9.629336E-03	5.576800E-04
5.501750E+03	9.588940E-03	5.553392E-04
5.511663E+03	9.548259E-03	5.529822E-04
5.521576E+03	9.507398E-03	5.506152E-04
5.531489E+03	9.466456E-03	5.482438E-04
5.541402E+03	9.425538E-03	5.458742E-04
5.551315E+03	9.385050E-03	5.435297E-04
5.561228E+03	9.344768E-03	5.411975E-04
5.571141E+03	9.304776E-03	5.388825E-04
5.581054E+03	9.265153E-03	5.365891E-04
5.590967E+03	9.225968E-03	5.343214E-04
5.600880E+03	9.187588E-03	5.321007E-04
5.610793E+03	9.149758E-03	5.299121E-04
5.620706E+03	9.112515E-03	5.277577E-04
5.630619E+03	9.075888E-03	5.256394E-04
5.640533E+03	9.040200E-03	5.235757E-04
5.650446E+03	9.005147E-03	5.215491E-04
5.660359E+03	8.970724E-03	5.195592E-04
5.670272E+03	8.937208E-03	5.176221E-04
5.680185E+03	8.903967E-03	5.157012E-04
5.690098E+03	8.871849E-03	5.138456E-04
5.700011E+03	8.839902E-03	5.120002E-04
5.709924E+03	8.808647E-03	5.101951E-04
5.719837E+03	8.777707E-03	5.084085E-04
5.729750E+03	8.747285E-03	5.066521E-04
5.739663E+03	8.716691E-03	5.048861E-04
5.749576E+03	8.686693E-03	5.031548E-04
5.759489E+03	8.656301E-03	5.014008E-04
5.769402E+03	8.626263E-03	4.996677E-04
5.779315E+03	8.595588E-03	4.978979E-04
5.789228E+03	8.564725E-03	4.961174E-04
5.799142E+03	8.533262E-03	4.943023E-04
5.809055E+03	8.501359E-03	4.924620E-04
5.818968E+03	8.468894E-03	4.905893E-04
5.828881E+03	8.435180E-03	4.886444E-04
5.838794E+03	8.400959E-03	4.866705E-04
5.848707E+03	8.365284E-03	4.846124E-04
5.858620E+03	8.328624E-03	4.824975E-04
5.868533E+03	8.290901E-03	4.803211E-04
5.878446E+03	8.251764E-03	4.780631E-04
5.888359E+03	8.211435E-03	4.757361E-04
5.898272E+03	8.169596E-03	4.733218E-04
5.908185E+03	8.126492E-03	4.708344E-04
5.918098E+03	8.081836E-03	4.682572E-04
5.928011E+03	8.035899E-03	4.656059E-04
5.937924E+03	7.988693E-03	4.628811E-04
5.947837E+03	7.939970E-03	4.600687E-04
5.957751E+03	7.889774E-03	4.571709E-04
5.967664E+03	7.838685E-03	4.542215E-04
5.977577E+03	7.785964E-03	4.511776E-04
5.987490E+03	7.732476E-03	4.480894E-04
5.997403E+03	7.677769E-03	4.449306E-04
6.007316E+03	7.621928E-03	4.417062E-04
6.017229E+03	7.565558E-03	4.384512E-04
6.027142E+03	7.508238E-03	4.351411E-04
6.037055E+03	7.450061E-03	4.317814E-04
6.046968E+03	7.391380E-03	4.283926E-04
6.056881E+03	7.332290E-03	4.249800E-04
6.066794E+03	7.272884E-03	4.215492E-04
6.076707E+03	7.213008E-03	4.180912E-04
6.086620E+03	7.152997E-03	4.146253E-04
6.096533E+03	7.092694E-03	4.111425E-04
6.106446E+03	7.032665E-03	4.076756E-04
6.116360E+03	6.972502E-03	4.042009E-04
6.126273E+03	6.912514E-03	4.007364E-04
6.136186E+03	6.852530E-03	3.972720E-04
6.146099E+03	6.792842E-03	3.938248E-04
6.156012E+03	6.733502E-03	3.903977E-04
6.165925E+03	6.674549E-03	3.869931E-04
6.175838E+03	6.615789E-03	3.835996E-04
6.185751E+03	6.557484E-03	3.802324E-04
6.195664E+03	6.499651E-03	3.768926E-04
6.205577E+03	6.442307E-03	3.735810E-04
6.215490E+03	6.385454E-03	3.702979E-04
6.225403E+03	6.328876E-03	3.670306E-04
6.235316E+03	6.272786E-03	3.637915E-04
6.245229E+03	6.217171E-03	3.605799E-04
6.255142E+03	6.162008E-03	3.573945E-04
6.265055E+03	6.107273E-03	3.542338E-04
6.274969E+03	6.052724E-03	3.510837E-04
6.284882E+03	5.998534E-03	3.479544E-04
6.294795E+03	5.944663E-03	3.448434E-04
6.304708E+03	5.891063E-03	3.417481E-04
6.314621E+03	5.837684E-03	3.386655E-04
6.324534E+03	5.784474E-03	3.355925E-04
6.334447E+03	5.731381E-03	3.325263E-04
6.344360E+03	5.678152E-03	3.294519E-04
6.354273E+03	5.625140E-03	3.263901E-04
6.364186E+03	5.571902E-03	3.233149E-04
6.374099E+03	5.518595E-03	3.202357E-04
6.384012E+03	5.465179E-03	3.171499E-04
6.393925E+03	5.411811E-03	3.140667E-04
6.403838E+03	5.358068E-03	3.109617E-04
6.413751E+03	5.304116E-03	3.078443E-04
6.423664E+03	5.249738E-03	3.047020E-04
6.433578E+03	5.195284E-03	3.015551E-04
6.443491E+03	5.140545E-03	2.983914E-04
6.453404E+03	5.085506E-03	2.952102E-04
6.463317E+03	5.030160E-03	2.920109E-04
6.473230E+03	4.974504E-03	2.887934E-04
6.483143E+03	4.918542E-03	2.855579E-04
6.493056E+03	4.862116E-03	2.822953E-04
6.502969E+03	4.805594E-03	2.790268E-04
6.512882E+03	4.748828E-03	2.757439E-04
6.522795E+03	4.691857E-03	2.724489E-04
6.532708E+03	4.634724E-03	2.691443E-04
6.542621E+03	4.577483E-03	2.658330E-04
6.552534E+03	4.520194E-03	2.625188E-04
6.562447E+03	4.462922E-03	2.592053E-04
6.572360E+03	4.405743E-03	2.558969E-04
6.582273E+03	4.348733E-03	2.525980E-04
6.592187E+03	4.292129E-03	2.493225E-04
6.602100E+03	4.235709E-03	2.460574E-04
6.612013E+03	4.179714E-03	2.428167E-04
6.621926E+03	4.124389E-03	2.396146E-04
6.631839E+03	4.069670E-03	2.364475E-04
6.641752E+03	4.015502E-03	2.333121E-04
6.651665E+03	3.962269E-03	2.302308E-04
6.661578E+03	3.909911E-03	2.272000E-04
6.671491E+03	3.858512E-03	2.242247E-04
6.681404E+03	3.808154E-03	2.213097E-04
6.691317E+03	3.759051E-03	2.184673E-04
6.701230E+03	3.710998E-03	2.156857E-04
6.711143E+03	3.664335E-03	2.129846E-04
6.721056E+03	3.618850E-03	2.103517E-04
6.730969E+03	3.574866E-03	2.078059E-04
6.740882E+03	3.532297E-03	2.053420E-04
6.750796E+03	3.491181E-03	2.029624E-04
6.760709E+03	3.451557E-03	2.006693E-04
6.770622E+03	3.413574E-03	1.984715E-04
6.780535E+03	3.377007E-03	1.963557E-04
6.790448E+03	3.342118E-03	1.943374E-04
6.800361E+03	3.308794E-03	1.924098E-04
6.810274E+03	3.277036E-03	1.905731E-04
6.820187E+03	3.246846E-03	1.888274E-04
6.830100E+03	3.218217E-03	1.871724E-04
6.840013E+03	3.191137E-03	1.856073E-04
6.849926E+03	3.165708E-03	1.841381E-04
6.859839E+03	3.141677E-03	1.827500E-04
6.869752E+03	3.119252E-03	1.814553E-04
6.879665E+03	3.098294E-03	1.802457E-04
6.889578E+03	3.078767E-03	1.791193E-04
6.899491E+03	3.060645E-03	1.780746E-04
6.909405E+03	3.044002E-03	1.771158E-04
6.919318E+03	3.028577E-03	1.762278E-04
6.929231E+03	3.014557E-03	1.754214E-04
6.939144E+03	3.001676E-03	1.746813E-04
6.949057E+03	2.990114E-03	1.740179E-04
6.958970E+03	2.979720E-03	1.734223E-04
6.968883E+03	2.970445E-03	1.728919E-04
6.978796E+03	2.962243E-03	1.724239E-04
6.988709E+03	2.955072E-03	1.720158E-04
6.998622E+03	2.948989E-03	1.716710E-04
7.008535E+03	2.943729E-03	1.713741E-04
7.018448E+03	2.939350E-03	1.711285E-04
7.028361E+03	2.935915E-03	1.709378E-04
7.038274E+03	2.933152E-03	1.707863E-04
7.048187E+03	2.931230E-03	1.706836E-04
7.058100E+03	2.929987E-03	1.706206E-04
7.068014E+03	2.929373E-03	1.705941E-04
7.077927E+03	2.929222E-03	1.705947E-04
7.087840E+03	2.929706E-03	1.706322E-04
7.097753E+03	2.930659E-03	1.706970E-04
7.107666E+03	2.932029E-03	1.707862E-04
7.117579E+03	2.933764E-03	1.708966E-04
7.127492E+03	2.935698E-03	1.710186E-04
7.137405E+03	2.938001E-03	1.711622E-04
7.147318E+03	2.940511E-03	1.713177E-04
7.157231E+03	2.943175E-03	1.714823E-04
7.167144E+03	2.945943E-03	1.716530E-04
7.177057E+03	2.948648E-03	1.718201E-04
7.186970E+03	2.951469E-03	1.719939E-04
7.196883E+03	2.954131E-03	1.721584E-04
7.206796E+03	2.956813E-03	1.723242E-04
7.216709E+03	2.959242E-03	1.724752E-04
7.226623E+03	2.961602E-03	1.726222E-04
7.236536E+03	2.963622E-03	1.727494E-04
7.246449E+03	2.965374E-03	1.728611E-04
7.256362E+03	2.966822E-03	1.729550E-04
7.266275E+03	2.967926E-03	1.730288E-04
7.276188E+03	2.968541E-03	1.730742E-04
7.286101E+03	2.968861E-03	1.731023E-04
7.296014E+03	2.968628E-03	1.730983E-04
7.305927E+03	2.968045E-03	1.730737E-04
7.315840E+03	2.966857E-03	1.730139E-04
7.325753E+03	2.965156E-03	1.729243E-04
7.335666E+03	2.962805E-03	1.727967E-04
7.345579E+03	2.960020E-03	1.726437E-04
7.355492E+03	2.956552E-03	1.724509E-04
7.365405E+03	2.952504E-03	1.722242E-04
7.375318E+03	2.947863E-03	1.719629E-04
7.385232E+03	2.942507E-03	1.716599E-04
7.395145E+03	2.936655E-03	1.713279E-04
7.405058E+03	2.930073E-03	1.709533E-04
7.414971E+03	2.922757E-03	1.705358E-04
7.424884E+03	2.914930E-03	1.700884E-04
7.434797E+03	2.906363E-03	1.695978E-04
7.444710E+03	2.897168E-03	1.690706E-04
7.454623E+03	2.887346E-03	1.685066E-04
7.464536E+03	2.876780E-03	1.678992E-04
7.474449E+03	2.865588E-03	1.672551E-04
7.484362E+03	2.853768E-03	1.665744E-04
7.494275E+03	2.841209E-03	1.658504E-04
7.504188E+03	2.828027E-03	1.650899E-04
7.514101E+03	2.814220E-03	1.642929E-04
7.524014E+03	2.799681E-03	1.634531E-04
7.533927E+03	2.784520E-03	1.625769E-04
7.543841E+03	2.768630E-03	1.616580E-04
7.553754E+03	2.752230E-03	1.607092E-04
7.563667E+03	2.734993E-03	1.597115E-04
7.573580E+03	2.717249E-03	1.586839E-04
7.583493E+03	2.698779E-03	1.576140E-04
7.593406E+03	2.679586E-03	1.565016E-04
7.603319E+03	2.659888E-03	1.553597E-04
7.613232E+03	2.639364E-03	1.541694E-04
7.623145E+03	2.618335E-03	1.529494E-04
7.633058E+03	2.596596E-03	1.516879E-04
7.642971E+03	2.574149E-03	1.503847E-04
7.652884E+03	2.551105E-03	1.490467E-04
7.662797E+03	2.527473E-03	1.476741E-04
7.672710E+03	2.503155E-03	1.462612E-04
7.682623E+03	2.478265E-03	1.448148E-04
7.692536E+03	2.452715E-03	1.433297E-04
7.702450E+03	2.426620E-03	1.418126E-04
7.712363E+03	2.399995E-03	1.402643E-04
7.722276E+03	2.372765E-03	1.386805E-04
7.732189E+03	2.344950E-03	1.370623E-04
7.742102E+03	2.316672E-03	1.354169E-04
7.752015E+03	2.287961E-03	1.337460E-04
7.761928E+03	2.258751E-03	1.320458E-04
7.771841E+03	2.229078E-03	1.303182E-04
7.781754E+03	2.199071E-03	1.285709E-04
7.791667E+03	2.168769E-03	1.268063E-04
7.801580E+03	2.138121E-03	1.250212E-04
7.811493E+03	2.107263E-03	1.232236E-04
7.821406E+03	2.076153E-03	1.214111E-04
7.831319E+03	2.044841E-03	1.195866E-04
7.841232E+03	2.013463E-03	1.177580E-04
7.851145E+03	1.982068E-03	1.159282E-04
7.861059E+03	1.950626E-03	1.140955E-04
7.870972E+03	1.919274E-03	1.122679E-04
7.880885E+03	1.887982E-03	1.104435E-04
7.890798E+03	1.856885E-03	1.086304E-04
7.900711E+03	1.825958E-03	1.068269E-04
7.910624E+03	1.795255E-03	1.050364E-04
7.920537E+03	1.764978E-03	1.032706E-04
7.930450E+03	1.734949E-03	1.015192E-04
7.940363E+03	1.705368E-03	9.979370E-05
7.950276E+03	1.676281E-03	9.809697E-05
7.960189E+03	1.647656E-03	9.642708E-05
7.970102E+03	1.619608E-03	9.479079E-05
7.980015E+03	1.592107E-03	9.318630E-05
7.989928E+03	1.565191E-03	9.161592E-05
7.999841E+03	1.539028E-03	9.008938E-05
8.009754E+03	1.513450E-03	8.859696E-05
8.019668E+03	1.488616E-03	8.714796E-05
8.029581E+03	1.464555E-03	8.574401E-05
8.039494E+03	1.441222E-03	8.438252E-05
8.049407E+03	1.418702E-03	8.306851E-05
8.059320E+03	1.396950E-03	8.179930E-05
8.069233E+03	1.376042E-03	8.057936E-05
8.079146E+03	1.355928E-03	7.940581E-05
8.089059E+03	1.336679E-03	7.828275E-05
8.098972E+03	1.318241E-03	7.720709E-05
8.108885E+03	1.300678E-03	7.618252E-05
8.118798E+03	1.283933E-03	7.520578E-05
8.128711E+03	1.268064E-03	7.428026E-05
8.138624E+03	1.253012E-03	7.340247E-05
8.148537E+03	1.238829E-03	7.257553E-05
8.158450E+03	1.225455E-03	7.179582E-05
8.168363E+03	1.212936E-03	7.106617E-05
8.178277E+03	1.201264E-03	7.038605E-05
8.188190E+03	1.190373E-03	6.975164E-05
8.198103E+03	1.180253E-03	6.916230E-05
8.208016E+03	1.170999E-03	6.862361E-05
8.217929E+03	1.162434E-03	6.812531E-05
8.227842E+03	1.154652E-03	6.767281E-05
8.237755E+03	1.147637E-03	6.726519E-05
8.247668E+03	1.141371E-03	6.690146E-05
8.257581E+03	1.135785E-03	6.657748E-05
8.267494E+03	1.130859E-03	6.629221E-05
8.277407E+03	1.126628E-03	6.604763E-05
8.287320E+03	1.123072E-03	6.584260E-05
8.297233E+03	1.120119E-03	6.567287E-05
8.307146E+03	1.117799E-03	6.554029E-05
8.317059E+03	1.116093E-03	6.544365E-05
8.326972E+03	1.114926E-03	6.537858E-05
8.336886E+03	1.114328E-03	6.534690E-05
8.346799E+03	1.114224E-03	6.534416E-05
8.356712E+03	1.114645E-03	6.537218E-05
8.366625E+03	1.115567E-03	6.542960E-05
8.376538E+03	1.116913E-03	6.551191E-05
8.386451E+03	1.118714E-03	6.562087E-05
8.396364E+03	1.120891E-03	6.575190E-05
8.406277E+03	1.123474E-03	6.590677E-05
8.416190E+03	1.126441E-03	6.608412E-05
8.426103E+03	1.129709E-03	6.627924E-05
8.436016E+03	1.133312E-03	6.649396E-05
8.445929E+03	1.137225E-03	6.672688E-05
8.455842E+03	1.141424E-03	6.697659E-05
8.465755E+03	1.145827E-03	6.723832E-05
8.475668E+03	1.150468E-03	6.751400E-05
8.485581E+03	1.155264E-03	6.779881E-05
8.495495E+03	1.160249E-03	6.809474E-05
8.505408E+03	1.165401E-03	6.840046E-05
8.515321E+03	1.170696E-03	6.871462E-05
8.525234E+03	1.176051E-03	6.903236E-05
8.535147E+03	1.181505E-03	6.935589E-05
8.545060E+03	1.187036E-03	6.968394E-05
8.554973E+03	1.192561E-03	7.001166E-05
8.564886E+03	1.198182E-03	7.034510E-05
8.574799E+03	1.203757E-03	7.067581E-05
8.584712E+03	1.209264E-03	7.100259E-05
8.594625E+03	1.214813E-03	7.133182E-05
8.604538E+03	1.220259E-03	7.165499E-05
8.614451E+03	1.225648E-03	7.197489E-05
8.624364E+03	1.230966E-03	7.229064E-05
8.634277E+03	1.236199E-03	7.260140E-05
8.644190E+03	1.241267E-03	7.290246E-05
8.654104E+03	1.246223E-03	7.319700E-05
8.664017E+03	1.251057E-03	7.348437E-05
8.673930E+03	1.255759E-03	7.376401E-05
8.683843E+03	1.260321E-03	7.403543E-05
8.693756E+03	1.264665E-03	7.429411E-05
8.703669E+03	1.268926E-03	7.454785E-05
8.713582E+03	1.272958E-03	7.478817E-05
8.723495E+03	1.276827E-03	7.501896E-05
8.733408E+03	1.280532E-03	7.524009E-05
8.743321E+03	1.284071E-03	7.545151E-05
8.753234E+03	1.287446E-03	7.565323E-05
8.763147E+03	1.290583E-03	7.584103E-05
8.773060E+03	1.293632E-03	7.602365E-05
8.782973E+03	1.296524E-03	7.619704E-05
8.792886E+03	1.299189E-03	7.635707E-05
8.802799E+03	1.301706E-03	7.650842E-05
8.812713E+03	1.304158E-03	7.665595E-05
8.822626E+03	1.306401E-03	7.679120E-05
8.832539E+03	1.308518E-03	7.691908E-05
8.842452E+03	1.310520E-03	7.704013E-05
8.852365E+03	1.312415E-03	7.715492E-05
8.862278E+03	1.314291E-03	7.726862E-05
8.872191E+03	1.316004E-03	7.737267E-05
8.882104E+03	1.317641E-03	7.747228E-05
8.892017E+03	1.319213E-03	7.756810E-05
8.901930E+03	1.320733E-03	7.766077E-05
8.911843E+03	1.322290E-03	7.775570E-05
8.921756E+03	1.323736E-03	7.784405E-05
8.961408E+03	1.329582E-03	7.820110E-05
9.001061E+03	1.335809E-03	7.858039E-05
9.040713E+03	1.343060E-03	7.901994E-05
9.080365E+03	1.351512E-03	7.953000E-05
9.120017E+03	1.361347E-03	8.012146E-05
9.159670E+03	1.372223E-03	8.077412E-05
9.199322E+03	1.383844E-03	8.147065E-05
9.238974E+03	1.395557E-03	8.217258E-05
9.278626E+03	1.406610E-03	8.283563E-05
9.318279E+03	1.416358E-03	8.342179E-05
9.357931E+03	1.424048E-03	8.388660E-05
9.397583E+03	1.429560E-03	8.422302E-05
9.437235E+03	1.432373E-03	8.440030E-05
9.476888E+03	1.432945E-03	8.444533E-05
9.516540E+03	1.431573E-03	8.437557E-05
9.556192E+03	1.428924E-03	8.423029E-05
9.595844E+03	1.425980E-03	8.406733E-05
9.635497E+03	1.423451E-03	8.392858E-05
9.675149E+03	1.422705E-03	8.389473E-05
9.714801E+03	1.424415E-03	8.400556E-05
9.754453E+03	1.429395E-03	8.430902E-05
9.794106E+03	1.438445E-03	8.485240E-05
9.833758E+03	1.451919E-03	8.565674E-05
9.873410E+03	1.470137E-03	8.674088E-05
9.913062E+03	1.493258E-03	8.811440E-05
9.952715E+03	1.521464E-03	8.978812E-05
9.992367E+03	1.554347E-03	9.173798E-05
1.003202E+04	1.591882E-03	9.396260E-05
1.007167E+04	1.633823E-03	9.644753E-05
1.011132E+04	1.679500E-03	9.915334E-05
1.015098E+04	1.728943E-03	1.020817E-04
1.019063E+04	1.781608E-03	1.052007E-04
1.023028E+04	1.837119E-03	1.084881E-04
