#wls	flux	fluxerr
1.600000E+03	4.572732E-16	3.440248E-16
1.640000E+03	4.613847E-16	3.424863E-16
1.680000E+03	4.655912E-16	3.408198E-16
1.720000E+03	4.699786E-16	3.390801E-16
1.760000E+03	4.745464E-16	3.372570E-16
1.800000E+03	4.793843E-16	3.354031E-16
1.840000E+03	4.844019E-16	3.334428E-16
1.880000E+03	4.896902E-16	3.314274E-16
1.920000E+03	4.953435E-16	3.294056E-16
1.960000E+03	5.013646E-16	3.273618E-16
2.000000E+03	5.077562E-16	3.252797E-16
2.040000E+03	5.146164E-16	3.232026E-16
2.080000E+03	5.219496E-16	3.211104E-16
2.120000E+03	5.299547E-16	3.190998E-16
2.160000E+03	5.384433E-16	3.170282E-16
2.200000E+03	5.475170E-16	3.149296E-16
2.240000E+03	5.572805E-16	3.128334E-16
2.280000E+03	5.676390E-16	3.106539E-16
2.320000E+03	5.786971E-16	3.084162E-16
2.360000E+03	5.903569E-16	3.060343E-16
2.400000E+03	6.027226E-16	3.035294E-16
2.440000E+03	6.156931E-16	3.008157E-16
2.480000E+03	6.292673E-16	2.978613E-16
2.520000E+03	6.434432E-16	2.946334E-16
2.560000E+03	6.582170E-16	2.910993E-16
2.600000E+03	6.735831E-16	2.872260E-16
2.640000E+03	6.895336E-16	2.829805E-16
2.680000E+03	7.060575E-16	2.783299E-16
2.720000E+03	7.230327E-16	2.732011E-16
2.760000E+03	7.405466E-16	2.676061E-16
2.800000E+03	7.585741E-16	2.615141E-16
2.840000E+03	7.769738E-16	2.548597E-16
2.880000E+03	7.958124E-16	2.476542E-16
2.920000E+03	8.150367E-16	2.398723E-16
2.960000E+03	8.346894E-16	2.315222E-16
3.000000E+03	8.549064E-16	2.226377E-16
3.010000E+03	8.600750E-16	2.203393E-16
3.020000E+03	8.653186E-16	2.180170E-16
3.030000E+03	8.705256E-16	2.156428E-16
3.040000E+03	8.759135E-16	2.132705E-16
3.050000E+03	8.812604E-16	2.108453E-16
3.060000E+03	8.866739E-16	2.083936E-16
3.070000E+03	8.921515E-16	2.059146E-16
3.080000E+03	8.976907E-16	2.034075E-16
3.090000E+03	9.032886E-16	2.008715E-16
3.100000E+03	9.090523E-16	1.983299E-16
3.110000E+03	9.147590E-16	1.957338E-16
3.120000E+03	9.206251E-16	1.931300E-16
3.130000E+03	9.265374E-16	1.904941E-16
3.140000E+03	9.324922E-16	1.878256E-16
3.150000E+03	9.385956E-16	1.851459E-16
3.160000E+03	9.447336E-16	1.824321E-16
3.170000E+03	9.510118E-16	1.797047E-16
3.180000E+03	9.574255E-16	1.769622E-16
3.190000E+03	9.638605E-16	1.741836E-16
3.200000E+03	9.704213E-16	1.713882E-16
3.210000E+03	9.772116E-16	1.685938E-16
3.220000E+03	9.840074E-16	1.657613E-16
3.230000E+03	9.909122E-16	1.629090E-16
3.240000E+03	9.980285E-16	1.600538E-16
3.250000E+03	1.005241E-15	1.571767E-16
3.260000E+03	1.012542E-15	1.542776E-16
3.270000E+03	1.020034E-15	1.513723E-16
3.280000E+03	1.027601E-15	1.484441E-16
3.290000E+03	1.035450E-15	1.455236E-16
3.300000E+03	1.043358E-15	1.425793E-16
3.310000E+03	1.051530E-15	1.396407E-16
3.320000E+03	1.059743E-15	1.366789E-16
3.330000E+03	1.068202E-15	1.337221E-16
3.340000E+03	1.076788E-15	1.307570E-16
3.350000E+03	1.085599E-15	1.277970E-16
3.360000E+03	1.094623E-15	1.248427E-16
3.370000E+03	1.103848E-15	1.218948E-16
3.380000E+03	1.113261E-15	1.189548E-16
3.390000E+03	1.122852E-15	1.160249E-16
3.400000E+03	1.132606E-15	1.131080E-16
3.410000E+03	1.142616E-15	1.102176E-16
3.420000E+03	1.152866E-15	1.073571E-16
3.430000E+03	1.163344E-15	1.045306E-16
3.440000E+03	1.174033E-15	1.017435E-16
3.450000E+03	1.184919E-15	9.900196E-17
3.460000E+03	1.196090E-15	9.632186E-17
3.470000E+03	1.207427E-15	9.370300E-17
3.480000E+03	1.219018E-15	9.116302E-17
3.490000E+03	1.230846E-15	8.871238E-17
3.500000E+03	1.242896E-15	8.636293E-17
3.510000E+03	1.255253E-15	8.413456E-17
3.520000E+03	1.267801E-15	8.203447E-17
3.530000E+03	1.280625E-15	8.008436E-17
3.540000E+03	1.293709E-15	7.829975E-17
3.550000E+03	1.307041E-15	7.669651E-17
3.560000E+03	1.320605E-15	7.529023E-17
3.570000E+03	1.334391E-15	7.409531E-17
3.580000E+03	1.348481E-15	7.312917E-17
3.590000E+03	1.362864E-15	7.240017E-17
3.600000E+03	1.377526E-15	7.191229E-17
3.610000E+03	1.392457E-15	7.166430E-17
3.620000E+03	1.407643E-15	7.164976E-17
3.630000E+03	1.423075E-15	7.185758E-17
3.640000E+03	1.438834E-15	7.227758E-17
3.650000E+03	1.454819E-15	7.288750E-17
3.660000E+03	1.471113E-15	7.367263E-17
3.670000E+03	1.487617E-15	7.460824E-17
3.680000E+03	1.504505E-15	7.568295E-17
3.690000E+03	1.521681E-15	7.687234E-17
3.700000E+03	1.539140E-15	7.815734E-17
3.710000E+03	1.556880E-15	7.952009E-17
3.720000E+03	1.574896E-15	8.094408E-17
3.730000E+03	1.593273E-15	8.241871E-17
3.740000E+03	1.611923E-15	8.392605E-17
3.750000E+03	1.630927E-15	8.545849E-17
3.760000E+03	1.650200E-15	8.700106E-17
3.770000E+03	1.669821E-15	8.854894E-17
3.780000E+03	1.689704E-15	9.008983E-17
3.790000E+03	1.709928E-15	9.162131E-17
3.800000E+03	1.730485E-15	9.313763E-17
3.810000E+03	1.751288E-15	9.462969E-17
3.820000E+03	1.772407E-15	9.609788E-17
3.830000E+03	1.793832E-15	9.753898E-17
3.840000E+03	1.815548E-15	9.895040E-17
3.850000E+03	1.837464E-15	1.003259E-16
3.860000E+03	1.859563E-15	1.016641E-16
3.870000E+03	1.881980E-15	1.029721E-16
3.880000E+03	1.904466E-15	1.042367E-16
3.890000E+03	1.927151E-15	1.054656E-16
3.900000E+03	1.950011E-15	1.066585E-16
3.910000E+03	1.972948E-15	1.078112E-16
3.920000E+03	1.995939E-15	1.089235E-16
3.930000E+03	2.018962E-15	1.099955E-16
3.940000E+03	2.041992E-15	1.110271E-16
3.950000E+03	2.065011E-15	1.120184E-16
3.960000E+03	2.088000E-15	1.129692E-16
3.970000E+03	2.110871E-15	1.138757E-16
3.980000E+03	2.133616E-15	1.147375E-16
3.990000E+03	2.156294E-15	1.155580E-16
4.000000E+03	2.178833E-15	1.163331E-16
4.010000E+03	2.201236E-15	1.170620E-16
4.020000E+03	2.223509E-15	1.177442E-16
4.030000E+03	2.245599E-15	1.183753E-16
4.040000E+03	2.267527E-15	1.189546E-16
4.050000E+03	2.289382E-15	1.194846E-16
4.060000E+03	2.311067E-15	1.199578E-16
4.070000E+03	2.332684E-15	1.203770E-16
4.080000E+03	2.354211E-15	1.207383E-16
4.090000E+03	2.375760E-15	1.210446E-16
4.100000E+03	2.397258E-15	1.212894E-16
4.110000E+03	2.418826E-15	1.214763E-16
4.120000E+03	2.440522E-15	1.216056E-16
4.130000E+03	2.462289E-15	1.216724E-16
4.140000E+03	2.484315E-15	1.216838E-16
4.150000E+03	2.506485E-15	1.216330E-16
4.160000E+03	2.528989E-15	1.215279E-16
4.170000E+03	2.551835E-15	1.213686E-16
4.180000E+03	2.575033E-15	1.211553E-16
4.190000E+03	2.598707E-15	1.208949E-16
4.200000E+03	2.622864E-15	1.205890E-16
4.210000E+03	2.647509E-15	1.202401E-16
4.220000E+03	2.672757E-15	1.198571E-16
4.230000E+03	2.698550E-15	1.194415E-16
4.240000E+03	2.724995E-15	1.190040E-16
4.250000E+03	2.752136E-15	1.185535E-16
4.260000E+03	2.779903E-15	1.180956E-16
4.270000E+03	2.808385E-15	1.176446E-16
4.280000E+03	2.837553E-15	1.172114E-16
4.290000E+03	2.867429E-15	1.168112E-16
4.300000E+03	2.897973E-15	1.164586E-16
4.310000E+03	2.929244E-15	1.161743E-16
4.320000E+03	2.961135E-15	1.159744E-16
4.330000E+03	2.993693E-15	1.158828E-16
4.340000E+03	3.026795E-15	1.159180E-16
4.350000E+03	3.060528E-15	1.161072E-16
4.360000E+03	3.094759E-15	1.164687E-16
4.370000E+03	3.129457E-15	1.170228E-16
4.380000E+03	3.164535E-15	1.177840E-16
4.390000E+03	3.200065E-15	1.187669E-16
4.400000E+03	3.235855E-15	1.199686E-16
4.410000E+03	3.271978E-15	1.213883E-16
4.420000E+03	3.308345E-15	1.230127E-16
4.430000E+03	3.344865E-15	1.248232E-16
4.440000E+03	3.381598E-15	1.268036E-16
4.450000E+03	3.418380E-15	1.289279E-16
4.460000E+03	3.455197E-15	1.311747E-16
4.470000E+03	3.491970E-15	1.335206E-16
4.480000E+03	3.528498E-15	1.359388E-16
4.490000E+03	3.564672E-15	1.384072E-16
4.500000E+03	3.600423E-15	1.409070E-16
4.510000E+03	3.635508E-15	1.434148E-16
4.520000E+03	3.669831E-15	1.459144E-16
4.530000E+03	3.703177E-15	1.483873E-16
4.540000E+03	3.735379E-15	1.508183E-16
4.550000E+03	3.766209E-15	1.531911E-16
4.560000E+03	3.795544E-15	1.554954E-16
4.570000E+03	3.823157E-15	1.577172E-16
4.580000E+03	3.848879E-15	1.598462E-16
4.590000E+03	3.872608E-15	1.618750E-16
4.600000E+03	3.894095E-15	1.637908E-16
4.610000E+03	3.913221E-15	1.655862E-16
4.620000E+03	3.929940E-15	1.672571E-16
4.630000E+03	3.944182E-15	1.687984E-16
4.640000E+03	3.955802E-15	1.702017E-16
4.650000E+03	3.964845E-15	1.714669E-16
4.660000E+03	3.971382E-15	1.725950E-16
4.670000E+03	3.975316E-15	1.735797E-16
4.680000E+03	3.976884E-15	1.744294E-16
4.690000E+03	3.976047E-15	1.751407E-16
4.700000E+03	3.972994E-15	1.757203E-16
4.710000E+03	3.967884E-15	1.761743E-16
4.720000E+03	3.960895E-15	1.765096E-16
4.730000E+03	3.952168E-15	1.767321E-16
4.740000E+03	3.941954E-15	1.768529E-16
4.750000E+03	3.930408E-15	1.768791E-16
4.760000E+03	3.917739E-15	1.768206E-16
4.770000E+03	3.904104E-15	1.766854E-16
4.780000E+03	3.889796E-15	1.764877E-16
4.790000E+03	3.875005E-15	1.762372E-16
4.800000E+03	3.859816E-15	1.759390E-16
4.810000E+03	3.844489E-15	1.756057E-16
4.820000E+03	3.829173E-15	1.752454E-16
4.830000E+03	3.814005E-15	1.748649E-16
4.840000E+03	3.799104E-15	1.744701E-16
4.850000E+03	3.784619E-15	1.740682E-16
4.860000E+03	3.770637E-15	1.736631E-16
4.870000E+03	3.757276E-15	1.732600E-16
4.880000E+03	3.744596E-15	1.728611E-16
4.890000E+03	3.732645E-15	1.724681E-16
4.900000E+03	3.721505E-15	1.720841E-16
4.910000E+03	3.711205E-15	1.717096E-16
4.920000E+03	3.701729E-15	1.713430E-16
4.930000E+03	3.693225E-15	1.709904E-16
4.940000E+03	3.685627E-15	1.706479E-16
4.950000E+03	3.678999E-15	1.703174E-16
4.960000E+03	3.673406E-15	1.700012E-16
4.970000E+03	3.668877E-15	1.696994E-16
4.980000E+03	3.665448E-15	1.694125E-16
4.990000E+03	3.663162E-15	1.691411E-16
5.000000E+03	3.662072E-15	1.688860E-16
5.010000E+03	3.662278E-15	1.686501E-16
5.020000E+03	3.663890E-15	1.684364E-16
5.030000E+03	3.666900E-15	1.682425E-16
5.040000E+03	3.671471E-15	1.680733E-16
5.050000E+03	3.677684E-15	1.679302E-16
5.060000E+03	3.685581E-15	1.678124E-16
5.070000E+03	3.695284E-15	1.677227E-16
5.080000E+03	3.706907E-15	1.676635E-16
5.090000E+03	3.720437E-15	1.676311E-16
5.100000E+03	3.736011E-15	1.676287E-16
5.110000E+03	3.753631E-15	1.676532E-16
5.120000E+03	3.773366E-15	1.677045E-16
5.130000E+03	3.795228E-15	1.677794E-16
5.140000E+03	3.819168E-15	1.678721E-16
5.150000E+03	3.845198E-15	1.679792E-16
5.160000E+03	3.873312E-15	1.680962E-16
5.170000E+03	3.903357E-15	1.682120E-16
5.180000E+03	3.935281E-15	1.683195E-16
5.190000E+03	3.968966E-15	1.684088E-16
5.200000E+03	4.004274E-15	1.684687E-16
5.210000E+03	4.041084E-15	1.684889E-16
5.220000E+03	4.079123E-15	1.684526E-16
5.230000E+03	4.118267E-15	1.683492E-16
5.240000E+03	4.158241E-15	1.681624E-16
5.250000E+03	4.198791E-15	1.678771E-16
5.260000E+03	4.239687E-15	1.674797E-16
5.270000E+03	4.280548E-15	1.669516E-16
5.280000E+03	4.321156E-15	1.662819E-16
5.290000E+03	4.361145E-15	1.654552E-16
5.300000E+03	4.400230E-15	1.644611E-16
5.310000E+03	4.437984E-15	1.632859E-16
5.320000E+03	4.474159E-15	1.619252E-16
5.330000E+03	4.508374E-15	1.603727E-16
5.340000E+03	4.540302E-15	1.586270E-16
5.350000E+03	4.569624E-15	1.566913E-16
5.360000E+03	4.596041E-15	1.545732E-16
5.370000E+03	4.619271E-15	1.522859E-16
5.380000E+03	4.639103E-15	1.498499E-16
5.390000E+03	4.655211E-15	1.472876E-16
5.400000E+03	4.667487E-15	1.446345E-16
5.410000E+03	4.675662E-15	1.419268E-16
5.420000E+03	4.679689E-15	1.392138E-16
5.430000E+03	4.679412E-15	1.365465E-16
5.440000E+03	4.674705E-15	1.339812E-16
5.450000E+03	4.665622E-15	1.315814E-16
5.460000E+03	4.652107E-15	1.294060E-16
5.470000E+03	4.634139E-15	1.275098E-16
5.480000E+03	4.611876E-15	1.259414E-16
5.490000E+03	4.585370E-15	1.247297E-16
5.500000E+03	4.554706E-15	1.238820E-16
5.510000E+03	4.520099E-15	1.233834E-16
5.520000E+03	4.481802E-15	1.231998E-16
5.530000E+03	4.440032E-15	1.232824E-16
5.540000E+03	4.395154E-15	1.235789E-16
5.550000E+03	4.347457E-15	1.240328E-16
5.560000E+03	4.297463E-15	1.245963E-16
5.570000E+03	4.245613E-15	1.252238E-16
5.580000E+03	4.192437E-15	1.258795E-16
5.590000E+03	4.138539E-15	1.265368E-16
5.600000E+03	4.084464E-15	1.271754E-16
5.610000E+03	4.030854E-15	1.277854E-16
5.620000E+03	3.978272E-15	1.283614E-16
5.630000E+03	3.927313E-15	1.289052E-16
5.640000E+03	3.878595E-15	1.294250E-16
5.650000E+03	3.832632E-15	1.299303E-16
5.660000E+03	3.789946E-15	1.304349E-16
5.670000E+03	3.751019E-15	1.309544E-16
5.680000E+03	3.716290E-15	1.315060E-16
5.690000E+03	3.686186E-15	1.321084E-16
5.700000E+03	3.660972E-15	1.327765E-16
5.710000E+03	3.641004E-15	1.335299E-16
5.720000E+03	3.626435E-15	1.343815E-16
5.730000E+03	3.617466E-15	1.353469E-16
5.740000E+03	3.614200E-15	1.364383E-16
5.750000E+03	3.616642E-15	1.376644E-16
5.760000E+03	3.624801E-15	1.390340E-16
5.770000E+03	3.638551E-15	1.405502E-16
5.780000E+03	3.657770E-15	1.422161E-16
5.790000E+03	3.682167E-15	1.440272E-16
5.800000E+03	3.711527E-15	1.459813E-16
5.810000E+03	3.745469E-15	1.480688E-16
5.820000E+03	3.783554E-15	1.502769E-16
5.830000E+03	3.825364E-15	1.525924E-16
5.840000E+03	3.870398E-15	1.549980E-16
5.850000E+03	3.918082E-15	1.574721E-16
5.860000E+03	3.967848E-15	1.599929E-16
5.870000E+03	4.019109E-15	1.625366E-16
5.880000E+03	4.071232E-15	1.650770E-16
5.890000E+03	4.123703E-15	1.675922E-16
5.900000E+03	4.175865E-15	1.700541E-16
5.910000E+03	4.227165E-15	1.724386E-16
5.920000E+03	4.277084E-15	1.747231E-16
5.930000E+03	4.325150E-15	1.768869E-16
5.940000E+03	4.370942E-15	1.789118E-16
5.950000E+03	4.414059E-15	1.807806E-16
5.960000E+03	4.454205E-15	1.824811E-16
5.970000E+03	4.491198E-15	1.840059E-16
5.980000E+03	4.524795E-15	1.853453E-16
5.990000E+03	4.554952E-15	1.864985E-16
6.000000E+03	4.581650E-15	1.874652E-16
6.010000E+03	4.604845E-15	1.882445E-16
6.020000E+03	4.624724E-15	1.888448E-16
6.030000E+03	4.641394E-15	1.892708E-16
6.040000E+03	4.655046E-15	1.895304E-16
6.050000E+03	4.665905E-15	1.896327E-16
6.060000E+03	4.674173E-15	1.895851E-16
6.070000E+03	4.680200E-15	1.894010E-16
6.080000E+03	4.684205E-15	1.890880E-16
6.090000E+03	4.686405E-15	1.886531E-16
6.100000E+03	4.687137E-15	1.881080E-16
6.110000E+03	4.686632E-15	1.874599E-16
6.120000E+03	4.685049E-15	1.867127E-16
6.130000E+03	4.682656E-15	1.858747E-16
6.140000E+03	4.679600E-15	1.849492E-16
6.150000E+03	4.675949E-15	1.839361E-16
6.160000E+03	4.671876E-15	1.828398E-16
6.170000E+03	4.667385E-15	1.816577E-16
6.180000E+03	4.662455E-15	1.803863E-16
6.190000E+03	4.657038E-15	1.790214E-16
6.200000E+03	4.651205E-15	1.775631E-16
6.210000E+03	4.644831E-15	1.760042E-16
6.220000E+03	4.637966E-15	1.743443E-16
6.230000E+03	4.630522E-15	1.725775E-16
6.240000E+03	4.622463E-15	1.707001E-16
6.250000E+03	4.613673E-15	1.687054E-16
6.260000E+03	4.604231E-15	1.665938E-16
6.270000E+03	4.594054E-15	1.643598E-16
6.280000E+03	4.583217E-15	1.620033E-16
6.290000E+03	4.571768E-15	1.595233E-16
6.300000E+03	4.559729E-15	1.569178E-16
6.310000E+03	4.547181E-15	1.541869E-16
6.320000E+03	4.534310E-15	1.513339E-16
6.330000E+03	4.521167E-15	1.483581E-16
6.340000E+03	4.507852E-15	1.452606E-16
6.350000E+03	4.494501E-15	1.420443E-16
6.360000E+03	4.481191E-15	1.387114E-16
6.370000E+03	4.467983E-15	1.352651E-16
6.380000E+03	4.454961E-15	1.317116E-16
6.390000E+03	4.442090E-15	1.280566E-16
6.400000E+03	4.429448E-15	1.243134E-16
6.410000E+03	4.416995E-15	1.204969E-16
6.420000E+03	4.404623E-15	1.166274E-16
6.430000E+03	4.392295E-15	1.127353E-16
6.440000E+03	4.379957E-15	1.088608E-16
6.450000E+03	4.367456E-15	1.050536E-16
6.460000E+03	4.354682E-15	1.013780E-16
6.470000E+03	4.341524E-15	9.791267E-17
6.480000E+03	4.327922E-15	9.475116E-17
6.490000E+03	4.313734E-15	9.199618E-17
6.500000E+03	4.298865E-15	8.975645E-17
6.510000E+03	4.283317E-15	8.813723E-17
6.520000E+03	4.266991E-15	8.722237E-17
6.530000E+03	4.249765E-15	8.705923E-17
6.540000E+03	4.231557E-15	8.764410E-17
6.550000E+03	4.212142E-15	8.891662E-17
6.560000E+03	4.191276E-15	9.077736E-17
6.570000E+03	4.168726E-15	9.310607E-17
6.580000E+03	4.144331E-15	9.577769E-17
6.590000E+03	4.117970E-15	9.867249E-17
6.600000E+03	4.089481E-15	1.016806E-16
6.610000E+03	4.058800E-15	1.047086E-16
6.620000E+03	4.026009E-15	1.076818E-16
6.630000E+03	3.991107E-15	1.105380E-16
6.640000E+03	3.954234E-15	1.132319E-16
6.650000E+03	3.915531E-15	1.157305E-16
6.660000E+03	3.875133E-15	1.180104E-16
6.670000E+03	3.833337E-15	1.200619E-16
6.680000E+03	3.790332E-15	1.218797E-16
6.690000E+03	3.746412E-15	1.234675E-16
6.700000E+03	3.701835E-15	1.248328E-16
6.710000E+03	3.656864E-15	1.259875E-16
6.720000E+03	3.611757E-15	1.269460E-16
6.730000E+03	3.566770E-15	1.277250E-16
6.740000E+03	3.522146E-15	1.283427E-16
6.750000E+03	3.478154E-15	1.288190E-16
6.760000E+03	3.435011E-15	1.291729E-16
6.770000E+03	3.392917E-15	1.294230E-16
6.780000E+03	3.352016E-15	1.295862E-16
6.790000E+03	3.312553E-15	1.296829E-16
6.800000E+03	3.274602E-15	1.297265E-16
6.810000E+03	3.238374E-15	1.297357E-16
6.820000E+03	3.203914E-15	1.297219E-16
6.830000E+03	3.171399E-15	1.297013E-16
6.840000E+03	3.140918E-15	1.296862E-16
6.850000E+03	3.112471E-15	1.296842E-16
6.860000E+03	3.086192E-15	1.297082E-16
6.870000E+03	3.062090E-15	1.297650E-16
6.880000E+03	3.040231E-15	1.298637E-16
6.890000E+03	3.020597E-15	1.300088E-16
6.900000E+03	3.003194E-15	1.302055E-16
6.910000E+03	2.988047E-15	1.304595E-16
6.920000E+03	2.975101E-15	1.307725E-16
6.930000E+03	2.964358E-15	1.311481E-16
6.940000E+03	2.955739E-15	1.315863E-16
6.950000E+03	2.949192E-15	1.320877E-16
6.960000E+03	2.944690E-15	1.326539E-16
6.970000E+03	2.942131E-15	1.332828E-16
6.980000E+03	2.941440E-15	1.339731E-16
6.990000E+03	2.942538E-15	1.347233E-16
7.000000E+03	2.945344E-15	1.355314E-16
7.010000E+03	2.949772E-15	1.363952E-16
7.020000E+03	2.955736E-15	1.373120E-16
7.030000E+03	2.963149E-15	1.382790E-16
7.040000E+03	2.971924E-15	1.392934E-16
7.050000E+03	2.981936E-15	1.403502E-16
7.060000E+03	2.993132E-15	1.414478E-16
7.070000E+03	3.005385E-15	1.425810E-16
7.080000E+03	3.018604E-15	1.437460E-16
7.090000E+03	3.032733E-15	1.449406E-16
7.100000E+03	3.047601E-15	1.461570E-16
7.110000E+03	3.063146E-15	1.473926E-16
7.120000E+03	3.079263E-15	1.486425E-16
7.130000E+03	3.095808E-15	1.498997E-16
7.140000E+03	3.112665E-15	1.511588E-16
7.150000E+03	3.129718E-15	1.524140E-16
7.160000E+03	3.146842E-15	1.536590E-16
7.170000E+03	3.163869E-15	1.548855E-16
7.180000E+03	3.180705E-15	1.560885E-16
7.190000E+03	3.197135E-15	1.572573E-16
7.200000E+03	3.213098E-15	1.583884E-16
7.210000E+03	3.228336E-15	1.594688E-16
7.220000E+03	3.242788E-15	1.604951E-16
7.230000E+03	3.256275E-15	1.614580E-16
7.240000E+03	3.268666E-15	1.623506E-16
7.250000E+03	3.279792E-15	1.631642E-16
7.260000E+03	3.289495E-15	1.638904E-16
7.270000E+03	3.297749E-15	1.645276E-16
7.280000E+03	3.304379E-15	1.650667E-16
7.290000E+03	3.309264E-15	1.655013E-16
7.300000E+03	3.312427E-15	1.658323E-16
7.310000E+03	3.313703E-15	1.660510E-16
7.320000E+03	3.313154E-15	1.661604E-16
7.330000E+03	3.310698E-15	1.661560E-16
7.340000E+03	3.306402E-15	1.660410E-16
7.350000E+03	3.300273E-15	1.658155E-16
7.360000E+03	3.292339E-15	1.654807E-16
7.370000E+03	3.282776E-15	1.650452E-16
7.380000E+03	3.271577E-15	1.645084E-16
7.390000E+03	3.258958E-15	1.638809E-16
7.400000E+03	3.244991E-15	1.631662E-16
7.410000E+03	3.229929E-15	1.623765E-16
7.420000E+03	3.213916E-15	1.615188E-16
7.430000E+03	3.197150E-15	1.606026E-16
7.440000E+03	3.179840E-15	1.596379E-16
7.450000E+03	3.162203E-15	1.586350E-16
7.460000E+03	3.144499E-15	1.576065E-16
7.470000E+03	3.126875E-15	1.565587E-16
7.480000E+03	3.109637E-15	1.555062E-16
7.490000E+03	3.092931E-15	1.544553E-16
7.500000E+03	3.077057E-15	1.534199E-16
7.510000E+03	3.062154E-15	1.524053E-16
7.520000E+03	3.048506E-15	1.514245E-16
7.530000E+03	3.036275E-15	1.504836E-16
7.540000E+03	3.025683E-15	1.495918E-16
7.550000E+03	3.016865E-15	1.487536E-16
7.560000E+03	3.010050E-15	1.479779E-16
7.570000E+03	3.005298E-15	1.472649E-16
7.580000E+03	3.002801E-15	1.466212E-16
7.590000E+03	3.002649E-15	1.460479E-16
7.600000E+03	3.004870E-15	1.455428E-16
7.610000E+03	3.009541E-15	1.451058E-16
7.620000E+03	3.016710E-15	1.447350E-16
7.630000E+03	3.026316E-15	1.444230E-16
7.640000E+03	3.038303E-15	1.441624E-16
7.650000E+03	3.052585E-15	1.439440E-16
7.660000E+03	3.069117E-15	1.437604E-16
7.670000E+03	3.087665E-15	1.435949E-16
7.680000E+03	3.108076E-15	1.434349E-16
7.690000E+03	3.130129E-15	1.432639E-16
7.700000E+03	3.153608E-15	1.430662E-16
7.710000E+03	3.178148E-15	1.428189E-16
7.720000E+03	3.203520E-15	1.425059E-16
7.730000E+03	3.229349E-15	1.421041E-16
7.740000E+03	3.255281E-15	1.415924E-16
7.750000E+03	3.280992E-15	1.409509E-16
7.760000E+03	3.306060E-15	1.401563E-16
7.770000E+03	3.330100E-15	1.391875E-16
7.780000E+03	3.352729E-15	1.380245E-16
7.790000E+03	3.373613E-15	1.366501E-16
7.800000E+03	3.392337E-15	1.350451E-16
7.810000E+03	3.408547E-15	1.331944E-16
7.820000E+03	3.421906E-15	1.310848E-16
7.830000E+03	3.432148E-15	1.287079E-16
7.840000E+03	3.438939E-15	1.260549E-16
7.850000E+03	3.442018E-15	1.231220E-16
7.860000E+03	3.441157E-15	1.199094E-16
7.870000E+03	3.436158E-15	1.164215E-16
7.880000E+03	3.426856E-15	1.126673E-16
7.890000E+03	3.413164E-15	1.086623E-16
7.900000E+03	3.394935E-15	1.044243E-16
7.910000E+03	3.372147E-15	9.998014E-17
7.920000E+03	3.344716E-15	9.536051E-17
7.930000E+03	3.312683E-15	9.060614E-17
7.940000E+03	3.276069E-15	8.576452E-17
7.950000E+03	3.234974E-15	8.089329E-17
7.960000E+03	3.189436E-15	7.605759E-17
7.970000E+03	3.139616E-15	7.133525E-17
7.980000E+03	3.085704E-15	6.681416E-17
7.990000E+03	3.027886E-15	6.258998E-17
8.000000E+03	2.966344E-15	5.876256E-17
8.010000E+03	2.901473E-15	5.543280E-17
8.020000E+03	2.833468E-15	5.268281E-17
8.030000E+03	2.762751E-15	5.056917E-17
8.040000E+03	2.689730E-15	4.910166E-17
8.050000E+03	2.614937E-15	4.823562E-17
8.060000E+03	2.538922E-15	4.788020E-17
8.070000E+03	2.462320E-15	4.792311E-17
8.080000E+03	2.385679E-15	4.824821E-17
8.090000E+03	2.309545E-15	4.875161E-17
8.100000E+03	2.234418E-15	4.934828E-17
8.110000E+03	2.160743E-15	4.997384E-17
8.120000E+03	2.088910E-15	5.058316E-17
8.130000E+03	2.019227E-15	5.114650E-17
8.140000E+03	1.952040E-15	5.164916E-17
8.150000E+03	1.887504E-15	5.208227E-17
8.160000E+03	1.825907E-15	5.244849E-17
8.170000E+03	1.767364E-15	5.275157E-17
8.180000E+03	1.712041E-15	5.300087E-17
8.190000E+03	1.660029E-15	5.320635E-17
8.200000E+03	1.611449E-15	5.338082E-17
8.210000E+03	1.566354E-15	5.353623E-17
8.220000E+03	1.524831E-15	5.368643E-17
8.230000E+03	1.486908E-15	5.384370E-17
8.240000E+03	1.452629E-15	5.402098E-17
8.250000E+03	1.422050E-15	5.423178E-17
8.260000E+03	1.395176E-15	5.448769E-17
8.270000E+03	1.372056E-15	5.480165E-17
8.280000E+03	1.352671E-15	5.518379E-17
8.290000E+03	1.337067E-15	5.564650E-17
8.300000E+03	1.325291E-15	5.620199E-17
8.310000E+03	1.317335E-15	5.685975E-17
8.320000E+03	1.313254E-15	5.763177E-17
8.330000E+03	1.313074E-15	5.852829E-17
8.340000E+03	1.316867E-15	5.956139E-17
8.350000E+03	1.324676E-15	6.074147E-17
8.360000E+03	1.336591E-15	6.208094E-17
8.370000E+03	1.352656E-15	6.358960E-17
8.380000E+03	1.373002E-15	6.528132E-17
8.390000E+03	1.397689E-15	6.716624E-17
8.400000E+03	1.426848E-15	6.925773E-17
8.410000E+03	1.460570E-15	7.156717E-17
8.420000E+03	1.498996E-15	7.410818E-17
8.430000E+03	1.542222E-15	7.689206E-17
8.440000E+03	1.590337E-15	7.992969E-17
8.450000E+03	1.643497E-15	8.323523E-17
8.460000E+03	1.701747E-15	8.681709E-17
8.470000E+03	1.765159E-15	9.068513E-17
8.480000E+03	1.833812E-15	9.484941E-17
8.490000E+03	1.907698E-15	9.931545E-17
8.500000E+03	1.986797E-15	1.040881E-16
8.510000E+03	2.071015E-15	1.091680E-16
8.520000E+03	2.160267E-15	1.145564E-16
8.530000E+03	2.254346E-15	1.202477E-16
8.540000E+03	2.353052E-15	1.262362E-16
8.550000E+03	2.456042E-15	1.325086E-16
8.560000E+03	2.562896E-15	1.390465E-16
8.570000E+03	2.673199E-15	1.458317E-16
8.580000E+03	2.786425E-15	1.528389E-16
8.590000E+03	2.901924E-15	1.600356E-16
8.600000E+03	3.019020E-15	1.673868E-16
8.610000E+03	3.137027E-15	1.748561E-16
8.620000E+03	3.255101E-15	1.823974E-16
8.630000E+03	3.372402E-15	1.899636E-16
8.640000E+03	3.488058E-15	1.975048E-16
8.650000E+03	3.601176E-15	2.049688E-16
8.660000E+03	3.710861E-15	2.123019E-16
8.670000E+03	3.816231E-15	2.194503E-16
8.680000E+03	3.916432E-15	2.263605E-16
8.690000E+03	4.010727E-15	2.329849E-16
8.700000E+03	4.098301E-15	2.392703E-16
8.710000E+03	4.178481E-15	2.451710E-16
8.720000E+03	4.250758E-15	2.506501E-16
8.730000E+03	4.314650E-15	2.556718E-16
8.740000E+03	4.369858E-15	2.602106E-16
8.750000E+03	4.416035E-15	2.642381E-16
8.760000E+03	4.453190E-15	2.677468E-16
8.770000E+03	4.481199E-15	2.707213E-16
8.780000E+03	4.500210E-15	2.731630E-16
8.790000E+03	4.510476E-15	2.750796E-16
8.800000E+03	4.512260E-15	2.764802E-16
8.810000E+03	4.505996E-15	2.773845E-16
8.820000E+03	4.492190E-15	2.778178E-16
8.830000E+03	4.471235E-15	2.777986E-16
8.840000E+03	4.443834E-15	2.773657E-16
8.850000E+03	4.410551E-15	2.765498E-16
8.860000E+03	4.371888E-15	2.753784E-16
8.870000E+03	4.328356E-15	2.738805E-16
8.880000E+03	4.280733E-15	2.721024E-16
8.890000E+03	4.229354E-15	2.700632E-16
8.900000E+03	4.174889E-15	2.678038E-16
8.910000E+03	4.117897E-15	2.653587E-16
8.920000E+03	4.058826E-15	2.627557E-16
8.930000E+03	3.998262E-15	2.600323E-16
8.940000E+03	3.936502E-15	2.572074E-16
8.950000E+03	3.874061E-15	2.543147E-16
8.960000E+03	3.811411E-15	2.513854E-16
8.970000E+03	3.748738E-15	2.484324E-16
8.980000E+03	3.686439E-15	2.454825E-16
8.990000E+03	3.624789E-15	2.425549E-16
9.000000E+03	3.564028E-15	2.396666E-16
9.040000E+03	3.333987E-15	2.288051E-16
9.080000E+03	3.130572E-15	2.195038E-16
9.120000E+03	2.957466E-15	2.120921E-16
9.160000E+03	2.814687E-15	2.066391E-16
9.200000E+03	2.700121E-15	2.030514E-16
9.240000E+03	2.610260E-15	2.011192E-16
9.280000E+03	2.541533E-15	2.006119E-16
9.320000E+03	2.490097E-15	2.012629E-16
9.360000E+03	2.452714E-15	2.028393E-16
9.400000E+03	2.426333E-15	2.051127E-16
9.440000E+03	2.408620E-15	2.079095E-16
9.480000E+03	2.397439E-15	2.110767E-16
9.520000E+03	2.390861E-15	2.144921E-16
9.560000E+03	2.387252E-15	2.180834E-16
9.600000E+03	2.384881E-15	2.218027E-16
9.640000E+03	2.382447E-15	2.256837E-16
9.680000E+03	2.378733E-15	2.298189E-16
9.720000E+03	2.372818E-15	2.343851E-16
9.760000E+03	2.364063E-15	2.396416E-16
9.800000E+03	2.351947E-15	2.459029E-16
9.840000E+03	2.336390E-15	2.535485E-16
9.880000E+03	2.317361E-15	2.629440E-16
9.920000E+03	2.294689E-15	2.743686E-16
9.960000E+03	2.268717E-15	2.880393E-16
1.000000E+04	2.239753E-15	3.040119E-16
1.004000E+04	2.207867E-15	3.221312E-16
1.008000E+04	2.173752E-15	3.421603E-16
1.012000E+04	2.137645E-15	3.636727E-16
1.016000E+04	2.100051E-15	3.862194E-16
1.020000E+04	2.060949E-15	4.092568E-16
1.024000E+04	2.021069E-15	4.324305E-16
1.028000E+04	1.980292E-15	4.552900E-16
1.032000E+04	1.939108E-15	4.775880E-16
