#wls	flux	fluxerr
1.600000E+03	9.767365E-17	7.580217E-17
1.640000E+03	9.829799E-17	7.540179E-17
1.680000E+03	9.901544E-17	7.503649E-17
1.720000E+03	9.983620E-17	7.471044E-17
1.760000E+03	1.007582E-16	7.441822E-17
1.800000E+03	1.017914E-16	7.416309E-17
1.840000E+03	1.029455E-16	7.394754E-17
1.880000E+03	1.042415E-16	7.378149E-17
1.920000E+03	1.056652E-16	7.364941E-17
1.960000E+03	1.072487E-16	7.356771E-17
2.000000E+03	1.089893E-16	7.352781E-17
2.040000E+03	1.109180E-16	7.354330E-17
2.080000E+03	1.130537E-16	7.361831E-17
2.120000E+03	1.154260E-16	7.376247E-17
2.160000E+03	1.180851E-16	7.399669E-17
2.200000E+03	1.210585E-16	7.432501E-17
2.240000E+03	1.244262E-16	7.478116E-17
2.280000E+03	1.282239E-16	7.536825E-17
2.320000E+03	1.325181E-16	7.610452E-17
2.360000E+03	1.373323E-16	7.698002E-17
2.400000E+03	1.426595E-16	7.796601E-17
2.440000E+03	1.485139E-16	7.904484E-17
2.480000E+03	1.549097E-16	8.019764E-17
2.520000E+03	1.618718E-16	8.140928E-17
2.560000E+03	1.694145E-16	8.265780E-17
2.600000E+03	1.775525E-16	8.391991E-17
2.640000E+03	1.863298E-16	8.518460E-17
2.680000E+03	1.957499E-16	8.642014E-17
2.720000E+03	2.058457E-16	8.760674E-17
2.760000E+03	2.166385E-16	8.871812E-17
2.800000E+03	2.281194E-16	8.971492E-17
2.840000E+03	2.403457E-16	9.058380E-17
2.880000E+03	2.533426E-16	9.129709E-17
2.920000E+03	2.671901E-16	9.184538E-17
2.960000E+03	2.820306E-16	9.223604E-17
3.000000E+03	2.979822E-16	9.246161E-17
3.010000E+03	3.021691E-16	9.249439E-17
3.020000E+03	3.064309E-16	9.251461E-17
3.030000E+03	3.107860E-16	9.252698E-17
3.040000E+03	3.152243E-16	9.252761E-17
3.050000E+03	3.197549E-16	9.251825E-17
3.060000E+03	3.243770E-16	9.249782E-17
3.070000E+03	3.290996E-16	9.246792E-17
3.080000E+03	3.339315E-16	9.243000E-17
3.090000E+03	3.388627E-16	9.238028E-17
3.100000E+03	3.439020E-16	9.232023E-17
3.110000E+03	3.490581E-16	9.225115E-17
3.120000E+03	3.543305E-16	9.217183E-17
3.130000E+03	3.597187E-16	9.208109E-17
3.140000E+03	3.652406E-16	9.198250E-17
3.150000E+03	3.708865E-16	9.187243E-17
3.160000E+03	3.766558E-16	9.174977E-17
3.170000E+03	3.825760E-16	9.162010E-17
3.180000E+03	3.886280E-16	9.147770E-17
3.190000E+03	3.948301E-16	9.132581E-17
3.200000E+03	4.011726E-16	9.116111E-17
3.210000E+03	4.076738E-16	9.098673E-17
3.220000E+03	4.143335E-16	9.080151E-17
3.230000E+03	4.211518E-16	9.060440E-17
3.240000E+03	4.281380E-16	9.039638E-17
3.250000E+03	4.353014E-16	9.017840E-17
3.260000E+03	4.426332E-16	8.994763E-17
3.270000E+03	4.501433E-16	8.970518E-17
3.280000E+03	4.578324E-16	8.945034E-17
3.290000E+03	4.657108E-16	8.918429E-17
3.300000E+03	4.737798E-16	8.890650E-17
3.310000E+03	4.820409E-16	8.861658E-17
3.320000E+03	4.905053E-16	8.831595E-17
3.330000E+03	4.991570E-16	8.800124E-17
3.340000E+03	5.080262E-16	8.767739E-17
3.350000E+03	5.170978E-16	8.734142E-17
3.360000E+03	5.263755E-16	8.699383E-17
3.370000E+03	5.358727E-16	8.663677E-17
3.380000E+03	5.455851E-16	8.626961E-17
3.390000E+03	5.555091E-16	8.589205E-17
3.400000E+03	5.656510E-16	8.550549E-17
3.410000E+03	5.760086E-16	8.511024E-17
3.420000E+03	5.865986E-16	8.470953E-17
3.430000E+03	5.974024E-16	8.430162E-17
3.440000E+03	6.084296E-16	8.388904E-17
3.450000E+03	6.196812E-16	8.347334E-17
3.460000E+03	6.311507E-16	8.305518E-17
3.470000E+03	6.428412E-16	8.263682E-17
3.480000E+03	6.547568E-16	8.222078E-17
3.490000E+03	6.668939E-16	8.180872E-17
3.500000E+03	6.792404E-16	8.140157E-17
3.510000E+03	6.918037E-16	8.100277E-17
3.520000E+03	7.045826E-16	8.061489E-17
3.530000E+03	7.175681E-16	8.023968E-17
3.540000E+03	7.307608E-16	7.988013E-17
3.550000E+03	7.441622E-16	7.953932E-17
3.560000E+03	7.577742E-16	7.922040E-17
3.570000E+03	7.715901E-16	7.892552E-17
3.580000E+03	7.856126E-16	7.865773E-17
3.590000E+03	7.998355E-16	7.841904E-17
3.600000E+03	8.142800E-16	7.821391E-17
3.610000E+03	8.289395E-16	7.804380E-17
3.620000E+03	8.438163E-16	7.791071E-17
3.630000E+03	8.589028E-16	7.781540E-17
3.640000E+03	8.741995E-16	7.775904E-17
3.650000E+03	8.897060E-16	7.774229E-17
3.660000E+03	9.054206E-16	7.776531E-17
3.670000E+03	9.213495E-16	7.782848E-17
3.680000E+03	9.374877E-16	7.793082E-17
3.690000E+03	9.538476E-16	7.807238E-17
3.700000E+03	9.704202E-16	7.825104E-17
3.710000E+03	9.872235E-16	7.846653E-17
3.720000E+03	1.004254E-15	7.871649E-17
3.730000E+03	1.021505E-15	7.899813E-17
3.740000E+03	1.038988E-15	7.930977E-17
3.750000E+03	1.056701E-15	7.964861E-17
3.760000E+03	1.074641E-15	8.001153E-17
3.770000E+03	1.092798E-15	8.039518E-17
3.780000E+03	1.111184E-15	8.079751E-17
3.790000E+03	1.129775E-15	8.121404E-17
3.800000E+03	1.148564E-15	8.164172E-17
3.810000E+03	1.167553E-15	8.207818E-17
3.820000E+03	1.186697E-15	8.251804E-17
3.830000E+03	1.206001E-15	8.295967E-17
3.840000E+03	1.225437E-15	8.339929E-17
3.850000E+03	1.244971E-15	8.383316E-17
3.860000E+03	1.264590E-15	8.425916E-17
3.870000E+03	1.284255E-15	8.467380E-17
3.880000E+03	1.303938E-15	8.507446E-17
3.890000E+03	1.323595E-15	8.545794E-17
3.900000E+03	1.343205E-15	8.582266E-17
3.910000E+03	1.362710E-15	8.616497E-17
3.920000E+03	1.382088E-15	8.648359E-17
3.930000E+03	1.401290E-15	8.677591E-17
3.940000E+03	1.420284E-15	8.704018E-17
3.950000E+03	1.439036E-15	8.727478E-17
3.960000E+03	1.457490E-15	8.747669E-17
3.970000E+03	1.475618E-15	8.764449E-17
3.980000E+03	1.493406E-15	8.777758E-17
3.990000E+03	1.510797E-15	8.787243E-17
4.000000E+03	1.527799E-15	8.792926E-17
4.010000E+03	1.544363E-15	8.794462E-17
4.020000E+03	1.560498E-15	8.791800E-17
4.030000E+03	1.576193E-15	8.784743E-17
4.040000E+03	1.591445E-15	8.773087E-17
4.050000E+03	1.606256E-15	8.756626E-17
4.060000E+03	1.620651E-15	8.735220E-17
4.070000E+03	1.634636E-15	8.708575E-17
4.080000E+03	1.648263E-15	8.676605E-17
4.090000E+03	1.661552E-15	8.638996E-17
4.100000E+03	1.674543E-15	8.595492E-17
4.110000E+03	1.687283E-15	8.545827E-17
4.120000E+03	1.699837E-15	8.489786E-17
4.130000E+03	1.712263E-15	8.427066E-17
4.140000E+03	1.724608E-15	8.357279E-17
4.150000E+03	1.736952E-15	8.280156E-17
4.160000E+03	1.749360E-15	8.195337E-17
4.170000E+03	1.761888E-15	8.102378E-17
4.180000E+03	1.774635E-15	8.001017E-17
4.190000E+03	1.787640E-15	7.890713E-17
4.200000E+03	1.800986E-15	7.771111E-17
4.210000E+03	1.814755E-15	7.641851E-17
4.220000E+03	1.828995E-15	7.502451E-17
4.230000E+03	1.843765E-15	7.352518E-17
4.240000E+03	1.859135E-15	7.191757E-17
4.250000E+03	1.875142E-15	7.019823E-17
4.260000E+03	1.891859E-15	6.836645E-17
4.270000E+03	1.909325E-15	6.642185E-17
4.280000E+03	1.927556E-15	6.436563E-17
4.290000E+03	1.946622E-15	6.220405E-17
4.300000E+03	1.966526E-15	5.994520E-17
4.310000E+03	1.987291E-15	5.760361E-17
4.320000E+03	2.008951E-15	5.520146E-17
4.330000E+03	2.031518E-15	5.276993E-17
4.340000E+03	2.054995E-15	5.035265E-17
4.350000E+03	2.079395E-15	4.800939E-17
4.360000E+03	2.104675E-15	4.581791E-17
4.370000E+03	2.130821E-15	4.387817E-17
4.380000E+03	2.157775E-15	4.230949E-17
4.390000E+03	2.185491E-15	4.124294E-17
4.400000E+03	2.213863E-15	4.080004E-17
4.410000E+03	2.242848E-15	4.106469E-17
4.420000E+03	2.272358E-15	4.205325E-17
4.430000E+03	2.302312E-15	4.371043E-17
4.440000E+03	2.332603E-15	4.592939E-17
4.450000E+03	2.363134E-15	4.858165E-17
4.460000E+03	2.393800E-15	5.153906E-17
4.470000E+03	2.424508E-15	5.468594E-17
4.480000E+03	2.455116E-15	5.792171E-17
4.490000E+03	2.485515E-15	6.116239E-17
4.500000E+03	2.515588E-15	6.433776E-17
4.510000E+03	2.545167E-15	6.738773E-17
4.520000E+03	2.574142E-15	7.026289E-17
4.530000E+03	2.602332E-15	7.291934E-17
4.540000E+03	2.629618E-15	7.532077E-17
4.550000E+03	2.655814E-15	7.743387E-17
4.560000E+03	2.680803E-15	7.923135E-17
4.570000E+03	2.704426E-15	8.068827E-17
4.580000E+03	2.726534E-15	8.178303E-17
4.590000E+03	2.747034E-15	8.249865E-17
4.600000E+03	2.765801E-15	8.281990E-17
4.610000E+03	2.782754E-15	8.273542E-17
4.620000E+03	2.797830E-15	8.223708E-17
4.630000E+03	2.810940E-15	8.131870E-17
4.640000E+03	2.822118E-15	7.998040E-17
4.650000E+03	2.831352E-15	7.822388E-17
4.660000E+03	2.838677E-15	7.605548E-17
4.670000E+03	2.844133E-15	7.348524E-17
4.680000E+03	2.847783E-15	7.052818E-17
4.690000E+03	2.849712E-15	6.720520E-17
4.700000E+03	2.850056E-15	6.354504E-17
4.710000E+03	2.848914E-15	5.958473E-17
4.720000E+03	2.846456E-15	5.537531E-17
4.730000E+03	2.842785E-15	5.098483E-17
4.740000E+03	2.838067E-15	4.650986E-17
4.750000E+03	2.832469E-15	4.208821E-17
4.760000E+03	2.826137E-15	3.791848E-17
4.770000E+03	2.819241E-15	3.428291E-17
4.780000E+03	2.811920E-15	3.155139E-17
4.790000E+03	2.804334E-15	3.012175E-17
4.800000E+03	2.796620E-15	3.025847E-17
4.810000E+03	2.788972E-15	3.193171E-17
4.820000E+03	2.781509E-15	3.483922E-17
4.830000E+03	2.774441E-15	3.858772E-17
4.840000E+03	2.767884E-15	4.283423E-17
4.850000E+03	2.761954E-15	4.732973E-17
4.860000E+03	2.756745E-15	5.190689E-17
4.870000E+03	2.752321E-15	5.645658E-17
4.880000E+03	2.748725E-15	6.090830E-17
4.890000E+03	2.745973E-15	6.521669E-17
4.900000E+03	2.744087E-15	6.935336E-17
4.910000E+03	2.743015E-15	7.329942E-17
4.920000E+03	2.742744E-15	7.704431E-17
4.930000E+03	2.743193E-15	8.058079E-17
4.940000E+03	2.744347E-15	8.390692E-17
4.950000E+03	2.746111E-15	8.702062E-17
4.960000E+03	2.748383E-15	8.992102E-17
4.970000E+03	2.751167E-15	9.261147E-17
4.980000E+03	2.754314E-15	9.509090E-17
4.990000E+03	2.757838E-15	9.736377E-17
5.000000E+03	2.761632E-15	9.943043E-17
5.010000E+03	2.765678E-15	1.012941E-16
5.020000E+03	2.769918E-15	1.029562E-16
5.030000E+03	2.774386E-15	1.044213E-16
5.040000E+03	2.779027E-15	1.056899E-16
5.050000E+03	2.783902E-15	1.067666E-16
5.060000E+03	2.788983E-15	1.076520E-16
5.070000E+03	2.794357E-15	1.083505E-16
5.080000E+03	2.800046E-15	1.088632E-16
5.090000E+03	2.806077E-15	1.091909E-16
5.100000E+03	2.812567E-15	1.093370E-16
5.110000E+03	2.819558E-15	1.093014E-16
5.120000E+03	2.827123E-15	1.090842E-16
5.130000E+03	2.835308E-15	1.086837E-16
5.140000E+03	2.844245E-15	1.081003E-16
5.150000E+03	2.853952E-15	1.073294E-16
5.160000E+03	2.864529E-15	1.063684E-16
5.170000E+03	2.876045E-15	1.052124E-16
5.180000E+03	2.888539E-15	1.038543E-16
5.190000E+03	2.902100E-15	1.022881E-16
5.200000E+03	2.916759E-15	1.005045E-16
5.210000E+03	2.932569E-15	9.849412E-17
5.220000E+03	2.949578E-15	9.624679E-17
5.230000E+03	2.967862E-15	9.375249E-17
5.240000E+03	2.987404E-15	9.099798E-17
5.250000E+03	3.008271E-15	8.797268E-17
5.260000E+03	3.030467E-15	8.466462E-17
5.270000E+03	3.054050E-15	8.106459E-17
5.280000E+03	3.079045E-15	7.716448E-17
5.290000E+03	3.105411E-15	7.295816E-17
5.300000E+03	3.133215E-15	6.844806E-17
5.310000E+03	3.162398E-15	6.364269E-17
5.320000E+03	3.192974E-15	5.856707E-17
5.330000E+03	3.224882E-15	5.326861E-17
5.340000E+03	3.258070E-15	4.783506E-17
5.350000E+03	3.292495E-15	4.242237E-17
5.360000E+03	3.327987E-15	3.730076E-17
5.370000E+03	3.364441E-15	3.292581E-17
5.380000E+03	3.401652E-15	2.997871E-17
5.390000E+03	3.439408E-15	2.921555E-17
5.400000E+03	3.477467E-15	3.100545E-17
5.410000E+03	3.515520E-15	3.503095E-17
5.420000E+03	3.553269E-15	4.060698E-17
5.430000E+03	3.590389E-15	4.710862E-17
5.440000E+03	3.626510E-15	5.410225E-17
5.450000E+03	3.661291E-15	6.131059E-17
5.460000E+03	3.694401E-15	6.855541E-17
5.470000E+03	3.725492E-15	7.571715E-17
5.480000E+03	3.754286E-15	8.271307E-17
5.490000E+03	3.780585E-15	8.948468E-17
5.500000E+03	3.804169E-15	9.598786E-17
5.510000E+03	3.824877E-15	1.021902E-16
5.520000E+03	3.842690E-15	1.080708E-16
5.530000E+03	3.857621E-15	1.136158E-16
5.540000E+03	3.869710E-15	1.188176E-16
5.550000E+03	3.879143E-15	1.236769E-16
5.560000E+03	3.886091E-15	1.281978E-16
5.570000E+03	3.890819E-15	1.323909E-16
5.580000E+03	3.893682E-15	1.362723E-16
5.590000E+03	3.894995E-15	1.398593E-16
5.600000E+03	3.895102E-15	1.431722E-16
5.610000E+03	3.894484E-15	1.462377E-16
5.620000E+03	3.893514E-15	1.490801E-16
5.630000E+03	3.892562E-15	1.517240E-16
5.640000E+03	3.892108E-15	1.541991E-16
5.650000E+03	3.892451E-15	1.565285E-16
5.660000E+03	3.893985E-15	1.587387E-16
5.670000E+03	3.897031E-15	1.608533E-16
5.680000E+03	3.901868E-15	1.628937E-16
5.690000E+03	3.908693E-15	1.648773E-16
5.700000E+03	3.917780E-15	1.668243E-16
5.710000E+03	3.929186E-15	1.687445E-16
5.720000E+03	3.943043E-15	1.706503E-16
5.730000E+03	3.959348E-15	1.725471E-16
5.740000E+03	3.978173E-15	1.744428E-16
5.750000E+03	3.999411E-15	1.763362E-16
5.760000E+03	4.022904E-15	1.782232E-16
5.770000E+03	4.048578E-15	1.801018E-16
5.780000E+03	4.076180E-15	1.819615E-16
5.790000E+03	4.105460E-15	1.837909E-16
5.800000E+03	4.136127E-15	1.855755E-16
5.810000E+03	4.167903E-15	1.873008E-16
5.820000E+03	4.200388E-15	1.889457E-16
5.830000E+03	4.233249E-15	1.904915E-16
5.840000E+03	4.266091E-15	1.919160E-16
5.850000E+03	4.298505E-15	1.931955E-16
5.860000E+03	4.330028E-15	1.943037E-16
5.870000E+03	4.360347E-15	1.952202E-16
5.880000E+03	4.389062E-15	1.959206E-16
5.890000E+03	4.415736E-15	1.963784E-16
5.900000E+03	4.440059E-15	1.965728E-16
5.910000E+03	4.461697E-15	1.964817E-16
5.920000E+03	4.480405E-15	1.960872E-16
5.930000E+03	4.495873E-15	1.953685E-16
5.940000E+03	4.507939E-15	1.943116E-16
5.950000E+03	4.516489E-15	1.929048E-16
5.960000E+03	4.521348E-15	1.911344E-16
5.970000E+03	4.522498E-15	1.889934E-16
5.980000E+03	4.519967E-15	1.864777E-16
5.990000E+03	4.513718E-15	1.835806E-16
6.000000E+03	4.503921E-15	1.803047E-16
6.010000E+03	4.490673E-15	1.766499E-16
6.020000E+03	4.474103E-15	1.726182E-16
6.030000E+03	4.454421E-15	1.682150E-16
6.040000E+03	4.431859E-15	1.634474E-16
6.050000E+03	4.406552E-15	1.583193E-16
6.060000E+03	4.378867E-15	1.528437E-16
6.070000E+03	4.348949E-15	1.470263E-16
6.080000E+03	4.317055E-15	1.408777E-16
6.090000E+03	4.283489E-15	1.344108E-16
6.100000E+03	4.248325E-15	1.276326E-16
6.110000E+03	4.211896E-15	1.205598E-16
6.120000E+03	4.174360E-15	1.132058E-16
6.130000E+03	4.135911E-15	1.055881E-16
6.140000E+03	4.096676E-15	9.772665E-17
6.150000E+03	4.056823E-15	8.964814E-17
6.160000E+03	4.016459E-15	8.138658E-17
6.170000E+03	3.975738E-15	7.299025E-17
6.180000E+03	3.934710E-15	6.452677E-17
6.190000E+03	3.893431E-15	5.610047E-17
6.200000E+03	3.852125E-15	4.788261E-17
6.210000E+03	3.810772E-15	4.016006E-17
6.220000E+03	3.769625E-15	3.344095E-17
6.230000E+03	3.728744E-15	2.856698E-17
6.240000E+03	3.688343E-15	2.659662E-17
6.250000E+03	3.648523E-15	2.802297E-17
6.260000E+03	3.609417E-15	3.216108E-17
6.270000E+03	3.571047E-15	3.785390E-17
6.280000E+03	3.533638E-15	4.423878E-17
6.290000E+03	3.497223E-15	5.082248E-17
6.300000E+03	3.461944E-15	5.734486E-17
6.310000E+03	3.427903E-15	6.367026E-17
6.320000E+03	3.395254E-15	6.973107E-17
6.330000E+03	3.364145E-15	7.549724E-17
6.340000E+03	3.334624E-15	8.095817E-17
6.350000E+03	3.306868E-15	8.611935E-17
6.360000E+03	3.280848E-15	9.098920E-17
6.370000E+03	3.256709E-15	9.558545E-17
6.380000E+03	3.234480E-15	9.992583E-17
6.390000E+03	3.214124E-15	1.040275E-16
6.400000E+03	3.195727E-15	1.079121E-16
6.410000E+03	3.179212E-15	1.115961E-16
6.420000E+03	3.164766E-15	1.151051E-16
6.430000E+03	3.152280E-15	1.184536E-16
6.440000E+03	3.141861E-15	1.216635E-16
6.450000E+03	3.133369E-15	1.247466E-16
6.460000E+03	3.126841E-15	1.277203E-16
6.470000E+03	3.122208E-15	1.305970E-16
6.480000E+03	3.119392E-15	1.333874E-16
6.490000E+03	3.118308E-15	1.361009E-16
6.500000E+03	3.118862E-15	1.387454E-16
6.510000E+03	3.120908E-15	1.413255E-16
6.520000E+03	3.124436E-15	1.438508E-16
6.530000E+03	3.129242E-15	1.463211E-16
6.540000E+03	3.135259E-15	1.487417E-16
6.550000E+03	3.142325E-15	1.511126E-16
6.560000E+03	3.150319E-15	1.534349E-16
6.570000E+03	3.159171E-15	1.557116E-16
6.580000E+03	3.168663E-15	1.579376E-16
6.590000E+03	3.178673E-15	1.601121E-16
6.600000E+03	3.189134E-15	1.622363E-16
6.610000E+03	3.199929E-15	1.643086E-16
6.620000E+03	3.210845E-15	1.663221E-16
6.630000E+03	3.221877E-15	1.682799E-16
6.640000E+03	3.232819E-15	1.701747E-16
6.650000E+03	3.243679E-15	1.720096E-16
6.660000E+03	3.254214E-15	1.737746E-16
6.670000E+03	3.264501E-15	1.754760E-16
6.680000E+03	3.274365E-15	1.771068E-16
6.690000E+03	3.283798E-15	1.786684E-16
6.700000E+03	3.292642E-15	1.801542E-16
6.710000E+03	3.301018E-15	1.815722E-16
6.720000E+03	3.308733E-15	1.829133E-16
6.730000E+03	3.315875E-15	1.841838E-16
6.740000E+03	3.322434E-15	1.853842E-16
6.750000E+03	3.328298E-15	1.865093E-16
6.760000E+03	3.333584E-15	1.875665E-16
6.770000E+03	3.338252E-15	1.885544E-16
6.780000E+03	3.342378E-15	1.894780E-16
6.790000E+03	3.345878E-15	1.903331E-16
6.800000E+03	3.348895E-15	1.911284E-16
6.810000E+03	3.351467E-15	1.918665E-16
6.820000E+03	3.353575E-15	1.925466E-16
6.830000E+03	3.355256E-15	1.931714E-16
6.840000E+03	3.356552E-15	1.937434E-16
6.850000E+03	3.357617E-15	1.942717E-16
6.860000E+03	3.358314E-15	1.947486E-16
6.870000E+03	3.358793E-15	1.951829E-16
6.880000E+03	3.359086E-15	1.955766E-16
6.890000E+03	3.359161E-15	1.959277E-16
6.900000E+03	3.359098E-15	1.962410E-16
6.910000E+03	3.358913E-15	1.965173E-16
6.920000E+03	3.358558E-15	1.967536E-16
6.930000E+03	3.358095E-15	1.969536E-16
6.940000E+03	3.357523E-15	1.971167E-16
6.950000E+03	3.356774E-15	1.972387E-16
6.960000E+03	3.355953E-15	1.973256E-16
6.970000E+03	3.354920E-15	1.973685E-16
6.980000E+03	3.353769E-15	1.973725E-16
6.990000E+03	3.352347E-15	1.973281E-16
7.000000E+03	3.350741E-15	1.972397E-16
7.010000E+03	3.348785E-15	1.970968E-16
7.020000E+03	3.346560E-15	1.969035E-16
7.030000E+03	3.343956E-15	1.966522E-16
7.040000E+03	3.340922E-15	1.963392E-16
7.050000E+03	3.337471E-15	1.959641E-16
7.060000E+03	3.333485E-15	1.955189E-16
7.070000E+03	3.328911E-15	1.949994E-16
7.080000E+03	3.323761E-15	1.944051E-16
7.090000E+03	3.317983E-15	1.937315E-16
7.100000E+03	3.311463E-15	1.929708E-16
7.110000E+03	3.304218E-15	1.921225E-16
7.120000E+03	3.296205E-15	1.911826E-16
7.130000E+03	3.287383E-15	1.901475E-16
7.140000E+03	3.277652E-15	1.890097E-16
7.150000E+03	3.267111E-15	1.877735E-16
7.160000E+03	3.255670E-15	1.864321E-16
7.170000E+03	3.243308E-15	1.849831E-16
7.180000E+03	3.230080E-15	1.834277E-16
7.190000E+03	3.215911E-15	1.817604E-16
7.200000E+03	3.200804E-15	1.799798E-16
7.210000E+03	3.184896E-15	1.780921E-16
7.220000E+03	3.168004E-15	1.760857E-16
7.230000E+03	3.150347E-15	1.739714E-16
7.240000E+03	3.131888E-15	1.717456E-16
7.250000E+03	3.112597E-15	1.694055E-16
7.260000E+03	3.092581E-15	1.669555E-16
7.270000E+03	3.071955E-15	1.644006E-16
7.280000E+03	3.050707E-15	1.617388E-16
7.290000E+03	3.028835E-15	1.589687E-16
7.300000E+03	3.006532E-15	1.560994E-16
7.310000E+03	2.983806E-15	1.531299E-16
7.320000E+03	2.960732E-15	1.500627E-16
7.330000E+03	2.937450E-15	1.469036E-16
7.340000E+03	2.913853E-15	1.436459E-16
7.350000E+03	2.890214E-15	1.403015E-16
7.360000E+03	2.866493E-15	1.368669E-16
7.370000E+03	2.842776E-15	1.333444E-16
7.380000E+03	2.819149E-15	1.297361E-16
7.390000E+03	2.795637E-15	1.260412E-16
7.400000E+03	2.772324E-15	1.222610E-16
7.410000E+03	2.749293E-15	1.183966E-16
7.420000E+03	2.726561E-15	1.144458E-16
7.430000E+03	2.704206E-15	1.104086E-16
7.440000E+03	2.682235E-15	1.062817E-16
7.450000E+03	2.660897E-15	1.020709E-16
7.460000E+03	2.640128E-15	9.776890E-17
7.470000E+03	2.620100E-15	9.337679E-17
7.480000E+03	2.600852E-15	8.889020E-17
7.490000E+03	2.582478E-15	8.430610E-17
7.500000E+03	2.564940E-15	7.961686E-17
7.510000E+03	2.548309E-15	7.481876E-17
7.520000E+03	2.532647E-15	6.990807E-17
7.530000E+03	2.517827E-15	6.487720E-17
7.540000E+03	2.504009E-15	5.972902E-17
7.550000E+03	2.491046E-15	5.446271E-17
7.560000E+03	2.478902E-15	4.908809E-17
7.570000E+03	2.467654E-15	4.362961E-17
7.580000E+03	2.457132E-15	3.812903E-17
7.590000E+03	2.447285E-15	3.267110E-17
7.600000E+03	2.438177E-15	2.741956E-17
7.610000E+03	2.429634E-15	2.268746E-17
7.620000E+03	2.421598E-15	1.906413E-17
7.630000E+03	2.414071E-15	1.743459E-17
7.640000E+03	2.406990E-15	1.842607E-17
7.650000E+03	2.400227E-15	2.167521E-17
7.660000E+03	2.393776E-15	2.629692E-17
7.670000E+03	2.387567E-15	3.161387E-17
7.680000E+03	2.381418E-15	3.724642E-17
7.690000E+03	2.375452E-15	4.299809E-17
7.700000E+03	2.369438E-15	4.875777E-17
7.710000E+03	2.363513E-15	5.446720E-17
7.720000E+03	2.357458E-15	6.008529E-17
7.730000E+03	2.351421E-15	6.559309E-17
7.740000E+03	2.345250E-15	7.097226E-17
7.750000E+03	2.338917E-15	7.621225E-17
7.760000E+03	2.332519E-15	8.130992E-17
7.770000E+03	2.325911E-15	8.625626E-17
7.780000E+03	2.319131E-15	9.104980E-17
7.790000E+03	2.312099E-15	9.568557E-17
7.800000E+03	2.304918E-15	1.001668E-16
7.810000E+03	2.297447E-15	1.044872E-16
7.820000E+03	2.289794E-15	1.086514E-16
7.830000E+03	2.281822E-15	1.126537E-16
7.840000E+03	2.273640E-15	1.164999E-16
7.850000E+03	2.265119E-15	1.201844E-16
7.860000E+03	2.256311E-15	1.237110E-16
7.870000E+03	2.247212E-15	1.270807E-16
7.880000E+03	2.237820E-15	1.302949E-16
7.890000E+03	2.228138E-15	1.333555E-16
7.900000E+03	2.218108E-15	1.362607E-16
7.910000E+03	2.207798E-15	1.390166E-16
7.920000E+03	2.197160E-15	1.416222E-16
7.930000E+03	2.186207E-15	1.440803E-16
7.940000E+03	2.174956E-15	1.463942E-16
7.950000E+03	2.163487E-15	1.485719E-16
7.960000E+03	2.151762E-15	1.506132E-16
7.970000E+03	2.139868E-15	1.525270E-16
7.980000E+03	2.127831E-15	1.543181E-16
7.990000E+03	2.115740E-15	1.559961E-16
8.000000E+03	2.103509E-15	1.575578E-16
8.010000E+03	2.091289E-15	1.590179E-16
8.020000E+03	2.079058E-15	1.603779E-16
8.030000E+03	2.066909E-15	1.616487E-16
8.040000E+03	2.054765E-15	1.628277E-16
8.050000E+03	2.042780E-15	1.639306E-16
8.060000E+03	2.030936E-15	1.649597E-16
8.070000E+03	2.019216E-15	1.659170E-16
8.080000E+03	2.007776E-15	1.668189E-16
8.090000E+03	1.996542E-15	1.676630E-16
8.100000E+03	1.985669E-15	1.684658E-16
8.110000E+03	1.975026E-15	1.692200E-16
8.120000E+03	1.964768E-15	1.699423E-16
8.130000E+03	1.954934E-15	1.706396E-16
8.140000E+03	1.945451E-15	1.713090E-16
8.150000E+03	1.936413E-15	1.719623E-16
8.160000E+03	1.927857E-15	1.726062E-16
8.170000E+03	1.919765E-15	1.732422E-16
8.180000E+03	1.912170E-15	1.738769E-16
8.190000E+03	1.905108E-15	1.745165E-16
8.200000E+03	1.898610E-15	1.751670E-16
8.210000E+03	1.892652E-15	1.758295E-16
8.220000E+03	1.887319E-15	1.765147E-16
8.230000E+03	1.882582E-15	1.772230E-16
8.240000E+03	1.878416E-15	1.779548E-16
8.250000E+03	1.874951E-15	1.787253E-16
8.260000E+03	1.872102E-15	1.795293E-16
8.270000E+03	1.869890E-15	1.803714E-16
8.280000E+03	1.868388E-15	1.812612E-16
8.290000E+03	1.867506E-15	1.821925E-16
8.300000E+03	1.867365E-15	1.831799E-16
8.310000E+03	1.867872E-15	1.842165E-16
8.320000E+03	1.869093E-15	1.853112E-16
8.330000E+03	1.870983E-15	1.864619E-16
8.340000E+03	1.873549E-15	1.876717E-16
8.350000E+03	1.876852E-15	1.889486E-16
8.360000E+03	1.880843E-15	1.902899E-16
8.370000E+03	1.885468E-15	1.916924E-16
8.380000E+03	1.890836E-15	1.931692E-16
8.390000E+03	1.896839E-15	1.947110E-16
8.400000E+03	1.903527E-15	1.963250E-16
8.410000E+03	1.910840E-15	1.980069E-16
8.420000E+03	1.918827E-15	1.997634E-16
8.430000E+03	1.927425E-15	2.015897E-16
8.440000E+03	1.936679E-15	2.034922E-16
8.450000E+03	1.946522E-15	2.054656E-16
8.460000E+03	1.956941E-15	2.075098E-16
8.470000E+03	1.967922E-15	2.096249E-16
8.480000E+03	1.979506E-15	2.118167E-16
8.490000E+03	1.991560E-15	2.140723E-16
8.500000E+03	2.004183E-15	2.164034E-16
8.510000E+03	2.017296E-15	2.188029E-16
8.520000E+03	2.030880E-15	2.212697E-16
8.530000E+03	2.044911E-15	2.238022E-16
8.540000E+03	2.059368E-15	2.263991E-16
8.550000E+03	2.074287E-15	2.290654E-16
8.560000E+03	2.089585E-15	2.317925E-16
8.570000E+03	2.105172E-15	2.345712E-16
8.580000E+03	2.121149E-15	2.374133E-16
8.590000E+03	2.137491E-15	2.403166E-16
8.600000E+03	2.154107E-15	2.432715E-16
8.610000E+03	2.170972E-15	2.462753E-16
8.620000E+03	2.188123E-15	2.493327E-16
8.630000E+03	2.205468E-15	2.524334E-16
8.640000E+03	2.223047E-15	2.555821E-16
8.650000E+03	2.240836E-15	2.587758E-16
8.660000E+03	2.258807E-15	2.620119E-16
8.670000E+03	2.276866E-15	2.652789E-16
8.680000E+03	2.295128E-15	2.685902E-16
8.690000E+03	2.313498E-15	2.719345E-16
8.700000E+03	2.331953E-15	2.753087E-16
8.710000E+03	2.350543E-15	2.787184E-16
8.720000E+03	2.369172E-15	2.821519E-16
8.730000E+03	2.387893E-15	2.856150E-16
8.740000E+03	2.406687E-15	2.891050E-16
8.750000E+03	2.425457E-15	2.926096E-16
8.760000E+03	2.444341E-15	2.961448E-16
8.770000E+03	2.463166E-15	2.996890E-16
8.780000E+03	2.481991E-15	3.032488E-16
8.790000E+03	2.500883E-15	3.068315E-16
8.800000E+03	2.519667E-15	3.104149E-16
8.810000E+03	2.538407E-15	3.140061E-16
8.820000E+03	2.557091E-15	3.176028E-16
8.830000E+03	2.575707E-15	3.212024E-16
8.840000E+03	2.594156E-15	3.247920E-16
8.850000E+03	2.612513E-15	3.283796E-16
8.860000E+03	2.630591E-15	3.319407E-16
8.870000E+03	2.648552E-15	3.354949E-16
8.880000E+03	2.666207E-15	3.390170E-16
8.890000E+03	2.683633E-15	3.425156E-16
8.900000E+03	2.700819E-15	3.459882E-16
8.910000E+03	2.717755E-15	3.494324E-16
8.920000E+03	2.734336E-15	3.528335E-16
8.930000E+03	2.750740E-15	3.562134E-16
8.940000E+03	2.766864E-15	3.595577E-16
8.950000E+03	2.782798E-15	3.628769E-16
8.960000E+03	2.798436E-15	3.661564E-16
8.970000E+03	2.813870E-15	3.694070E-16
8.980000E+03	2.829094E-15	3.726270E-16
8.990000E+03	2.844001E-15	3.758014E-16
9.000000E+03	2.858685E-15	3.789417E-16
9.040000E+03	2.915192E-15	3.911431E-16
9.080000E+03	2.967905E-15	4.026999E-16
9.120000E+03	3.016761E-15	4.135565E-16
9.160000E+03	3.061291E-15	4.236085E-16
9.200000E+03	3.101688E-15	4.328499E-16
9.240000E+03	3.137634E-15	4.412130E-16
9.280000E+03	3.168910E-15	4.486537E-16
9.320000E+03	3.195586E-15	4.551814E-16
9.360000E+03	3.217354E-15	4.607670E-16
9.400000E+03	3.234395E-15	4.654708E-16
9.440000E+03	3.246187E-15	4.692755E-16
9.480000E+03	3.253045E-15	4.723134E-16
9.520000E+03	3.254543E-15	4.746431E-16
9.560000E+03	3.250811E-15	4.764427E-16
9.600000E+03	3.241524E-15	4.778660E-16
9.640000E+03	3.226786E-15	4.791715E-16
9.680000E+03	3.206407E-15	4.806150E-16
9.720000E+03	3.180272E-15	4.824923E-16
9.760000E+03	3.148348E-15	4.851255E-16
9.800000E+03	3.110902E-15	4.888737E-16
9.840000E+03	3.067890E-15	4.940084E-16
9.880000E+03	3.019571E-15	5.007754E-16
9.920000E+03	2.966091E-15	5.092953E-16
9.960000E+03	2.907690E-15	5.195696E-16
1.000000E+04	2.844925E-15	5.315104E-16
1.004000E+04	2.778225E-15	5.448664E-16
1.008000E+04	2.708314E-15	5.593266E-16
1.012000E+04	2.635518E-15	5.744202E-16
1.016000E+04	2.560638E-15	5.897403E-16
1.020000E+04	2.484245E-15	6.048461E-16
1.024000E+04	2.407102E-15	6.193950E-16
1.028000E+04	2.329692E-15	6.330535E-16
1.032000E+04	2.252220E-15	6.454896E-16
