#wls	flux	fluxerr
1.587302E+03	3.107237E-18	1.720990E-19
1.626984E+03	3.114117E-18	1.719857E-19
1.666667E+03	3.120904E-18	1.718530E-19
1.706349E+03	3.127032E-18	1.716699E-19
1.746032E+03	3.133633E-18	1.714981E-19
1.785714E+03	3.139468E-18	1.712695E-19
1.825397E+03	3.143557E-18	1.709310E-19
1.865079E+03	3.144668E-18	1.704164E-19
1.904762E+03	3.142630E-18	1.697178E-19
1.944444E+03	3.135150E-18	1.687135E-19
1.984127E+03	3.123464E-18	1.674728E-19
2.023810E+03	3.109135E-18	1.660813E-19
2.063492E+03	3.100927E-18	1.650071E-19
2.103175E+03	3.109024E-18	1.647861E-19
2.142857E+03	3.146807E-18	1.661139E-19
2.182540E+03	3.221090E-18	1.693290E-19
2.222222E+03	3.331083E-18	1.743647E-19
2.261905E+03	3.471072E-18	1.808971E-19
2.301587E+03	3.632185E-18	1.884433E-19
2.341270E+03	3.808190E-18	1.966636E-19
2.380952E+03	3.997238E-18	2.054495E-19
2.420635E+03	4.198742E-18	2.147580E-19
2.460317E+03	4.413008E-18	2.245920E-19
2.500000E+03	4.643484E-18	2.351125E-19
2.539683E+03	4.893593E-18	2.464751E-19
2.579365E+03	5.165591E-18	2.587729E-19
2.619048E+03	5.464475E-18	2.722321E-19
2.658730E+03	5.794034E-18	2.870127E-19
2.698413E+03	6.160266E-18	3.033781E-19
2.738095E+03	6.567988E-18	3.215257E-19
2.777778E+03	7.024565E-18	3.417698E-19
2.817460E+03	7.537316E-18	3.644122E-19
2.857143E+03	8.115615E-18	3.898420E-19
2.896825E+03	8.770203E-18	4.185000E-19
2.936508E+03	9.512147E-18	4.508259E-19
2.976190E+03	1.035530E-17	4.873730E-19
2.986111E+03	1.058414E-17	4.972612E-19
2.996032E+03	1.081987E-17	5.074302E-19
3.005952E+03	1.106402E-17	5.179498E-19
3.015873E+03	1.131690E-17	5.288320E-19
3.025794E+03	1.157887E-17	5.400909E-19
3.035714E+03	1.184898E-17	5.516801E-19
3.045635E+03	1.212882E-17	5.636703E-19
3.055556E+03	1.241898E-17	5.760872E-19
3.065476E+03	1.271975E-17	5.889405E-19
3.075397E+03	1.303141E-17	6.022397E-19
3.085317E+03	1.335424E-17	6.159952E-19
3.095238E+03	1.368852E-17	6.302168E-19
3.105159E+03	1.403460E-17	6.449163E-19
3.115079E+03	1.439433E-17	6.601760E-19
3.125000E+03	1.476656E-17	6.759379E-19
3.134921E+03	1.515160E-17	6.922143E-19
3.144841E+03	1.554985E-17	7.090177E-19
3.154762E+03	1.596330E-17	7.264360E-19
3.164683E+03	1.639074E-17	7.444090E-19
3.174603E+03	1.683427E-17	7.630280E-19
3.184524E+03	1.729264E-17	7.822310E-19
3.194444E+03	1.776978E-17	8.021915E-19
3.204365E+03	1.826270E-17	8.227687E-19
3.214286E+03	1.877366E-17	8.440595E-19
3.224206E+03	1.930133E-17	8.659988E-19
3.234127E+03	1.984995E-17	8.887707E-19
3.244048E+03	2.041824E-17	9.123121E-19
3.253968E+03	2.100677E-17	9.366420E-19
3.263889E+03	2.161810E-17	9.618681E-19
3.273810E+03	2.224889E-17	9.878348E-19
3.283730E+03	2.290373E-17	1.014739E-18
3.293651E+03	2.358334E-17	1.042606E-18
3.303571E+03	2.428631E-17	1.071365E-18
3.313492E+03	2.501544E-17	1.101132E-18
3.323413E+03	2.577146E-17	1.131930E-18
3.333333E+03	2.655511E-17	1.163784E-18
3.343254E+03	2.736716E-17	1.196719E-18
3.353175E+03	2.820609E-17	1.230658E-18
3.363095E+03	2.907720E-17	1.265824E-18
3.373016E+03	2.998140E-17	1.302246E-18
3.382937E+03	3.091715E-17	1.339846E-18
3.392857E+03	3.188527E-17	1.378650E-18
3.402778E+03	3.288899E-17	1.418787E-18
3.412698E+03	3.392923E-17	1.460283E-18
3.422619E+03	3.500431E-17	1.503056E-18
3.432540E+03	3.612022E-17	1.547350E-18
3.442460E+03	3.727265E-17	1.592968E-18
3.452381E+03	3.846777E-17	1.640160E-18
3.462302E+03	3.970656E-17	1.688953E-18
3.472222E+03	4.098721E-17	1.739257E-18
3.482143E+03	4.231053E-17	1.791092E-18
3.492063E+03	4.368312E-17	1.844722E-18
3.501984E+03	4.510014E-17	1.899927E-18
3.511905E+03	4.656534E-17	1.956849E-18
3.521825E+03	4.807955E-17	2.015506E-18
3.531746E+03	4.964667E-17	2.076045E-18
3.541667E+03	5.126448E-17	2.138355E-18
3.551587E+03	5.293687E-17	2.202581E-18
3.561508E+03	5.466467E-17	2.268739E-18
3.571429E+03	5.644535E-17	2.336704E-18
3.581349E+03	5.828610E-17	2.406755E-18
3.591270E+03	6.018095E-17	2.478625E-18
3.601190E+03	6.213712E-17	2.552593E-18
3.611111E+03	6.415522E-17	2.628661E-18
3.621032E+03	6.623226E-17	2.706686E-18
3.630952E+03	6.837207E-17	2.786804E-18
3.640873E+03	7.057497E-17	2.869004E-18
3.650794E+03	7.284114E-17	2.953273E-18
3.660714E+03	7.517068E-17	3.039592E-18
3.670635E+03	7.756731E-17	3.128087E-18
3.680556E+03	8.002716E-17	3.218581E-18
3.690476E+03	8.255381E-17	3.311193E-18
3.700397E+03	8.514288E-17	3.405724E-18
3.710317E+03	8.780179E-17	3.502448E-18
3.720238E+03	9.052201E-17	3.601001E-18
3.730159E+03	9.331056E-17	3.701637E-18
3.740079E+03	9.616655E-17	3.804299E-18
3.750000E+03	9.908490E-17	3.908760E-18
3.759921E+03	1.020640E-16	4.014933E-18
3.769841E+03	1.051066E-16	4.122907E-18
3.779762E+03	1.082109E-16	4.232585E-18
3.789683E+03	1.113795E-16	4.344044E-18
3.799603E+03	1.146014E-16	4.456837E-18
3.809524E+03	1.178786E-16	4.571021E-18
3.819444E+03	1.212131E-16	4.686649E-18
3.829365E+03	1.245976E-16	4.803421E-18
3.839286E+03	1.280291E-16	4.921199E-18
3.849206E+03	1.315088E-16	5.040017E-18
3.859127E+03	1.350336E-16	5.159730E-18
3.869048E+03	1.385951E-16	5.280011E-18
3.878968E+03	1.421895E-16	5.400690E-18
3.888889E+03	1.458221E-16	5.521961E-18
3.898810E+03	1.494794E-16	5.643303E-18
3.908730E+03	1.531572E-16	5.764537E-18
3.918651E+03	1.568556E-16	5.885668E-18
3.928571E+03	1.605703E-16	6.006520E-18
3.938492E+03	1.642916E-16	6.126731E-18
3.948413E+03	1.680199E-16	6.246304E-18
3.958333E+03	1.717457E-16	6.364887E-18
3.968254E+03	1.754642E-16	6.482305E-18
3.978175E+03	1.791758E-16	6.598572E-18
3.988095E+03	1.828662E-16	6.713164E-18
3.998016E+03	1.865360E-16	6.826107E-18
4.007937E+03	1.901762E-16	6.937084E-18
4.017857E+03	1.937877E-16	7.046135E-18
4.027778E+03	1.973619E-16	7.152961E-18
4.037698E+03	2.008906E-16	7.257275E-18
4.047619E+03	2.043756E-16	7.359159E-18
4.057540E+03	2.078143E-16	7.458535E-18
4.067460E+03	2.111945E-16	7.554982E-18
4.077381E+03	2.145143E-16	7.648456E-18
4.087302E+03	2.177721E-16	7.738920E-18
4.097222E+03	2.209668E-16	7.826359E-18
4.107143E+03	2.240930E-16	7.910603E-18
4.117063E+03	2.271504E-16	7.991668E-18
4.126984E+03	2.301343E-16	8.069413E-18
4.136905E+03	2.330406E-16	8.143726E-18
4.146825E+03	2.358706E-16	8.214676E-18
4.156746E+03	2.386208E-16	8.282176E-18
4.166667E+03	2.412935E-16	8.346331E-18
4.176587E+03	2.438862E-16	8.407085E-18
4.186508E+03	2.463972E-16	8.464412E-18
4.196429E+03	2.488298E-16	8.518456E-18
4.206349E+03	2.511829E-16	8.569208E-18
4.216270E+03	2.534561E-16	8.616685E-18
4.226190E+03	2.556491E-16	8.660908E-18
4.236111E+03	2.577667E-16	8.702069E-18
4.246032E+03	2.598094E-16	8.740219E-18
4.255952E+03	2.617778E-16	8.775404E-18
4.265873E+03	2.636776E-16	8.807842E-18
4.275794E+03	2.655054E-16	8.837451E-18
4.285714E+03	2.672715E-16	8.864598E-18
4.295635E+03	2.689683E-16	8.889062E-18
4.305556E+03	2.706108E-16	8.911359E-18
4.315476E+03	2.722002E-16	8.931555E-18
4.325397E+03	2.737379E-16	8.949719E-18
4.335317E+03	2.752295E-16	8.966052E-18
4.345238E+03	2.766805E-16	8.980754E-18
4.355159E+03	2.781000E-16	8.994139E-18
4.365079E+03	2.794972E-16	9.006518E-18
4.375000E+03	2.808721E-16	9.017901E-18
4.384921E+03	2.822454E-16	9.028966E-18
4.394841E+03	2.836207E-16	9.039827E-18
4.404762E+03	2.850131E-16	9.050974E-18
4.414683E+03	2.864250E-16	9.062478E-18
4.424603E+03	2.878588E-16	9.074410E-18
4.434524E+03	2.893038E-16	9.086437E-18
4.444444E+03	2.907616E-16	9.098606E-18
4.454365E+03	2.922172E-16	9.110455E-18
4.464286E+03	2.936677E-16	9.121893E-18
4.474206E+03	2.951057E-16	9.132704E-18
4.484127E+03	2.965277E-16	9.142788E-18
4.494048E+03	2.979299E-16	9.152036E-18
4.503968E+03	2.993119E-16	9.160455E-18
4.513889E+03	3.006618E-16	9.167692E-18
4.523810E+03	3.019868E-16	9.173979E-18
4.533730E+03	3.032781E-16	9.179071E-18
4.543651E+03	3.045389E-16	9.183076E-18
4.553571E+03	3.057639E-16	9.185856E-18
4.563492E+03	3.069479E-16	9.187272E-18
4.573413E+03	3.081013E-16	9.187653E-18
4.583333E+03	3.092108E-16	9.186620E-18
4.593254E+03	3.102787E-16	9.184265E-18
4.603175E+03	3.113107E-16	9.180776E-18
4.613095E+03	3.122937E-16	9.175786E-18
4.623016E+03	3.132370E-16	9.169589E-18
4.632937E+03	3.141349E-16	9.162041E-18
4.642857E+03	3.149852E-16	9.153097E-18
4.652778E+03	3.157933E-16	9.142937E-18
4.662698E+03	3.165495E-16	9.131298E-18
4.672619E+03	3.172586E-16	9.118348E-18
4.682540E+03	3.179183E-16	9.104038E-18
4.692460E+03	3.185260E-16	9.088316E-18
4.702381E+03	3.190864E-16	9.071341E-18
4.712302E+03	3.195930E-16	9.052948E-18
4.722222E+03	3.200466E-16	9.033185E-18
4.732143E+03	3.204443E-16	9.011993E-18
4.742063E+03	3.207905E-16	8.989518E-18
4.751984E+03	3.210788E-16	8.965602E-18
4.761905E+03	3.213099E-16	8.940290E-18
4.771825E+03	3.214816E-16	8.913542E-18
4.781746E+03	3.215881E-16	8.885227E-18
4.791667E+03	3.216354E-16	8.855529E-18
4.801587E+03	3.216191E-16	8.824352E-18
4.811508E+03	3.215394E-16	8.791726E-18
4.821429E+03	3.214008E-16	8.757797E-18
4.831349E+03	3.212004E-16	8.722508E-18
4.841270E+03	3.209454E-16	8.686079E-18
4.851190E+03	3.206305E-16	8.648376E-18
4.861111E+03	3.202648E-16	8.609658E-18
4.871032E+03	3.198514E-16	8.570014E-18
4.880952E+03	3.193941E-16	8.529552E-18
4.890873E+03	3.189005E-16	8.488477E-18
4.900794E+03	3.183683E-16	8.446733E-18
4.910714E+03	3.178126E-16	8.404721E-18
4.920635E+03	3.172349E-16	8.362480E-18
4.930556E+03	3.166399E-16	8.320131E-18
4.940476E+03	3.160360E-16	8.277892E-18
4.950397E+03	3.154242E-16	8.235784E-18
4.960317E+03	3.148126E-16	8.194013E-18
4.970238E+03	3.142087E-16	8.152767E-18
4.980159E+03	3.136098E-16	8.111965E-18
4.990079E+03	3.130265E-16	8.071875E-18
5.000000E+03	3.124589E-16	8.032488E-18
5.009921E+03	3.119137E-16	7.993965E-18
5.019841E+03	3.113938E-16	7.956370E-18
5.029762E+03	3.109019E-16	7.919759E-18
5.039683E+03	3.104373E-16	7.884100E-18
5.049603E+03	3.100086E-16	7.849597E-18
5.059524E+03	3.096143E-16	7.816204E-18
5.069444E+03	3.092561E-16	7.783943E-18
5.079365E+03	3.089347E-16	7.752825E-18
5.089286E+03	3.086546E-16	7.722941E-18
5.099206E+03	3.084127E-16	7.694206E-18
5.109127E+03	3.082123E-16	7.666685E-18
5.119048E+03	3.080497E-16	7.640272E-18
5.128968E+03	3.079307E-16	7.615098E-18
5.138889E+03	3.078443E-16	7.590879E-18
5.148810E+03	3.077987E-16	7.567803E-18
5.158730E+03	3.077888E-16	7.545731E-18
5.168651E+03	3.078089E-16	7.524516E-18
5.178571E+03	3.078628E-16	7.504235E-18
5.188492E+03	3.079444E-16	7.484732E-18
5.198413E+03	3.080505E-16	7.465917E-18
5.208333E+03	3.081774E-16	7.447695E-18
5.218254E+03	3.083248E-16	7.430048E-18
5.228175E+03	3.084854E-16	7.412794E-18
5.238095E+03	3.086552E-16	7.395831E-18
5.248016E+03	3.088333E-16	7.379131E-18
5.257937E+03	3.090154E-16	7.362590E-18
5.267857E+03	3.091943E-16	7.346028E-18
5.277778E+03	3.093688E-16	7.329420E-18
5.287698E+03	3.095351E-16	7.312669E-18
5.297619E+03	3.096890E-16	7.295678E-18
5.307540E+03	3.098266E-16	7.278356E-18
5.317460E+03	3.099413E-16	7.260547E-18
5.327381E+03	3.100357E-16	7.242316E-18
5.337302E+03	3.101000E-16	7.223433E-18
5.347222E+03	3.101371E-16	7.203974E-18
5.357143E+03	3.101405E-16	7.183788E-18
5.367063E+03	3.101067E-16	7.162798E-18
5.376984E+03	3.100321E-16	7.140931E-18
5.386905E+03	3.099161E-16	7.118179E-18
5.396825E+03	3.097490E-16	7.094324E-18
5.406746E+03	3.095336E-16	7.069438E-18
5.416667E+03	3.092608E-16	7.043323E-18
5.426587E+03	3.089346E-16	7.016080E-18
5.436508E+03	3.085502E-16	6.987610E-18
5.446429E+03	3.081040E-16	6.957841E-18
5.456349E+03	3.076025E-16	6.926931E-18
5.466270E+03	3.070379E-16	6.894715E-18
5.476190E+03	3.064188E-16	6.861398E-18
5.486111E+03	3.057492E-16	6.827076E-18
5.496032E+03	3.050336E-16	6.791863E-18
5.505952E+03	3.042748E-16	6.755828E-18
5.515873E+03	3.034828E-16	6.719200E-18
5.525794E+03	3.026652E-16	6.682155E-18
5.535714E+03	3.018306E-16	6.644886E-18
5.545635E+03	3.009880E-16	6.607595E-18
5.555556E+03	3.001473E-16	6.570499E-18
5.565476E+03	2.993182E-16	6.533816E-18
5.575397E+03	2.985081E-16	6.497699E-18
5.585317E+03	2.977300E-16	6.462433E-18
5.595238E+03	2.969910E-16	6.428166E-18
5.605159E+03	2.963066E-16	6.395225E-18
5.615079E+03	2.956773E-16	6.363615E-18
5.625000E+03	2.951173E-16	6.333632E-18
5.634921E+03	2.946317E-16	6.305372E-18
5.644841E+03	2.942274E-16	6.278976E-18
5.654762E+03	2.939105E-16	6.254558E-18
5.664683E+03	2.936860E-16	6.232212E-18
5.674603E+03	2.935549E-16	6.211947E-18
5.684524E+03	2.935258E-16	6.193928E-18
5.694444E+03	2.935915E-16	6.177993E-18
5.704365E+03	2.937582E-16	6.164258E-18
5.714286E+03	2.940251E-16	6.152690E-18
5.724206E+03	2.943841E-16	6.143109E-18
5.734127E+03	2.948347E-16	6.135491E-18
5.744048E+03	2.953720E-16	6.129728E-18
5.753968E+03	2.959900E-16	6.125681E-18
5.763889E+03	2.966785E-16	6.123132E-18
5.773810E+03	2.974291E-16	6.121907E-18
5.783730E+03	2.982352E-16	6.121859E-18
5.793651E+03	2.990836E-16	6.122721E-18
5.803571E+03	2.999603E-16	6.124201E-18
5.813492E+03	3.008595E-16	6.126189E-18
5.823413E+03	3.017636E-16	6.128326E-18
5.833333E+03	3.026636E-16	6.130440E-18
5.843254E+03	3.035450E-16	6.132245E-18
5.853175E+03	3.043966E-16	6.133527E-18
5.863095E+03	3.052115E-16	6.134156E-18
5.873016E+03	3.059771E-16	6.133899E-18
5.882937E+03	3.066829E-16	6.132557E-18
5.892857E+03	3.073286E-16	6.130144E-18
5.902778E+03	3.079035E-16	6.126465E-18
5.912698E+03	3.084109E-16	6.121604E-18
5.922619E+03	3.088442E-16	6.115447E-18
5.932540E+03	3.092075E-16	6.108094E-18
5.942460E+03	3.095038E-16	6.099624E-18
5.952381E+03	3.097350E-16	6.090093E-18
5.962302E+03	3.099109E-16	6.079710E-18
5.972222E+03	3.100428E-16	6.068709E-18
5.982143E+03	3.101339E-16	6.057169E-18
5.992063E+03	3.101978E-16	6.045370E-18
6.001984E+03	3.102489E-16	6.033599E-18
6.011905E+03	3.102956E-16	6.022035E-18
6.021825E+03	3.103527E-16	6.010970E-18
6.031746E+03	3.104318E-16	6.000635E-18
6.041667E+03	3.105436E-16	5.991246E-18
6.051587E+03	3.107011E-16	5.983053E-18
6.061508E+03	3.109099E-16	5.976170E-18
6.071429E+03	3.111802E-16	5.970799E-18
6.081349E+03	3.115142E-16	5.966982E-18
6.091270E+03	3.119155E-16	5.964789E-18
6.101190E+03	3.123882E-16	5.964306E-18
6.111111E+03	3.129253E-16	5.965400E-18
6.121032E+03	3.135173E-16	5.967896E-18
6.130952E+03	3.141649E-16	5.971808E-18
6.140873E+03	3.148540E-16	5.976867E-18
6.150794E+03	3.155842E-16	5.983051E-18
6.160714E+03	3.163436E-16	5.990124E-18
6.170635E+03	3.171193E-16	5.997828E-18
6.180556E+03	3.178991E-16	6.005930E-18
6.190476E+03	3.186671E-16	6.014115E-18
6.200397E+03	3.194028E-16	6.021990E-18
6.210317E+03	3.200886E-16	6.029215E-18
6.220238E+03	3.207094E-16	6.035502E-18
6.230159E+03	3.212444E-16	6.040449E-18
6.240079E+03	3.216761E-16	6.043726E-18
6.250000E+03	3.219853E-16	6.044964E-18
6.259921E+03	3.221572E-16	6.043879E-18
6.269841E+03	3.221819E-16	6.040281E-18
6.279762E+03	3.220453E-16	6.033903E-18
6.289683E+03	3.217422E-16	6.024637E-18
6.299603E+03	3.212597E-16	6.012238E-18
6.309524E+03	3.206008E-16	5.996753E-18
6.319444E+03	3.197610E-16	5.978093E-18
6.329365E+03	3.187445E-16	5.956331E-18
6.339286E+03	3.175516E-16	5.931460E-18
6.349206E+03	3.161908E-16	5.903635E-18
6.359127E+03	3.146690E-16	5.872973E-18
6.369048E+03	3.129946E-16	5.839623E-18
6.378968E+03	3.111802E-16	5.803813E-18
6.388889E+03	3.092360E-16	5.765719E-18
6.398810E+03	3.071757E-16	5.725591E-18
6.408730E+03	3.050101E-16	5.683621E-18
6.418651E+03	3.027564E-16	5.640117E-18
6.428571E+03	3.004250E-16	5.595264E-18
6.438492E+03	2.980290E-16	5.549299E-18
6.448413E+03	2.955842E-16	5.502504E-18
6.458333E+03	2.930932E-16	5.454921E-18
6.468254E+03	2.905643E-16	5.406694E-18
6.478175E+03	2.880019E-16	5.357897E-18
6.488095E+03	2.854164E-16	5.308718E-18
6.498016E+03	2.828049E-16	5.259092E-18
6.507937E+03	2.801799E-16	5.209244E-18
6.517857E+03	2.775405E-16	5.159154E-18
6.527778E+03	2.748951E-16	5.108972E-18
6.537698E+03	2.722456E-16	5.058721E-18
6.547619E+03	2.695994E-16	5.008539E-18
6.557540E+03	2.669609E-16	4.958502E-18
6.567460E+03	2.643314E-16	4.908626E-18
6.577381E+03	2.617179E-16	4.859039E-18
6.587302E+03	2.591216E-16	4.809758E-18
6.597222E+03	2.565496E-16	4.760912E-18
6.607143E+03	2.540088E-16	4.712624E-18
6.617063E+03	2.514978E-16	4.664864E-18
6.626984E+03	2.490266E-16	4.617817E-18
6.636905E+03	2.465969E-16	4.571508E-18
6.646825E+03	2.442131E-16	4.526021E-18
6.656746E+03	2.418829E-16	4.481491E-18
6.666667E+03	2.396109E-16	4.438005E-18
6.676587E+03	2.373994E-16	4.395598E-18
6.686508E+03	2.352585E-16	4.354458E-18
6.696429E+03	2.331908E-16	4.314627E-18
6.706349E+03	2.311983E-16	4.276142E-18
6.716270E+03	2.292914E-16	4.239192E-18
6.726190E+03	2.274749E-16	4.203862E-18
6.736111E+03	2.257508E-16	4.170188E-18
6.746032E+03	2.241265E-16	4.138301E-18
6.755952E+03	2.226035E-16	4.108230E-18
6.765873E+03	2.211886E-16	4.080092E-18
6.775794E+03	2.198854E-16	4.053956E-18
6.785714E+03	2.186974E-16	4.029880E-18
6.795635E+03	2.176274E-16	4.007911E-18
6.805556E+03	2.166780E-16	3.988097E-18
6.815476E+03	2.158538E-16	3.970514E-18
6.825397E+03	2.151516E-16	3.955103E-18
6.835317E+03	2.145783E-16	3.941986E-18
6.845238E+03	2.141352E-16	3.931182E-18
6.855159E+03	2.138180E-16	3.922606E-18
6.865079E+03	2.136319E-16	3.916349E-18
6.875000E+03	2.135762E-16	3.912396E-18
6.884921E+03	2.136497E-16	3.910717E-18
6.894841E+03	2.138482E-16	3.911229E-18
6.904762E+03	2.141689E-16	3.913878E-18
6.914683E+03	2.146139E-16	3.918696E-18
6.924603E+03	2.151742E-16	3.925514E-18
6.934524E+03	2.158482E-16	3.934298E-18
6.944444E+03	2.166312E-16	3.944953E-18
6.954365E+03	2.175150E-16	3.957329E-18
6.964286E+03	2.184991E-16	3.971413E-18
6.974206E+03	2.195750E-16	3.987040E-18
6.984127E+03	2.207333E-16	4.004043E-18
6.994048E+03	2.219728E-16	4.022390E-18
7.003968E+03	2.232836E-16	4.041901E-18
7.013889E+03	2.246586E-16	4.062442E-18
7.023810E+03	2.260901E-16	4.083876E-18
7.033730E+03	2.275705E-16	4.106060E-18
7.043651E+03	2.290917E-16	4.128848E-18
7.053571E+03	2.306487E-16	4.152147E-18
7.063492E+03	2.322299E-16	4.175752E-18
7.073413E+03	2.338266E-16	4.199506E-18
7.083333E+03	2.354328E-16	4.223302E-18
7.093254E+03	2.370360E-16	4.246919E-18
7.103175E+03	2.386294E-16	4.270238E-18
7.113095E+03	2.402000E-16	4.293031E-18
7.123016E+03	2.417400E-16	4.315163E-18
7.132937E+03	2.432353E-16	4.336391E-18
7.142857E+03	2.446777E-16	4.356573E-18
7.152778E+03	2.460553E-16	4.375510E-18
7.162698E+03	2.473564E-16	4.392999E-18
7.172619E+03	2.485685E-16	4.408831E-18
7.182540E+03	2.496794E-16	4.422803E-18
7.192460E+03	2.506769E-16	4.434710E-18
7.202381E+03	2.515491E-16	4.444355E-18
7.212302E+03	2.522844E-16	4.451550E-18
7.222222E+03	2.528751E-16	4.456174E-18
7.232143E+03	2.533047E-16	4.457956E-18
7.242063E+03	2.535707E-16	4.456868E-18
7.251984E+03	2.536655E-16	4.452796E-18
7.261905E+03	2.535797E-16	4.445594E-18
7.271825E+03	2.533088E-16	4.435200E-18
7.281746E+03	2.528499E-16	4.421588E-18
7.291667E+03	2.522059E-16	4.404823E-18
7.301587E+03	2.513745E-16	4.384889E-18
7.311508E+03	2.503588E-16	4.361855E-18
7.321429E+03	2.491639E-16	4.335833E-18
7.331349E+03	2.477999E-16	4.307012E-18
7.341270E+03	2.462686E-16	4.275443E-18
7.351190E+03	2.445831E-16	4.241368E-18
7.361111E+03	2.427545E-16	4.204993E-18
7.371032E+03	2.407948E-16	4.166542E-18
7.380952E+03	2.387131E-16	4.126184E-18
7.390873E+03	2.365229E-16	4.084162E-18
7.400794E+03	2.342436E-16	4.040822E-18
7.410714E+03	2.318790E-16	3.996236E-18
7.420635E+03	2.294514E-16	3.950799E-18
7.430556E+03	2.269672E-16	3.904622E-18
7.440476E+03	2.244383E-16	3.857918E-18
7.450397E+03	2.218791E-16	3.810936E-18
7.460317E+03	2.192968E-16	3.763805E-18
7.470238E+03	2.167043E-16	3.716744E-18
7.480159E+03	2.141071E-16	3.669853E-18
7.490079E+03	2.115135E-16	3.623271E-18
7.500000E+03	2.089305E-16	3.577118E-18
7.509921E+03	2.063643E-16	3.531500E-18
7.519841E+03	2.038208E-16	3.486503E-18
7.529762E+03	2.013047E-16	3.442196E-18
7.539683E+03	1.988209E-16	3.398646E-18
7.549603E+03	1.963709E-16	3.355867E-18
7.559524E+03	1.939616E-16	3.313959E-18
7.569444E+03	1.915944E-16	3.272935E-18
7.579365E+03	1.892730E-16	3.232848E-18
7.589286E+03	1.870028E-16	3.193775E-18
7.599206E+03	1.847828E-16	3.155687E-18
7.609127E+03	1.826143E-16	3.118596E-18
7.619048E+03	1.805011E-16	3.082557E-18
7.628968E+03	1.784396E-16	3.047497E-18
7.638889E+03	1.764362E-16	3.013516E-18
7.648810E+03	1.744872E-16	2.980542E-18
7.658730E+03	1.725988E-16	2.948673E-18
7.668651E+03	1.707695E-16	2.917873E-18
7.678571E+03	1.690002E-16	2.888150E-18
7.688492E+03	1.672914E-16	2.859508E-18
7.698413E+03	1.656436E-16	2.831946E-18
7.708333E+03	1.640569E-16	2.805461E-18
7.718254E+03	1.625338E-16	2.780089E-18
7.728175E+03	1.610715E-16	2.755777E-18
7.738095E+03	1.596722E-16	2.732556E-18
7.748016E+03	1.583330E-16	2.710374E-18
7.757937E+03	1.570556E-16	2.689255E-18
7.767857E+03	1.558395E-16	2.669183E-18
7.777778E+03	1.546839E-16	2.650144E-18
7.787698E+03	1.535879E-16	2.632116E-18
7.797619E+03	1.525508E-16	2.615087E-18
7.807540E+03	1.515740E-16	2.599074E-18
7.817460E+03	1.506546E-16	2.584025E-18
7.827381E+03	1.497936E-16	2.569958E-18
7.837302E+03	1.489926E-16	2.556892E-18
7.847222E+03	1.482465E-16	2.544741E-18
7.857143E+03	1.475588E-16	2.533560E-18
7.867063E+03	1.469266E-16	2.523300E-18
7.876984E+03	1.463535E-16	2.514018E-18
7.886905E+03	1.458346E-16	2.505628E-18
7.896825E+03	1.453715E-16	2.498156E-18
7.906746E+03	1.449654E-16	2.491623E-18
7.916667E+03	1.446158E-16	2.486014E-18
7.926587E+03	1.443203E-16	2.481289E-18
7.936508E+03	1.440801E-16	2.477466E-18
7.946429E+03	1.438969E-16	2.474573E-18
7.956349E+03	1.437661E-16	2.472530E-18
7.966270E+03	1.436913E-16	2.471395E-18
7.976190E+03	1.436719E-16	2.471159E-18
7.986111E+03	1.437097E-16	2.471849E-18
7.996032E+03	1.438001E-16	2.473384E-18
8.005952E+03	1.439487E-16	2.475862E-18
8.015873E+03	1.441512E-16	2.479204E-18
8.025794E+03	1.444053E-16	2.483371E-18
8.035714E+03	1.447127E-16	2.488389E-18
8.045635E+03	1.450688E-16	2.494181E-18
8.055556E+03	1.454777E-16	2.500811E-18
8.065476E+03	1.459329E-16	2.508168E-18
8.075397E+03	1.464383E-16	2.516319E-18
8.085317E+03	1.469916E-16	2.525220E-18
8.095238E+03	1.475926E-16	2.534869E-18
8.105159E+03	1.482370E-16	2.545190E-18
8.115079E+03	1.489287E-16	2.556248E-18
8.125000E+03	1.496635E-16	2.567970E-18
8.134921E+03	1.504433E-16	2.580388E-18
8.144841E+03	1.512637E-16	2.593425E-18
8.154762E+03	1.521268E-16	2.607114E-18
8.164683E+03	1.530323E-16	2.621452E-18
8.174603E+03	1.539780E-16	2.636400E-18
8.184524E+03	1.549617E-16	2.651918E-18
8.194444E+03	1.559853E-16	2.668039E-18
8.204365E+03	1.570466E-16	2.684725E-18
8.214286E+03	1.581433E-16	2.701937E-18
8.224206E+03	1.592772E-16	2.719705E-18
8.234127E+03	1.604462E-16	2.737993E-18
8.244048E+03	1.616499E-16	2.756796E-18
8.253968E+03	1.628860E-16	2.776074E-18
8.263889E+03	1.641543E-16	2.795826E-18
8.273810E+03	1.654544E-16	2.816045E-18
8.283730E+03	1.667838E-16	2.836692E-18
8.293651E+03	1.681424E-16	2.857764E-18
8.303571E+03	1.695298E-16	2.879259E-18
8.313492E+03	1.709431E-16	2.901131E-18
8.323413E+03	1.723822E-16	2.923378E-18
8.333333E+03	1.738466E-16	2.945996E-18
8.343254E+03	1.753336E-16	2.968944E-18
8.353175E+03	1.768401E-16	2.992175E-18
8.363095E+03	1.783681E-16	3.015724E-18
8.373016E+03	1.799147E-16	3.039551E-18
8.382937E+03	1.814792E-16	3.063646E-18
8.392857E+03	1.830584E-16	3.087965E-18
8.402778E+03	1.846519E-16	3.112504E-18
8.412698E+03	1.862562E-16	3.137214E-18
8.422619E+03	1.878706E-16	3.162091E-18
8.432540E+03	1.894942E-16	3.187127E-18
8.442460E+03	1.911236E-16	3.212275E-18
8.452381E+03	1.927578E-16	3.237527E-18
8.462302E+03	1.943931E-16	3.262833E-18
8.472222E+03	1.960287E-16	3.288187E-18
8.482143E+03	1.976605E-16	3.313537E-18
8.492063E+03	1.992901E-16	3.338916E-18
8.501984E+03	2.009110E-16	3.364232E-18
8.511905E+03	2.025218E-16	3.389473E-18
8.521825E+03	2.041212E-16	3.414632E-18
8.531746E+03	2.057049E-16	3.439652E-18
8.541667E+03	2.072713E-16	3.464522E-18
8.551587E+03	2.088190E-16	3.489234E-18
8.561508E+03	2.103437E-16	3.513730E-18
8.571429E+03	2.118407E-16	3.537951E-18
8.581349E+03	2.133112E-16	3.561933E-18
8.591270E+03	2.147476E-16	3.585569E-18
8.601190E+03	2.161510E-16	3.608892E-18
8.611111E+03	2.175167E-16	3.631842E-18
8.621032E+03	2.188456E-16	3.654456E-18
8.630952E+03	2.201268E-16	3.676568E-18
8.640873E+03	2.213645E-16	3.698266E-18
8.650794E+03	2.225533E-16	3.719482E-18
8.660714E+03	2.236945E-16	3.740255E-18
8.670635E+03	2.247768E-16	3.760413E-18
8.680556E+03	2.258072E-16	3.780095E-18
8.690476E+03	2.267777E-16	3.799184E-18
8.700397E+03	2.276892E-16	3.817713E-18
8.710317E+03	2.285366E-16	3.835612E-18
8.720238E+03	2.293243E-16	3.852974E-18
8.730159E+03	2.300439E-16	3.869676E-18
8.740079E+03	2.307000E-16	3.885808E-18
8.750000E+03	2.312877E-16	3.901302E-18
8.759921E+03	2.318085E-16	3.916201E-18
8.769841E+03	2.322608E-16	3.930489E-18
8.779762E+03	2.326498E-16	3.944268E-18
8.789683E+03	2.329675E-16	3.957411E-18
8.799603E+03	2.332196E-16	3.970027E-18
8.809524E+03	2.334050E-16	3.982108E-18
8.819444E+03	2.335227E-16	3.993642E-18
8.829365E+03	2.335791E-16	4.004749E-18
8.839286E+03	2.335739E-16	4.015427E-18
8.849206E+03	2.335066E-16	4.025674E-18
8.859127E+03	2.333807E-16	4.035556E-18
8.869048E+03	2.332040E-16	4.045208E-18
8.878968E+03	2.329730E-16	4.054574E-18
8.888889E+03	2.326920E-16	4.063723E-18
8.898810E+03	2.323659E-16	4.072719E-18
8.908730E+03	2.320033E-16	4.081692E-18
8.918651E+03	2.316017E-16	4.090580E-18
8.928571E+03	2.311658E-16	4.099442E-18
8.968254E+03	2.291185E-16	4.134899E-18
9.007937E+03	2.265327E-16	4.168302E-18
9.047619E+03	2.233690E-16	4.197287E-18
9.087302E+03	2.196189E-16	4.219923E-18
9.126984E+03	2.153305E-16	4.235308E-18
9.166667E+03	2.105428E-16	4.242414E-18
9.206349E+03	2.053299E-16	4.241025E-18
9.246032E+03	1.997730E-16	4.231245E-18
9.285714E+03	1.939315E-16	4.212935E-18
9.325397E+03	1.878873E-16	4.186656E-18
9.365079E+03	1.816944E-16	4.152582E-18
9.404762E+03	1.754215E-16	4.111442E-18
9.444444E+03	1.691181E-16	4.063746E-18
9.484127E+03	1.628333E-16	4.010183E-18
9.523810E+03	1.566034E-16	3.951307E-18
9.563492E+03	1.504673E-16	3.887904E-18
9.603175E+03	1.444490E-16	3.820508E-18
9.642857E+03	1.385799E-16	3.749975E-18
9.682540E+03	1.328689E-16	3.676658E-18
9.722222E+03	1.273388E-16	3.601361E-18
9.761905E+03	1.220016E-16	3.524671E-18
9.801587E+03	1.168586E-16	3.446911E-18
9.841270E+03	1.119258E-16	3.368876E-18
9.880952E+03	1.071898E-16	3.290517E-18
9.920635E+03	1.026651E-16	3.212640E-18
9.960317E+03	9.834401E-17	3.135385E-18
1.000000E+04	9.422190E-17	3.058985E-18
1.003968E+04	9.029776E-17	2.983786E-18
1.007937E+04	8.656806E-17	2.910053E-18
1.011905E+04	8.302706E-17	2.837965E-18
1.015873E+04	7.966088E-17	2.767409E-18
1.019841E+04	7.647263E-17	2.698836E-18
1.023810E+04	7.344534E-17	2.631986E-18
