#wls	flux	fluxerr
1.587302E+03	8.760766E-18	3.061842E-18
1.626984E+03	9.073583E-18	3.156488E-18
1.666667E+03	9.394147E-18	3.252454E-18
1.706349E+03	9.725663E-18	3.350765E-18
1.746032E+03	1.006448E-17	3.450068E-18
1.785714E+03	1.040985E-17	3.550025E-18
1.825397E+03	1.075974E-17	3.649862E-18
1.865079E+03	1.110525E-17	3.746502E-18
1.904762E+03	1.144174E-17	3.838368E-18
1.944444E+03	1.176308E-17	3.923410E-18
1.984127E+03	1.206900E-17	4.001584E-18
2.023810E+03	1.236374E-17	4.074328E-18
2.063492E+03	1.267836E-17	4.151834E-18
2.103175E+03	1.305896E-17	4.248929E-18
2.142857E+03	1.356240E-17	4.383514E-18
2.182540E+03	1.422909E-17	4.567687E-18
2.222222E+03	1.506746E-17	4.802957E-18
2.261905E+03	1.605419E-17	5.080661E-18
2.301587E+03	1.715005E-17	5.387303E-18
2.341270E+03	1.833480E-17	5.715635E-18
2.380952E+03	1.958604E-17	6.057911E-18
2.420635E+03	2.089689E-17	6.411331E-18
2.460317E+03	2.227088E-17	6.776321E-18
2.500000E+03	2.371263E-17	7.153569E-18
2.539683E+03	2.522486E-17	7.543124E-18
2.579365E+03	2.682276E-17	7.948690E-18
2.619048E+03	2.850612E-17	8.369241E-18
2.658730E+03	3.028673E-17	8.807228E-18
2.698413E+03	3.217236E-17	9.263764E-18
2.738095E+03	3.417055E-17	9.739789E-18
2.777778E+03	3.628863E-17	1.023605E-17
2.817460E+03	3.852798E-17	1.075151E-17
2.857143E+03	4.091243E-17	1.129126E-17
2.896825E+03	4.343124E-17	1.185063E-17
2.936508E+03	4.609601E-17	1.243106E-17
2.976190E+03	4.891909E-17	1.303400E-17
2.986111E+03	4.964344E-17	1.318638E-17
2.996032E+03	5.038378E-17	1.334163E-17
3.005952E+03	5.113315E-17	1.349787E-17
3.015873E+03	5.189170E-17	1.365511E-17
3.025794E+03	5.265987E-17	1.381343E-17
3.035714E+03	5.344587E-17	1.397495E-17
3.045635E+03	5.423448E-17	1.413564E-17
3.055556E+03	5.504217E-17	1.429978E-17
3.065476E+03	5.586121E-17	1.446529E-17
3.075397E+03	5.669134E-17	1.463209E-17
3.085317E+03	5.753233E-17	1.480007E-17
3.095238E+03	5.838398E-17	1.496914E-17
3.105159E+03	5.925425E-17	1.514130E-17
3.115079E+03	6.012667E-17	1.531231E-17
3.125000E+03	6.101753E-17	1.548627E-17
3.134921E+03	6.191845E-17	1.566102E-17
3.144841E+03	6.282926E-17	1.583647E-17
3.154762E+03	6.374979E-17	1.601255E-17
3.164683E+03	6.467987E-17	1.618918E-17
3.174603E+03	6.561934E-17	1.636628E-17
3.184524E+03	6.657704E-17	1.654602E-17
3.194444E+03	6.753496E-17	1.672388E-17
3.204365E+03	6.851099E-17	1.690426E-17
3.214286E+03	6.949601E-17	1.708487E-17
3.224206E+03	7.048986E-17	1.726562E-17
3.234127E+03	7.149239E-17	1.744646E-17
3.244048E+03	7.251322E-17	1.762968E-17
3.253968E+03	7.353282E-17	1.781049E-17
3.263889E+03	7.457069E-17	1.799359E-17
3.273810E+03	7.561685E-17	1.817653E-17
3.283730E+03	7.667118E-17	1.835924E-17
3.293651E+03	7.773362E-17	1.854167E-17
3.303571E+03	7.880405E-17	1.872377E-17
3.313492E+03	7.988217E-17	1.890542E-17
3.323413E+03	8.097855E-17	1.908910E-17
3.333333E+03	8.207191E-17	1.926974E-17
3.343254E+03	8.318345E-17	1.945229E-17
3.353175E+03	8.430235E-17	1.963418E-17
3.363095E+03	8.542852E-17	1.981535E-17
3.373016E+03	8.656186E-17	1.999576E-17
3.382937E+03	8.770206E-17	2.017529E-17
3.392857E+03	8.884904E-17	2.035390E-17
3.402778E+03	9.001409E-17	2.053413E-17
3.412698E+03	9.118584E-17	2.071335E-17
3.422619E+03	9.235237E-17	2.088882E-17
3.432540E+03	9.353683E-17	2.106576E-17
3.442460E+03	9.472740E-17	2.124147E-17
3.452381E+03	9.592390E-17	2.141586E-17
3.462302E+03	9.713827E-17	2.159158E-17
3.472222E+03	9.834627E-17	2.176319E-17
3.482143E+03	9.957196E-17	2.193599E-17
3.492063E+03	1.007905E-16	2.210450E-17
3.501984E+03	1.020268E-16	2.227413E-17
3.511905E+03	1.032679E-16	2.244205E-17
3.521825E+03	1.045138E-16	2.260820E-17
3.531746E+03	1.057643E-16	2.277252E-17
3.541667E+03	1.070192E-16	2.293494E-17
3.551587E+03	1.082914E-16	2.309819E-17
3.561508E+03	1.095543E-16	2.325659E-17
3.571429E+03	1.108344E-16	2.341571E-17
3.581349E+03	1.121046E-16	2.356984E-17
3.591270E+03	1.133916E-16	2.372456E-17
3.601190E+03	1.146817E-16	2.387698E-17
3.611111E+03	1.159749E-16	2.402704E-17
3.621032E+03	1.172708E-16	2.417467E-17
3.630952E+03	1.185691E-16	2.431980E-17
3.640873E+03	1.198837E-16	2.446525E-17
3.650794E+03	1.211863E-16	2.460519E-17
3.660714E+03	1.225050E-16	2.474536E-17
3.670635E+03	1.238108E-16	2.487985E-17
3.680556E+03	1.251325E-16	2.501446E-17
3.690476E+03	1.264554E-16	2.514623E-17
3.700397E+03	1.277792E-16	2.527505E-17
3.710317E+03	1.291036E-16	2.540090E-17
3.720238E+03	1.304285E-16	2.552371E-17
3.730159E+03	1.317534E-16	2.564342E-17
3.740079E+03	1.330783E-16	2.575999E-17
3.750000E+03	1.344183E-16	2.587633E-17
3.759921E+03	1.357424E-16	2.598646E-17
3.769841E+03	1.370656E-16	2.609330E-17
3.779762E+03	1.384035E-16	2.619977E-17
3.789683E+03	1.397243E-16	2.629987E-17
3.799603E+03	1.410596E-16	2.639953E-17
3.809524E+03	1.423933E-16	2.649574E-17
3.819444E+03	1.437252E-16	2.658844E-17
3.829365E+03	1.450550E-16	2.667760E-17
3.839286E+03	1.463825E-16	2.676319E-17
3.849206E+03	1.477076E-16	2.684518E-17
3.859127E+03	1.490299E-16	2.692353E-17
3.869048E+03	1.503494E-16	2.699824E-17
3.878968E+03	1.516658E-16	2.706926E-17
3.888889E+03	1.529790E-16	2.713660E-17
3.898810E+03	1.542887E-16	2.720023E-17
3.908730E+03	1.555950E-16	2.726015E-17
3.918651E+03	1.569146E-16	2.731931E-17
3.928571E+03	1.582135E-16	2.737178E-17
3.938492E+03	1.595085E-16	2.742054E-17
3.948413E+03	1.608170E-16	2.746855E-17
3.958333E+03	1.621043E-16	2.750991E-17
3.968254E+03	1.634051E-16	2.755055E-17
3.978175E+03	1.646847E-16	2.758460E-17
3.988095E+03	1.659782E-16	2.761801E-17
3.998016E+03	1.672504E-16	2.764490E-17
4.007937E+03	1.685371E-16	2.767124E-17
4.017857E+03	1.698027E-16	2.769120E-17
4.027778E+03	1.710833E-16	2.771069E-17
4.037698E+03	1.723432E-16	2.772395E-17
4.047619E+03	1.736189E-16	2.773690E-17
4.057540E+03	1.748745E-16	2.774379E-17
4.067460E+03	1.761469E-16	2.775051E-17
4.077381E+03	1.773997E-16	2.775136E-17
4.087302E+03	1.786703E-16	2.775222E-17
4.097222E+03	1.799221E-16	2.774740E-17
4.107143E+03	1.811928E-16	2.774276E-17
4.117063E+03	1.824454E-16	2.773263E-17
4.126984E+03	1.837180E-16	2.772287E-17
4.136905E+03	1.849735E-16	2.770784E-17
4.146825E+03	1.862500E-16	2.769333E-17
4.156746E+03	1.875102E-16	2.767377E-17
4.166667E+03	1.887734E-16	2.765207E-17
4.176587E+03	1.900403E-16	2.762836E-17
4.186508E+03	1.913306E-16	2.760550E-17
4.196429E+03	1.926062E-16	2.757799E-17
4.206349E+03	1.938870E-16	2.754874E-17
4.216270E+03	1.951733E-16	2.751782E-17
4.226190E+03	1.964657E-16	2.748534E-17
4.236111E+03	1.977646E-16	2.745136E-17
4.246032E+03	1.990706E-16	2.741598E-17
4.255952E+03	2.003841E-16	2.737928E-17
4.265873E+03	2.016855E-16	2.733865E-17
4.275794E+03	2.030150E-16	2.729956E-17
4.285714E+03	2.043531E-16	2.725934E-17
4.295635E+03	2.056798E-16	2.721543E-17
4.305556E+03	2.070357E-16	2.717320E-17
4.315476E+03	2.083803E-16	2.712736E-17
4.325397E+03	2.097340E-16	2.708064E-17
4.335317E+03	2.110967E-16	2.703305E-17
4.345238E+03	2.124682E-16	2.698460E-17
4.355159E+03	2.138483E-16	2.693532E-17
4.365079E+03	2.152367E-16	2.688520E-17
4.375000E+03	2.166330E-16	2.683422E-17
4.384921E+03	2.180366E-16	2.678239E-17
4.394841E+03	2.194259E-16	2.672710E-17
4.404762E+03	2.208419E-16	2.667345E-17
4.414683E+03	2.222418E-16	2.661630E-17
4.424603E+03	2.236454E-16	2.655815E-17
4.434524E+03	2.250516E-16	2.649893E-17
4.444444E+03	2.264590E-16	2.643858E-17
4.454365E+03	2.278665E-16	2.637703E-17
4.464286E+03	2.292723E-16	2.631421E-17
4.474206E+03	2.306749E-16	2.625003E-17
4.484127E+03	2.320509E-16	2.618197E-17
4.494048E+03	2.334201E-16	2.611243E-17
4.503968E+03	2.348023E-16	2.604373E-17
4.513889E+03	2.361523E-16	2.597098E-17
4.523810E+03	2.374680E-16	2.589414E-17
4.533730E+03	2.387913E-16	2.581799E-17
4.543651E+03	2.400988E-16	2.574009E-17
4.553571E+03	2.413665E-16	2.565807E-17
4.563492E+03	2.426374E-16	2.557668E-17
4.573413E+03	2.438656E-16	2.549127E-17
4.583333E+03	2.450722E-16	2.540425E-17
4.593254E+03	2.462564E-16	2.531573E-17
4.603175E+03	2.473949E-16	2.522354E-17
4.613095E+03	2.485322E-16	2.513241E-17
4.623016E+03	2.496231E-16	2.503798E-17
4.632937E+03	2.506901E-16	2.494270E-17
4.642857E+03	2.517334E-16	2.484684E-17
4.652778E+03	2.527535E-16	2.475061E-17
4.662698E+03	2.537509E-16	2.465426E-17
4.672619E+03	2.547035E-16	2.455588E-17
4.682540E+03	2.556350E-16	2.445797E-17
4.692460E+03	2.565692E-16	2.436297E-17
4.702381E+03	2.574610E-16	2.426679E-17
4.712302E+03	2.583114E-16	2.416974E-17
4.722222E+03	2.591672E-16	2.407642E-17
4.732143E+03	2.599831E-16	2.398276E-17
4.742063E+03	2.607826E-16	2.389116E-17
4.751984E+03	2.615665E-16	2.380184E-17
4.761905E+03	2.623349E-16	2.371499E-17
4.771825E+03	2.630880E-16	2.363081E-17
4.781746E+03	2.638027E-16	2.354738E-17
4.791667E+03	2.645253E-16	2.346902E-17
4.801587E+03	2.652088E-16	2.339169E-17
4.811508E+03	2.658530E-16	2.331556E-17
4.821429E+03	2.665037E-16	2.324483E-17
4.831349E+03	2.671372E-16	2.317752E-17
4.841270E+03	2.677295E-16	2.311171E-17
4.851190E+03	2.683029E-16	2.304946E-17
4.861111E+03	2.688568E-16	2.299065E-17
4.871032E+03	2.693670E-16	2.293317E-17
4.880952E+03	2.698792E-16	2.288083E-17
4.890873E+03	2.703459E-16	2.282950E-17
4.900794E+03	2.707897E-16	2.278100E-17
4.910714E+03	2.712099E-16	2.273517E-17
4.920635E+03	2.715824E-16	2.268990E-17
4.930556E+03	2.719534E-16	2.264892E-17
4.940476E+03	2.722756E-16	2.260818E-17
4.950397E+03	2.725720E-16	2.256947E-17
4.960317E+03	2.728424E-16	2.253263E-17
4.970238E+03	2.730632E-16	2.249560E-17
4.980159E+03	2.732810E-16	2.246208E-17
4.990079E+03	2.734494E-16	2.242809E-17
5.000000E+03	2.735919E-16	2.239544E-17
5.009921E+03	2.737087E-16	2.236399E-17
5.019841E+03	2.737770E-16	2.233173E-17
5.029762E+03	2.738439E-16	2.230235E-17
5.039683E+03	2.738634E-16	2.227195E-17
5.049603E+03	2.738594E-16	2.224233E-17
5.059524E+03	2.738092E-16	2.221149E-17
5.069444E+03	2.737599E-16	2.218309E-17
5.079365E+03	2.736656E-16	2.215326E-17
5.089286E+03	2.735498E-16	2.212377E-17
5.099206E+03	2.734129E-16	2.209447E-17
5.109127E+03	2.732550E-16	2.206524E-17
5.119048E+03	2.730529E-16	2.203406E-17
5.128968E+03	2.728295E-16	2.200262E-17
5.138889E+03	2.725843E-16	2.197075E-17
5.148810E+03	2.723165E-16	2.193824E-17
5.158730E+03	2.720254E-16	2.190490E-17
5.168651E+03	2.716868E-16	2.186864E-17
5.178571E+03	2.713451E-16	2.183292E-17
5.188492E+03	2.709532E-16	2.179381E-17
5.198413E+03	2.705099E-16	2.175109E-17
5.208333E+03	2.700581E-16	2.170810E-17
5.218254E+03	2.695511E-16	2.166097E-17
5.228175E+03	2.690095E-16	2.161124E-17
5.238095E+03	2.684310E-16	2.155862E-17
5.248016E+03	2.678138E-16	2.150286E-17
5.257937E+03	2.671556E-16	2.144369E-17
5.267857E+03	2.664325E-16	2.137908E-17
5.277778E+03	2.656649E-16	2.131059E-17
5.287698E+03	2.648510E-16	2.123799E-17
5.297619E+03	2.639891E-16	2.116107E-17
5.307540E+03	2.630778E-16	2.107964E-17
5.317460E+03	2.620944E-16	2.099180E-17
5.327381E+03	2.610595E-16	2.089916E-17
5.337302E+03	2.599724E-16	2.080159E-17
5.347222E+03	2.588326E-16	2.069900E-17
5.357143E+03	2.576398E-16	2.059132E-17
5.367063E+03	2.563730E-16	2.047682E-17
5.376984E+03	2.550748E-16	2.035889E-17
5.386905E+03	2.537036E-16	2.023414E-17
5.396825E+03	2.522607E-16	2.010268E-17
5.406746E+03	2.507887E-16	1.996787E-17
5.416667E+03	2.492683E-16	1.982816E-17
5.426587E+03	2.476806E-16	1.968204E-17
5.436508E+03	2.460485E-16	1.953131E-17
5.446429E+03	2.443739E-16	1.937613E-17
5.456349E+03	2.426594E-16	1.921671E-17
5.466270E+03	2.408880E-16	1.905170E-17
5.476190E+03	2.391022E-16	1.888448E-17
5.486111E+03	2.372662E-16	1.871222E-17
5.496032E+03	2.354030E-16	1.853677E-17
5.505952E+03	2.335167E-16	1.835846E-17
5.515873E+03	2.316111E-16	1.817760E-17
5.525794E+03	2.296720E-16	1.799313E-17
5.535714E+03	2.277414E-16	1.780834E-17
5.545635E+03	2.257871E-16	1.762074E-17
5.555556E+03	2.238326E-16	1.743220E-17
5.565476E+03	2.218833E-16	1.724315E-17
5.575397E+03	2.199263E-16	1.705264E-17
5.585317E+03	2.180033E-16	1.686391E-17
5.595238E+03	2.160839E-16	1.667463E-17
5.605159E+03	2.142090E-16	1.648798E-17
5.615079E+03	2.123486E-16	1.630166E-17
5.625000E+03	2.105258E-16	1.611747E-17
5.634921E+03	2.087285E-16	1.593450E-17
5.644841E+03	2.069955E-16	1.575571E-17
5.654762E+03	2.052974E-16	1.557887E-17
5.664683E+03	2.036718E-16	1.540685E-17
5.674603E+03	2.020892E-16	1.523739E-17
5.684524E+03	2.005694E-16	1.507200E-17
5.694444E+03	1.991152E-16	1.491087E-17
5.704365E+03	1.977130E-16	1.475296E-17
5.714286E+03	1.963965E-16	1.460080E-17
5.724206E+03	1.951353E-16	1.445207E-17
5.734127E+03	1.939617E-16	1.430916E-17
5.744048E+03	1.928446E-16	1.416974E-17
5.753968E+03	1.917994E-16	1.403492E-17
5.763889E+03	1.908256E-16	1.390464E-17
5.773810E+03	1.899070E-16	1.377767E-17
5.783730E+03	1.890727E-16	1.365612E-17
5.793651E+03	1.883061E-16	1.353873E-17
5.803571E+03	1.875897E-16	1.342421E-17
5.813492E+03	1.869369E-16	1.331352E-17
5.823413E+03	1.863457E-16	1.320645E-17
5.833333E+03	1.858140E-16	1.310284E-17
5.843254E+03	1.853395E-16	1.300249E-17
5.853175E+03	1.849203E-16	1.290523E-17
5.863095E+03	1.845395E-16	1.280987E-17
5.873016E+03	1.842257E-16	1.271835E-17
5.882937E+03	1.839475E-16	1.262850E-17
5.892857E+03	1.837188E-16	1.254124E-17
5.902778E+03	1.835391E-16	1.245650E-17
5.912698E+03	1.834079E-16	1.237423E-17
5.922619E+03	1.833253E-16	1.229442E-17
5.932540E+03	1.832917E-16	1.221706E-17
5.942460E+03	1.833078E-16	1.214215E-17
5.952381E+03	1.833595E-16	1.206877E-17
5.962302E+03	1.834779E-16	1.199892E-17
5.972222E+03	1.836344E-16	1.193069E-17
5.982143E+03	1.838601E-16	1.186608E-17
5.992063E+03	1.841264E-16	1.180320E-17
6.001984E+03	1.844492E-16	1.174304E-17
6.011905E+03	1.848294E-16	1.168564E-17
6.021825E+03	1.852673E-16	1.163096E-17
6.031746E+03	1.857480E-16	1.157803E-17
6.041667E+03	1.863006E-16	1.152865E-17
6.051587E+03	1.869087E-16	1.148175E-17
6.061508E+03	1.875546E-16	1.143622E-17
6.071429E+03	1.882656E-16	1.139369E-17
6.081349E+03	1.890064E-16	1.135203E-17
6.091270E+03	1.897871E-16	1.131178E-17
6.101190E+03	1.906008E-16	1.127248E-17
6.111111E+03	1.914402E-16	1.123359E-17
6.121032E+03	1.922962E-16	1.119453E-17
6.130952E+03	1.931591E-16	1.115467E-17
6.140873E+03	1.940176E-16	1.111333E-17
6.150794E+03	1.948596E-16	1.106978E-17
6.160714E+03	1.956551E-16	1.102235E-17
6.170635E+03	1.964215E-16	1.097202E-17
6.180556E+03	1.971106E-16	1.091616E-17
6.190476E+03	1.977381E-16	1.085571E-17
6.200397E+03	1.982543E-16	1.078804E-17
6.210317E+03	1.986578E-16	1.071323E-17
6.220238E+03	1.989476E-16	1.063138E-17
6.230159E+03	1.990744E-16	1.054005E-17
6.240079E+03	1.990388E-16	1.043951E-17
6.250000E+03	1.988262E-16	1.032925E-17
6.259921E+03	1.984243E-16	1.020893E-17
6.269841E+03	1.978231E-16	1.007833E-17
6.279762E+03	1.970147E-16	9.937400E-18
6.289683E+03	1.959785E-16	9.785460E-18
6.299603E+03	1.947452E-16	9.624417E-18
6.309524E+03	1.933001E-16	9.453908E-18
6.319444E+03	1.916319E-16	9.273774E-18
6.329365E+03	1.897799E-16	9.086309E-18
6.339286E+03	1.877232E-16	8.890876E-18
6.349206E+03	1.855054E-16	8.689915E-18
6.359127E+03	1.831106E-16	8.483024E-18
6.369048E+03	1.805705E-16	8.272024E-18
6.378968E+03	1.779027E-16	8.058026E-18
6.388889E+03	1.751395E-16	7.842779E-18
6.398810E+03	1.722703E-16	7.626052E-18
6.408730E+03	1.693276E-16	7.409541E-18
6.418651E+03	1.663292E-16	7.194227E-18
6.428571E+03	1.632916E-16	6.981005E-18
6.438492E+03	1.602304E-16	6.770701E-18
6.448413E+03	1.571600E-16	6.564054E-18
6.458333E+03	1.540807E-16	6.361195E-18
6.468254E+03	1.510300E-16	6.163764E-18
6.478175E+03	1.480052E-16	5.971710E-18
6.488095E+03	1.450155E-16	5.785461E-18
6.498016E+03	1.420568E-16	5.604901E-18
6.507937E+03	1.391598E-16	5.431272E-18
6.517857E+03	1.363181E-16	5.264327E-18
6.527778E+03	1.335256E-16	5.103842E-18
6.537698E+03	1.308087E-16	4.950826E-18
6.547619E+03	1.281488E-16	4.804559E-18
6.557540E+03	1.255597E-16	4.665546E-18
6.567460E+03	1.230539E-16	4.534220E-18
6.577381E+03	1.206126E-16	4.409851E-18
6.587302E+03	1.182477E-16	4.292835E-18
6.597222E+03	1.159701E-16	4.183517E-18
6.607143E+03	1.137610E-16	4.081166E-18
6.617063E+03	1.116311E-16	3.986104E-18
6.626984E+03	1.095807E-16	3.898275E-18
6.636905E+03	1.076102E-16	3.817616E-18
6.646825E+03	1.057195E-16	3.744043E-18
6.656746E+03	1.039084E-16	3.677459E-18
6.666667E+03	1.021763E-16	3.617742E-18
6.676587E+03	1.005221E-16	3.564642E-18
6.686508E+03	9.894434E-17	3.517808E-18
6.696429E+03	9.744140E-17	3.476894E-18
6.706349E+03	9.601179E-17	3.441569E-18
6.716270E+03	9.465387E-17	3.411507E-18
6.726190E+03	9.336611E-17	3.386403E-18
6.736111E+03	9.214679E-17	3.365961E-18
6.746032E+03	9.098672E-17	3.349622E-18
6.755952E+03	8.989957E-17	3.337683E-18
6.765873E+03	8.887591E-17	3.329614E-18
6.775794E+03	8.790691E-17	3.324908E-18
6.785714E+03	8.700587E-17	3.323913E-18
6.795635E+03	8.615711E-17	3.325891E-18
6.805556E+03	8.537455E-17	3.331254E-18
6.815476E+03	8.464418E-17	3.339351E-18
6.825397E+03	8.398198E-17	3.350717E-18
6.835317E+03	8.337657E-17	3.364830E-18
6.845238E+03	8.284571E-17	3.382347E-18
6.855159E+03	8.237946E-17	3.402830E-18
6.865079E+03	8.198899E-17	3.426716E-18
6.875000E+03	8.168513E-17	3.454463E-18
6.884921E+03	8.145775E-17	3.485664E-18
6.894841E+03	8.131721E-17	3.520788E-18
6.904762E+03	8.126659E-17	3.560015E-18
6.914683E+03	8.131554E-17	3.603831E-18
6.924603E+03	8.145289E-17	3.651819E-18
6.934524E+03	8.168776E-17	3.704459E-18
6.944444E+03	8.202214E-17	3.761932E-18
6.954365E+03	8.245794E-17	3.824423E-18
6.964286E+03	8.299676E-17	3.892111E-18
6.974206E+03	8.363993E-17	3.965168E-18
6.984127E+03	8.438887E-17	4.043774E-18
6.994048E+03	8.524460E-17	4.128096E-18
7.003968E+03	8.620070E-17	4.217940E-18
7.013889E+03	8.727237E-17	4.314167E-18
7.023810E+03	8.845288E-17	4.416576E-18
7.033730E+03	8.974246E-17	4.525303E-18
7.043651E+03	9.113325E-17	4.640073E-18
7.053571E+03	9.264006E-17	4.761758E-18
7.063492E+03	9.425438E-17	4.890053E-18
7.073413E+03	9.596664E-17	5.024577E-18
7.083333E+03	9.779118E-17	5.166196E-18
7.093254E+03	9.970882E-17	5.314015E-18
7.103175E+03	1.017331E-16	5.468865E-18
7.113095E+03	1.038428E-16	5.629712E-18
7.123016E+03	1.060413E-16	5.796836E-18
7.132937E+03	1.083320E-16	5.970526E-18
7.142857E+03	1.106897E-16	6.149476E-18
7.152778E+03	1.131153E-16	6.333813E-18
7.162698E+03	1.155995E-16	6.523088E-18
7.172619E+03	1.181320E-16	6.716787E-18
7.182540E+03	1.207012E-16	6.914294E-18
7.192460E+03	1.232942E-16	7.114920E-18
7.202381E+03	1.258973E-16	7.317892E-18
7.212302E+03	1.284953E-16	7.522360E-18
7.222222E+03	1.310726E-16	7.727396E-18
7.232143E+03	1.336127E-16	7.932026E-18
7.242063E+03	1.360985E-16	8.135211E-18
7.251984E+03	1.385009E-16	8.335166E-18
7.261905E+03	1.408266E-16	8.532240E-18
7.271825E+03	1.430473E-16	8.724651E-18
7.281746E+03	1.451344E-16	8.910583E-18
7.291667E+03	1.470982E-16	9.090561E-18
7.301587E+03	1.489002E-16	9.262112E-18
7.311508E+03	1.505413E-16	9.425168E-18
7.321429E+03	1.520252E-16	9.579837E-18
7.331349E+03	1.533184E-16	9.723887E-18
7.341270E+03	1.544288E-16	9.857670E-18
7.351190E+03	1.553538E-16	9.980887E-18
7.361111E+03	1.560931E-16	1.009337E-17
7.371032E+03	1.566487E-16	1.019511E-17
7.380952E+03	1.570248E-16	1.028624E-17
7.390873E+03	1.572274E-16	1.036702E-17
7.400794E+03	1.572643E-16	1.043784E-17
7.410714E+03	1.571449E-16	1.049918E-17
7.420635E+03	1.568657E-16	1.055070E-17
7.430556E+03	1.564653E-16	1.059488E-17
7.440476E+03	1.559281E-16	1.063057E-17
7.450397E+03	1.552936E-16	1.066035E-17
7.460317E+03	1.545463E-16	1.068311E-17
7.470238E+03	1.537252E-16	1.070145E-17
7.480159E+03	1.528149E-16	1.071425E-17
7.490079E+03	1.518394E-16	1.072314E-17
7.500000E+03	1.508093E-16	1.072881E-17
7.509921E+03	1.497339E-16	1.073190E-17
7.519841E+03	1.486220E-16	1.073301E-17
7.529762E+03	1.474816E-16	1.073272E-17
7.539683E+03	1.463202E-16	1.073155E-17
7.549603E+03	1.451441E-16	1.072996E-17
7.559524E+03	1.439464E-16	1.072742E-17
7.569444E+03	1.427580E-16	1.072620E-17
7.579365E+03	1.415578E-16	1.072459E-17
7.589286E+03	1.403752E-16	1.072475E-17
7.599206E+03	1.391884E-16	1.072493E-17
7.609127E+03	1.380128E-16	1.072624E-17
7.619048E+03	1.368632E-16	1.072976E-17
7.628968E+03	1.357170E-16	1.073368E-17
7.638889E+03	1.345878E-16	1.073901E-17
7.648810E+03	1.334769E-16	1.074580E-17
7.658730E+03	1.323848E-16	1.075405E-17
7.668651E+03	1.313004E-16	1.076281E-17
7.678571E+03	1.302472E-16	1.077397E-17
7.688492E+03	1.292135E-16	1.078654E-17
7.698413E+03	1.281876E-16	1.079952E-17
7.708333E+03	1.271921E-16	1.081476E-17
7.718254E+03	1.262037E-16	1.083028E-17
7.728175E+03	1.252334E-16	1.084697E-17
7.738095E+03	1.242806E-16	1.086477E-17
7.748016E+03	1.233447E-16	1.088360E-17
7.757937E+03	1.224253E-16	1.090340E-17
7.767857E+03	1.215215E-16	1.092409E-17
7.777778E+03	1.206332E-16	1.094562E-17
7.787698E+03	1.197596E-16	1.096791E-17
7.797619E+03	1.189003E-16	1.099092E-17
7.807540E+03	1.180443E-16	1.101360E-17
7.817460E+03	1.172125E-16	1.103787E-17
7.827381E+03	1.163834E-16	1.106171E-17
7.837302E+03	1.155672E-16	1.108607E-17
7.847222E+03	1.147742E-16	1.111193E-17
7.857143E+03	1.139831E-16	1.113723E-17
7.867063E+03	1.132043E-16	1.116295E-17
7.876984E+03	1.124375E-16	1.118907E-17
7.886905E+03	1.116724E-16	1.121453E-17
7.896825E+03	1.109293E-16	1.124138E-17
7.906746E+03	1.101977E-16	1.126857E-17
7.916667E+03	1.094675E-16	1.129503E-17
7.926587E+03	1.087587E-16	1.132285E-17
7.936508E+03	1.080512E-16	1.134992E-17
7.946429E+03	1.073549E-16	1.137728E-17
7.956349E+03	1.066797E-16	1.140597E-17
7.966270E+03	1.060055E-16	1.143389E-17
7.976190E+03	1.053423E-16	1.146207E-17
7.986111E+03	1.046900E-16	1.149053E-17
7.996032E+03	1.040485E-16	1.151925E-17
8.005952E+03	1.034081E-16	1.154717E-17
8.015873E+03	1.027881E-16	1.157643E-17
8.025794E+03	1.021691E-16	1.160486E-17
8.035714E+03	1.015702E-16	1.163466E-17
8.045635E+03	1.009722E-16	1.166363E-17
8.055556E+03	1.003941E-16	1.169396E-17
8.065476E+03	9.981685E-17	1.172347E-17
8.075397E+03	9.924987E-17	1.175325E-17
8.085317E+03	9.869304E-17	1.178331E-17
8.095238E+03	9.814626E-17	1.181364E-17
8.105159E+03	9.760944E-17	1.184425E-17
8.115079E+03	9.707330E-17	1.187402E-17
8.125000E+03	9.655612E-17	1.190519E-17
8.134921E+03	9.604858E-17	1.193665E-17
8.144841E+03	9.554148E-17	1.196726E-17
8.154762E+03	9.504387E-17	1.199815E-17
8.164683E+03	9.456462E-17	1.203047E-17
8.174603E+03	9.408554E-17	1.206193E-17
8.184524E+03	9.361558E-17	1.209368E-17
8.194444E+03	9.315460E-17	1.212571E-17
8.204365E+03	9.270247E-17	1.215802E-17
8.214286E+03	9.225904E-17	1.219061E-17
8.224206E+03	9.182420E-17	1.222350E-17
8.234127E+03	9.139779E-17	1.225666E-17
8.244048E+03	9.097091E-17	1.228891E-17
8.253968E+03	9.056100E-17	1.232263E-17
8.263889E+03	9.015036E-17	1.235542E-17
8.273810E+03	8.975635E-17	1.238968E-17
8.283730E+03	8.936140E-17	1.242301E-17
8.293651E+03	8.897406E-17	1.245658E-17
8.303571E+03	8.859420E-17	1.249041E-17
8.313492E+03	8.822167E-17	1.252449E-17
8.323413E+03	8.785631E-17	1.255880E-17
8.333333E+03	8.749796E-17	1.259335E-17
8.343254E+03	8.714650E-17	1.262813E-17
8.353175E+03	8.680174E-17	1.266313E-17
8.363095E+03	8.645503E-17	1.269710E-17
8.373016E+03	8.612325E-17	1.273251E-17
8.382937E+03	8.578925E-17	1.276687E-17
8.392857E+03	8.546983E-17	1.280267E-17
8.402778E+03	8.514791E-17	1.283737E-17
8.412698E+03	8.484022E-17	1.287352E-17
8.422619E+03	8.452976E-17	1.290854E-17
8.432540E+03	8.422480E-17	1.294371E-17
8.442460E+03	8.392518E-17	1.297900E-17
8.452381E+03	8.363075E-17	1.301441E-17
8.462302E+03	8.334136E-17	1.304992E-17
8.472222E+03	8.305685E-17	1.308553E-17
8.482143E+03	8.277705E-17	1.312121E-17
8.492063E+03	8.250184E-17	1.315697E-17
8.501984E+03	8.222273E-17	1.319145E-17
8.511905E+03	8.195620E-17	1.322729E-17
8.521825E+03	8.169379E-17	1.326316E-17
8.531746E+03	8.142707E-17	1.329769E-17
8.541667E+03	8.117245E-17	1.333356E-17
8.551587E+03	8.091323E-17	1.336805E-17
8.561508E+03	8.065755E-17	1.340250E-17
8.571429E+03	8.041348E-17	1.343826E-17
8.581349E+03	8.016443E-17	1.347257E-17
8.591270E+03	7.991847E-17	1.350679E-17
8.601190E+03	7.967548E-17	1.354090E-17
8.611111E+03	7.944347E-17	1.357627E-17
8.621032E+03	7.920595E-17	1.361012E-17
8.630952E+03	7.897095E-17	1.364380E-17
8.640873E+03	7.873836E-17	1.367730E-17
8.650794E+03	7.849987E-17	1.370918E-17
8.660714E+03	7.827168E-17	1.374227E-17
8.670635E+03	7.804548E-17	1.377512E-17
8.680556E+03	7.782115E-17	1.380773E-17
8.690476E+03	7.759856E-17	1.384007E-17
8.700397E+03	7.736947E-17	1.387067E-17
8.710317E+03	7.714999E-17	1.390241E-17
8.720238E+03	7.693189E-17	1.393383E-17
8.730159E+03	7.670693E-17	1.396344E-17
8.740079E+03	7.649122E-17	1.399417E-17
8.750000E+03	7.626845E-17	1.402303E-17
8.759921E+03	7.605466E-17	1.405298E-17
8.769841E+03	7.583361E-17	1.408102E-17
8.779762E+03	7.562132E-17	1.411012E-17
8.789683E+03	7.540156E-17	1.413727E-17
8.799603E+03	7.519036E-17	1.416546E-17
8.809524E+03	7.497148E-17	1.419165E-17
8.819444E+03	7.475289E-17	1.421732E-17
8.829365E+03	7.454256E-17	1.424401E-17
8.839286E+03	7.432430E-17	1.426862E-17
8.849206E+03	7.410606E-17	1.429268E-17
8.859127E+03	7.388774E-17	1.431616E-17
8.869048E+03	7.367730E-17	1.434061E-17
8.878968E+03	7.345862E-17	1.436290E-17
8.888889E+03	7.323963E-17	1.438457E-17
8.898810E+03	7.302025E-17	1.440560E-17
8.908730E+03	7.280842E-17	1.442756E-17
8.918651E+03	7.258807E-17	1.444729E-17
8.928571E+03	7.236712E-17	1.446633E-17
8.968254E+03	7.147625E-17	1.453546E-17
9.007937E+03	7.057927E-17	1.459437E-17
9.047619E+03	6.966714E-17	1.464117E-17
9.087302E+03	6.872728E-17	1.467311E-17
9.126984E+03	6.778554E-17	1.469561E-17
9.166667E+03	6.681341E-17	1.470247E-17
9.206349E+03	6.582770E-17	1.469725E-17
9.246032E+03	6.482068E-17	1.467820E-17
9.285714E+03	6.380050E-17	1.464710E-17
9.325397E+03	6.276033E-17	1.460236E-17
9.365079E+03	6.170888E-17	1.454597E-17
9.404762E+03	6.064745E-17	1.447828E-17
9.444444E+03	5.957750E-17	1.439969E-17
9.484127E+03	5.849329E-17	1.430885E-17
9.523810E+03	5.741119E-17	1.420984E-17
9.563492E+03	5.632558E-17	1.410140E-17
9.603175E+03	5.523108E-17	1.398229E-17
9.642857E+03	5.414368E-17	1.385668E-17
9.682540E+03	5.305790E-17	1.372333E-17
9.722222E+03	5.198225E-17	1.358465E-17
9.761905E+03	5.090450E-17	1.343762E-17
9.801587E+03	4.983976E-17	1.328639E-17
9.841270E+03	4.878256E-17	1.312975E-17
9.880952E+03	4.773426E-17	1.296824E-17
9.920635E+03	4.670249E-17	1.280417E-17
9.960317E+03	4.568176E-17	1.263628E-17
1.000000E+04	4.467314E-17	1.246507E-17
1.003968E+04	4.368373E-17	1.229277E-17
1.007937E+04	4.270804E-17	1.211808E-17
1.011905E+04	4.175284E-17	1.194316E-17
1.015873E+04	4.081267E-17	1.176668E-17
1.019841E+04	3.988815E-17	1.158906E-17
1.023810E+04	3.898551E-17	1.141234E-17
