#wls	flux	fluxerr
1.587302E+03	9.724894E-18	3.464600E-18
1.626984E+03	1.005989E-17	3.568846E-18
1.666667E+03	1.040434E-17	3.675063E-18
1.706349E+03	1.075822E-17	3.783158E-18
1.746032E+03	1.112109E-17	3.892887E-18
1.785714E+03	1.148834E-17	4.002554E-18
1.825397E+03	1.185954E-17	4.111942E-18
1.865079E+03	1.222696E-17	4.218317E-18
1.904762E+03	1.258357E-17	4.319229E-18
1.944444E+03	1.292481E-17	4.413135E-18
1.984127E+03	1.324394E-17	4.497773E-18
2.023810E+03	1.355445E-17	4.577782E-18
2.063492E+03	1.388372E-17	4.662354E-18
2.103175E+03	1.428669E-17	4.769676E-18
2.142857E+03	1.482306E-17	4.919062E-18
2.182540E+03	1.553906E-17	5.124885E-18
2.222222E+03	1.643842E-17	5.387158E-18
2.261905E+03	1.749475E-17	5.696016E-18
2.301587E+03	1.867638E-17	6.040054E-18
2.341270E+03	1.994652E-17	6.406475E-18
2.380952E+03	2.128963E-17	6.789539E-18
2.420635E+03	2.269855E-17	7.186289E-18
2.460317E+03	2.417373E-17	7.596198E-18
2.500000E+03	2.571593E-17	8.018810E-18
2.539683E+03	2.733990E-17	8.457968E-18
2.579365E+03	2.904974E-17	8.914077E-18
2.619048E+03	3.085364E-17	9.388722E-18
2.658730E+03	3.276470E-17	9.884847E-18
2.698413E+03	3.478128E-17	1.040083E-17
2.738095E+03	3.692125E-17	1.094081E-17
2.777778E+03	3.918708E-17	1.150416E-17
2.817460E+03	4.159187E-17	1.209330E-17
2.857143E+03	4.414316E-17	1.270884E-17
2.896825E+03	4.684140E-17	1.334925E-17
2.936508E+03	4.969217E-17	1.401440E-17
2.976190E+03	5.270773E-17	1.470589E-17
2.986111E+03	5.349379E-17	1.488443E-17
2.996032E+03	5.428175E-17	1.506213E-17
3.005952E+03	5.508659E-17	1.524311E-17
3.015873E+03	5.589332E-17	1.542320E-17
3.025794E+03	5.671769E-17	1.560671E-17
3.035714E+03	5.755284E-17	1.579171E-17
3.045635E+03	5.839842E-17	1.597807E-17
3.055556E+03	5.926400E-17	1.616838E-17
3.065476E+03	6.013320E-17	1.635811E-17
3.075397E+03	6.102202E-17	1.655160E-17
3.085317E+03	6.192209E-17	1.674652E-17
3.095238E+03	6.283318E-17	1.694278E-17
3.105159E+03	6.376359E-17	1.714257E-17
3.115079E+03	6.469607E-17	1.734121E-17
3.125000E+03	6.564761E-17	1.754324E-17
3.134921E+03	6.660055E-17	1.774388E-17
3.144841E+03	6.757233E-17	1.794776E-17
3.154762E+03	6.856306E-17	1.815486E-17
3.164683E+03	6.955445E-17	1.836028E-17
3.174603E+03	7.055530E-17	1.856634E-17
3.184524E+03	7.157481E-17	1.877542E-17
3.194444E+03	7.260360E-17	1.898500E-17
3.204365E+03	7.364147E-17	1.919500E-17
3.214286E+03	7.468825E-17	1.940535E-17
3.224206E+03	7.575357E-17	1.961850E-17
3.234127E+03	7.681770E-17	1.982932E-17
3.244048E+03	7.790026E-17	2.004283E-17
3.253968E+03	7.899112E-17	2.025638E-17
3.263889E+03	8.009026E-17	2.046995E-17
3.273810E+03	8.119736E-17	2.068341E-17
3.283730E+03	8.232283E-17	2.089938E-17
3.293651E+03	8.344551E-17	2.111244E-17
3.303571E+03	8.458636E-17	2.132789E-17
3.313492E+03	8.573471E-17	2.154298E-17
3.323413E+03	8.689042E-17	2.175764E-17
3.333333E+03	8.806417E-17	2.197452E-17
3.343254E+03	8.923393E-17	2.218808E-17
3.353175E+03	9.042164E-17	2.240375E-17
3.363095E+03	9.161610E-17	2.261871E-17
3.373016E+03	9.281702E-17	2.283287E-17
3.382937E+03	9.402425E-17	2.304616E-17
3.392857E+03	9.523760E-17	2.325850E-17
3.402778E+03	9.646860E-17	2.347268E-17
3.412698E+03	9.769356E-17	2.368289E-17
3.422619E+03	9.893588E-17	2.389481E-17
3.432540E+03	1.001837E-16	2.410550E-17
3.442460E+03	1.014366E-16	2.431486E-17
3.452381E+03	1.027069E-16	2.452577E-17
3.462302E+03	1.039695E-16	2.473227E-17
3.472222E+03	1.052492E-16	2.494018E-17
3.482143E+03	1.065333E-16	2.514649E-17
3.492063E+03	1.078215E-16	2.535108E-17
3.501984E+03	1.091135E-16	2.555389E-17
3.511905E+03	1.104091E-16	2.575485E-17
3.521825E+03	1.117213E-16	2.595691E-17
3.531746E+03	1.130234E-16	2.615390E-17
3.541667E+03	1.143417E-16	2.635188E-17
3.551587E+03	1.156626E-16	2.654766E-17
3.561508E+03	1.169861E-16	2.674122E-17
3.571429E+03	1.183116E-16	2.693246E-17
3.581349E+03	1.196527E-16	2.712440E-17
3.591270E+03	1.209817E-16	2.731075E-17
3.601190E+03	1.223259E-16	2.749769E-17
3.611111E+03	1.236712E-16	2.768198E-17
3.621032E+03	1.250174E-16	2.786359E-17
3.630952E+03	1.263642E-16	2.804244E-17
3.640873E+03	1.277112E-16	2.821842E-17
3.650794E+03	1.290725E-16	2.839466E-17
3.660714E+03	1.304191E-16	2.856473E-17
3.670635E+03	1.317798E-16	2.873494E-17
3.680556E+03	1.331248E-16	2.889880E-17
3.690476E+03	1.344833E-16	2.906268E-17
3.700397E+03	1.358405E-16	2.922330E-17
3.710317E+03	1.372111E-16	2.938385E-17
3.720238E+03	1.385646E-16	2.953775E-17
3.730159E+03	1.399157E-16	2.968820E-17
3.740079E+03	1.412797E-16	2.983841E-17
3.750000E+03	1.426253E-16	2.998179E-17
3.759921E+03	1.439834E-16	3.012481E-17
3.769841E+03	1.453381E-16	3.026418E-17
3.779762E+03	1.466891E-16	3.039980E-17
3.789683E+03	1.480363E-16	3.053167E-17
3.799603E+03	1.493792E-16	3.065972E-17
3.809524E+03	1.507177E-16	3.078391E-17
3.819444E+03	1.520514E-16	3.090421E-17
3.829365E+03	1.533963E-16	3.102384E-17
3.839286E+03	1.547199E-16	3.113624E-17
3.849206E+03	1.560544E-16	3.124792E-17
3.859127E+03	1.573667E-16	3.135227E-17
3.869048E+03	1.586896E-16	3.145585E-17
3.878968E+03	1.600065E-16	3.155535E-17
3.888889E+03	1.613170E-16	3.165075E-17
3.898810E+03	1.626212E-16	3.174205E-17
3.908730E+03	1.639187E-16	3.182921E-17
3.918651E+03	1.652092E-16	3.191222E-17
3.928571E+03	1.664928E-16	3.199112E-17
3.938492E+03	1.677693E-16	3.206587E-17
3.948413E+03	1.690385E-16	3.213650E-17
3.958333E+03	1.703177E-16	3.220629E-17
3.968254E+03	1.715724E-16	3.226875E-17
3.978175E+03	1.728197E-16	3.232716E-17
3.988095E+03	1.740773E-16	3.238483E-17
3.998016E+03	1.753104E-16	3.243533E-17
4.007937E+03	1.765367E-16	3.248197E-17
4.017857E+03	1.777742E-16	3.252811E-17
4.027778E+03	1.789879E-16	3.256734E-17
4.037698E+03	1.802137E-16	3.260626E-17
4.047619E+03	1.814165E-16	3.263853E-17
4.057540E+03	1.826326E-16	3.267072E-17
4.067460E+03	1.838266E-16	3.269653E-17
4.077381E+03	1.850353E-16	3.272253E-17
4.087302E+03	1.862229E-16	3.274243E-17
4.097222E+03	1.874264E-16	3.276276E-17
4.107143E+03	1.886101E-16	3.277730E-17
4.117063E+03	1.898109E-16	3.279252E-17
4.126984E+03	1.909931E-16	3.280223E-17
4.136905E+03	1.921937E-16	3.281287E-17
4.146825E+03	1.933768E-16	3.281827E-17
4.156746E+03	1.945611E-16	3.282170E-17
4.166667E+03	1.957659E-16	3.282639E-17
4.176587E+03	1.969546E-16	3.282625E-17
4.186508E+03	1.981463E-16	3.282449E-17
4.196429E+03	1.993417E-16	3.282126E-17
4.206349E+03	2.005600E-16	3.281972E-17
4.216270E+03	2.017645E-16	3.281389E-17
4.226190E+03	2.029746E-16	3.280694E-17
4.236111E+03	2.041909E-16	3.279901E-17
4.246032E+03	2.054140E-16	3.279022E-17
4.255952E+03	2.066255E-16	3.277767E-17
4.265873E+03	2.078641E-16	3.276753E-17
4.275794E+03	2.091115E-16	3.275690E-17
4.285714E+03	2.103488E-16	3.274287E-17
4.295635E+03	2.116150E-16	3.273150E-17
4.305556E+03	2.128719E-16	3.271693E-17
4.315476E+03	2.141389E-16	3.270219E-17
4.325397E+03	2.154355E-16	3.269027E-17
4.335317E+03	2.167231E-16	3.267529E-17
4.345238E+03	2.180209E-16	3.266021E-17
4.355159E+03	2.193090E-16	3.264212E-17
4.365079E+03	2.206262E-16	3.262683E-17
4.375000E+03	2.219527E-16	3.261139E-17
4.384921E+03	2.232678E-16	3.259284E-17
4.394841E+03	2.245906E-16	3.257405E-17
4.404762E+03	2.259401E-16	3.255779E-17
4.414683E+03	2.272756E-16	3.253823E-17
4.424603E+03	2.286157E-16	3.251812E-17
4.434524E+03	2.299389E-16	3.249448E-17
4.444444E+03	2.312837E-16	3.247285E-17
4.454365E+03	2.326081E-16	3.244739E-17
4.464286E+03	2.339504E-16	3.242353E-17
4.474206E+03	2.352682E-16	3.239546E-17
4.484127E+03	2.365789E-16	3.236573E-17
4.494048E+03	2.378802E-16	3.233411E-17
4.503968E+03	2.391489E-16	3.229759E-17
4.513889E+03	2.404232E-16	3.226146E-17
4.523810E+03	2.416592E-16	3.221994E-17
4.533730E+03	2.428746E-16	3.217558E-17
4.543651E+03	2.440666E-16	3.212815E-17
4.553571E+03	2.452327E-16	3.207748E-17
4.563492E+03	2.463499E-16	3.202072E-17
4.573413E+03	2.474575E-16	3.196319E-17
4.583333E+03	2.485121E-16	3.189941E-17
4.593254E+03	2.495332E-16	3.183213E-17
4.603175E+03	2.505199E-16	3.176137E-17
4.613095E+03	2.514505E-16	3.168462E-17
4.623016E+03	2.523669E-16	3.160730E-17
4.632937E+03	2.532272E-16	3.152439E-17
4.642857E+03	2.540531E-16	3.143875E-17
4.652778E+03	2.548246E-16	3.134811E-17
4.662698E+03	2.555850E-16	3.125799E-17
4.672619E+03	2.562937E-16	3.116357E-17
4.682540E+03	2.569736E-16	3.106781E-17
4.692460E+03	2.576264E-16	3.097110E-17
4.702381E+03	2.582542E-16	3.087381E-17
4.712302E+03	2.588376E-16	3.077380E-17
4.722222E+03	2.593996E-16	3.067395E-17
4.732143E+03	2.599419E-16	3.057461E-17
4.742063E+03	2.604656E-16	3.047604E-17
4.751984E+03	2.609511E-16	3.037606E-17
4.761905E+03	2.614203E-16	3.027737E-17
4.771825E+03	2.618738E-16	3.018017E-17
4.781746E+03	2.623120E-16	3.008460E-17
4.791667E+03	2.627138E-16	2.998837E-17
4.801587E+03	2.631213E-16	2.989640E-17
4.811508E+03	2.634707E-16	2.980152E-17
4.821429E+03	2.638243E-16	2.971094E-17
4.831349E+03	2.641600E-16	2.962223E-17
4.841270E+03	2.644554E-16	2.953292E-17
4.851190E+03	2.647299E-16	2.944514E-17
4.861111E+03	2.649819E-16	2.935868E-17
4.871032E+03	2.651889E-16	2.927097E-17
4.880952E+03	2.653704E-16	2.918412E-17
4.890873E+03	2.655249E-16	2.909792E-17
4.900794E+03	2.656511E-16	2.901214E-17
4.910714E+03	2.657269E-16	2.892430E-17
4.920635E+03	2.657722E-16	2.883653E-17
4.930556E+03	2.657862E-16	2.874865E-17
4.940476E+03	2.657682E-16	2.866050E-17
4.950397E+03	2.656967E-16	2.856971E-17
4.960317E+03	2.656133E-16	2.848065E-17
4.970238E+03	2.654554E-16	2.838653E-17
4.980159E+03	2.652855E-16	2.829397E-17
4.990079E+03	2.650625E-16	2.819848E-17
5.000000E+03	2.648079E-16	2.810227E-17
5.009921E+03	2.645224E-16	2.800533E-17
5.019841E+03	2.642074E-16	2.790769E-17
5.029762E+03	2.638436E-16	2.780722E-17
5.039683E+03	2.634531E-16	2.770616E-17
5.049603E+03	2.630373E-16	2.760456E-17
5.059524E+03	2.625777E-16	2.750038E-17
5.069444E+03	2.621166E-16	2.739795E-17
5.079365E+03	2.616149E-16	2.729308E-17
5.089286E+03	2.610745E-16	2.718587E-17
5.099206E+03	2.605366E-16	2.708050E-17
5.109127E+03	2.599622E-16	2.697282E-17
5.119048E+03	2.593719E-16	2.686488E-17
5.128968E+03	2.587663E-16	2.675663E-17
5.138889E+03	2.581255E-16	2.664592E-17
5.148810E+03	2.574689E-16	2.653467E-17
5.158730E+03	2.567960E-16	2.642273E-17
5.168651E+03	2.561057E-16	2.630989E-17
5.178571E+03	2.553773E-16	2.619393E-17
5.188492E+03	2.546287E-16	2.607663E-17
5.198413E+03	2.538580E-16	2.595769E-17
5.208333E+03	2.530632E-16	2.583684E-17
5.218254E+03	2.522232E-16	2.571184E-17
5.228175E+03	2.513549E-16	2.558436E-17
5.238095E+03	2.504560E-16	2.545409E-17
5.248016E+03	2.495242E-16	2.532072E-17
5.257937E+03	2.485382E-16	2.518207E-17
5.267857E+03	2.475151E-16	2.503977E-17
5.277778E+03	2.464527E-16	2.489358E-17
5.287698E+03	2.453489E-16	2.474323E-17
5.297619E+03	2.441839E-16	2.458668E-17
5.307540E+03	2.429744E-16	2.442557E-17
5.317460E+03	2.417194E-16	2.425978E-17
5.327381E+03	2.404177E-16	2.408914E-17
5.337302E+03	2.390509E-16	2.391180E-17
5.347222E+03	2.376366E-16	2.372949E-17
5.357143E+03	2.361749E-16	2.354220E-17
5.367063E+03	2.346658E-16	2.334992E-17
5.376984E+03	2.330923E-16	2.315095E-17
5.386905E+03	2.314729E-16	2.294712E-17
5.396825E+03	2.298087E-16	2.273853E-17
5.406746E+03	2.281008E-16	2.252530E-17
5.416667E+03	2.263510E-16	2.230760E-17
5.426587E+03	2.245441E-16	2.208395E-17
5.436508E+03	2.226992E-16	2.185623E-17
5.446429E+03	2.208185E-16	2.162467E-17
5.456349E+03	2.188882E-16	2.138794E-17
5.466270E+03	2.169435E-16	2.114950E-17
5.476190E+03	2.149547E-16	2.090645E-17
5.486111E+03	2.129412E-16	2.066072E-17
5.496032E+03	2.109061E-16	2.041262E-17
5.505952E+03	2.088374E-16	2.016102E-17
5.515873E+03	2.067701E-16	1.990932E-17
5.525794E+03	2.046775E-16	1.965496E-17
5.535714E+03	2.025795E-16	1.939989E-17
5.545635E+03	2.004660E-16	1.914315E-17
5.555556E+03	1.983722E-16	1.888813E-17
5.565476E+03	1.962737E-16	1.863253E-17
5.575397E+03	1.941912E-16	1.837832E-17
5.585317E+03	1.921305E-16	1.812605E-17
5.595238E+03	1.900975E-16	1.787629E-17
5.605159E+03	1.880842E-16	1.762830E-17
5.615079E+03	1.861108E-16	1.738395E-17
5.625000E+03	1.841829E-16	1.714378E-17
5.634921E+03	1.823061E-16	1.690827E-17
5.644841E+03	1.804858E-16	1.667790E-17
5.654762E+03	1.787267E-16	1.645309E-17
5.664683E+03	1.770203E-16	1.623300E-17
5.674603E+03	1.753839E-16	1.601920E-17
5.684524E+03	1.738210E-16	1.581196E-17
5.694444E+03	1.723347E-16	1.561149E-17
5.704365E+03	1.709143E-16	1.541679E-17
5.714286E+03	1.695872E-16	1.523025E-17
5.724206E+03	1.683292E-16	1.504963E-17
5.734127E+03	1.671532E-16	1.487601E-17
5.744048E+03	1.660589E-16	1.470931E-17
5.753968E+03	1.650457E-16	1.454936E-17
5.763889E+03	1.641120E-16	1.439598E-17
5.773810E+03	1.632440E-16	1.424784E-17
5.783730E+03	1.624513E-16	1.410574E-17
5.793651E+03	1.617316E-16	1.396937E-17
5.803571E+03	1.610816E-16	1.383838E-17
5.813492E+03	1.604983E-16	1.371244E-17
5.823413E+03	1.599784E-16	1.359116E-17
5.833333E+03	1.595067E-16	1.347321E-17
5.843254E+03	1.591040E-16	1.336026E-17
5.853175E+03	1.587433E-16	1.324998E-17
5.863095E+03	1.584340E-16	1.314310E-17
5.873016E+03	1.581736E-16	1.303932E-17
5.882937E+03	1.579604E-16	1.293847E-17
5.892857E+03	1.577813E-16	1.283939E-17
5.902778E+03	1.576588E-16	1.274388E-17
5.912698E+03	1.575696E-16	1.264996E-17
5.922619E+03	1.575256E-16	1.255857E-17
5.932540E+03	1.575282E-16	1.246971E-17
5.942460E+03	1.575789E-16	1.238347E-17
5.952381E+03	1.576802E-16	1.229994E-17
5.962302E+03	1.578347E-16	1.221925E-17
5.972222E+03	1.580455E-16	1.214157E-17
5.982143E+03	1.583045E-16	1.206615E-17
5.992063E+03	1.586266E-16	1.199408E-17
6.001984E+03	1.590273E-16	1.192638E-17
6.011905E+03	1.594864E-16	1.186142E-17
6.021825E+03	1.600188E-16	1.180020E-17
6.031746E+03	1.606151E-16	1.174189E-17
6.041667E+03	1.613014E-16	1.168826E-17
6.051587E+03	1.620672E-16	1.163840E-17
6.061508E+03	1.629008E-16	1.159131E-17
6.071429E+03	1.638262E-16	1.154855E-17
6.081349E+03	1.648172E-16	1.150813E-17
6.091270E+03	1.658832E-16	1.147055E-17
6.101190E+03	1.670326E-16	1.143623E-17
6.111111E+03	1.682348E-16	1.140288E-17
6.121032E+03	1.694951E-16	1.137072E-17
6.130952E+03	1.707922E-16	1.133815E-17
6.140873E+03	1.721410E-16	1.130603E-17
6.150794E+03	1.735162E-16	1.127255E-17
6.160714E+03	1.748903E-16	1.123586E-17
6.170635E+03	1.762727E-16	1.119650E-17
6.180556E+03	1.776182E-16	1.115158E-17
6.190476E+03	1.789326E-16	1.110149E-17
6.200397E+03	1.801670E-16	1.104327E-17
6.210317E+03	1.813107E-16	1.097642E-17
6.220238E+03	1.823394E-16	1.089965E-17
6.230159E+03	1.832283E-16	1.081177E-17
6.240079E+03	1.839535E-16	1.071166E-17
6.250000E+03	1.844921E-16	1.059839E-17
6.259921E+03	1.848093E-16	1.047043E-17
6.269841E+03	1.849150E-16	1.032886E-17
6.279762E+03	1.847808E-16	1.017265E-17
6.289683E+03	1.843824E-16	1.000109E-17
6.299603E+03	1.837416E-16	9.816012E-18
6.309524E+03	1.828295E-16	9.616558E-18
6.319444E+03	1.816635E-16	9.404356E-18
6.329365E+03	1.802654E-16	9.181214E-18
6.339286E+03	1.786203E-16	8.947060E-18
6.349206E+03	1.767580E-16	8.704079E-18
6.359127E+03	1.746979E-16	8.453853E-18
6.369048E+03	1.724613E-16	8.198024E-18
6.378968E+03	1.700714E-16	7.938239E-18
6.388889E+03	1.675518E-16	7.676110E-18
6.398810E+03	1.649261E-16	7.413169E-18
6.408730E+03	1.622051E-16	7.150303E-18
6.418651E+03	1.594347E-16	6.889904E-18
6.428571E+03	1.566225E-16	6.632567E-18
6.438492E+03	1.537746E-16	6.378818E-18
6.448413E+03	1.509302E-16	6.130507E-18
6.458333E+03	1.480909E-16	5.887865E-18
6.468254E+03	1.452573E-16	5.651076E-18
6.478175E+03	1.424505E-16	5.421110E-18
6.488095E+03	1.396889E-16	5.198775E-18
6.498016E+03	1.369578E-16	4.983611E-18
6.507937E+03	1.342733E-16	4.776317E-18
6.517857E+03	1.316493E-16	4.577470E-18
6.527778E+03	1.290693E-16	4.386574E-18
6.537698E+03	1.265460E-16	4.204167E-18
6.547619E+03	1.240818E-16	4.030410E-18
6.557540E+03	1.216782E-16	3.865455E-18
6.567460E+03	1.193368E-16	3.709442E-18
6.577381E+03	1.170588E-16	3.562508E-18
6.587302E+03	1.148451E-16	3.424785E-18
6.597222E+03	1.126965E-16	3.296395E-18
6.607143E+03	1.106138E-16	3.177454E-18
6.617063E+03	1.085977E-16	3.068068E-18
6.626984E+03	1.066484E-16	2.968320E-18
6.636905E+03	1.047586E-16	2.878053E-18
6.646825E+03	1.029446E-16	2.797747E-18
6.656746E+03	1.011983E-16	2.727168E-18
6.666667E+03	9.951954E-17	2.666262E-18
6.676587E+03	9.790057E-17	2.614728E-18
6.686508E+03	9.635584E-17	2.572804E-18
6.696429E+03	9.486967E-17	2.539724E-18
6.706349E+03	9.345568E-17	2.515325E-18
6.716270E+03	9.209857E-17	2.498648E-18
6.726190E+03	9.081145E-17	2.489492E-18
6.736111E+03	8.957943E-17	2.486901E-18
6.746032E+03	8.841522E-17	2.490694E-18
6.755952E+03	8.730419E-17	2.499950E-18
6.765873E+03	8.625222E-17	2.514353E-18
6.775794E+03	8.526473E-17	2.533620E-18
6.785714E+03	8.432761E-17	2.556930E-18
6.795635E+03	8.344651E-17	2.584084E-18
6.805556E+03	8.262079E-17	2.614740E-18
6.815476E+03	8.185068E-17	2.648622E-18
6.825397E+03	8.114488E-17	2.685781E-18
6.835317E+03	8.049569E-17	2.725774E-18
6.845238E+03	7.991488E-17	2.768849E-18
6.855159E+03	7.940794E-17	2.815101E-18
6.865079E+03	7.897995E-17	2.864660E-18
6.875000E+03	7.863552E-17	2.917686E-18
6.884921E+03	7.837873E-17	2.974360E-18
6.894841E+03	7.821323E-17	3.034885E-18
6.904762E+03	7.813605E-17	3.099232E-18
6.914683E+03	7.816207E-17	3.168106E-18
6.924603E+03	7.828779E-17	3.241517E-18
6.934524E+03	7.851527E-17	3.319713E-18
6.944444E+03	7.884661E-17	3.402961E-18
6.954365E+03	7.927741E-17	3.491259E-18
6.964286E+03	7.982147E-17	3.585414E-18
6.974206E+03	8.046801E-17	3.685164E-18
6.984127E+03	8.123078E-17	3.791359E-18
6.994048E+03	8.210492E-17	3.904013E-18
7.003968E+03	8.308520E-17	4.023112E-18
7.013889E+03	8.418536E-17	4.149558E-18
7.023810E+03	8.539343E-17	4.283015E-18
7.033730E+03	8.671636E-17	4.424068E-18
7.043651E+03	8.816158E-17	4.573355E-18
7.053571E+03	8.971538E-17	4.730421E-18
7.063492E+03	9.138438E-17	4.895855E-18
7.073413E+03	9.316764E-17	5.069854E-18
7.083333E+03	9.507133E-17	5.253008E-18
7.093254E+03	9.707858E-17	5.444629E-18
7.103175E+03	9.919386E-17	5.645189E-18
7.113095E+03	1.014136E-16	5.854713E-18
7.123016E+03	1.037331E-16	6.073138E-18
7.132937E+03	1.061466E-16	6.300334E-18
7.142857E+03	1.086386E-16	6.535553E-18
7.152778E+03	1.112177E-16	6.779485E-18
7.162698E+03	1.138656E-16	7.031172E-18
7.172619E+03	1.165711E-16	7.290039E-18
7.182540E+03	1.193115E-16	7.554773E-18
7.192460E+03	1.220907E-16	7.825674E-18
7.202381E+03	1.248732E-16	8.100506E-18
7.212302E+03	1.276601E-16	8.379344E-18
7.222222E+03	1.304120E-16	8.659560E-18
7.232143E+03	1.331282E-16	8.941024E-18
7.242063E+03	1.357661E-16	9.220760E-18
7.251984E+03	1.383136E-16	9.497762E-18
7.261905E+03	1.407594E-16	9.771057E-18
7.271825E+03	1.430596E-16	1.003734E-17
7.281746E+03	1.452041E-16	1.029560E-17
7.291667E+03	1.471739E-16	1.054415E-17
7.301587E+03	1.489520E-16	1.078141E-17
7.311508E+03	1.505121E-16	1.100506E-17
7.321429E+03	1.518667E-16	1.121558E-17
7.331349E+03	1.529963E-16	1.141113E-17
7.341270E+03	1.538966E-16	1.159093E-17
7.351190E+03	1.545547E-16	1.175354E-17
7.361111E+03	1.549982E-16	1.190061E-17
7.371032E+03	1.552085E-16	1.203029E-17
7.380952E+03	1.552074E-16	1.214383E-17
7.390873E+03	1.550191E-16	1.224272E-17
7.400794E+03	1.546326E-16	1.232575E-17
7.410714E+03	1.540759E-16	1.239479E-17
7.420635E+03	1.533656E-16	1.245087E-17
7.430556E+03	1.525188E-16	1.249511E-17
7.440476E+03	1.515527E-16	1.252867E-17
7.450397E+03	1.504843E-16	1.255277E-17
7.460317E+03	1.493180E-16	1.256758E-17
7.470238E+03	1.480932E-16	1.257630E-17
7.480159E+03	1.468123E-16	1.257903E-17
7.490079E+03	1.454766E-16	1.257580E-17
7.500000E+03	1.441098E-16	1.256859E-17
7.509921E+03	1.427342E-16	1.255932E-17
7.519841E+03	1.413358E-16	1.254677E-17
7.529762E+03	1.399344E-16	1.253269E-17
7.539683E+03	1.385371E-16	1.251774E-17
7.549603E+03	1.371498E-16	1.250249E-17
7.559524E+03	1.357775E-16	1.248742E-17
7.569444E+03	1.344245E-16	1.247291E-17
7.579365E+03	1.330832E-16	1.245826E-17
7.589286E+03	1.317782E-16	1.244575E-17
7.599206E+03	1.304899E-16	1.243356E-17
7.609127E+03	1.292308E-16	1.242288E-17
7.619048E+03	1.280124E-16	1.241487E-17
7.628968E+03	1.268142E-16	1.240756E-17
7.638889E+03	1.256468E-16	1.240202E-17
7.648810E+03	1.245100E-16	1.239826E-17
7.658730E+03	1.234031E-16	1.239623E-17
7.668651E+03	1.223152E-16	1.239489E-17
7.678571E+03	1.212655E-16	1.239620E-17
7.688492E+03	1.202425E-16	1.239904E-17
7.698413E+03	1.192353E-16	1.240230E-17
7.708333E+03	1.182523E-16	1.240689E-17
7.718254E+03	1.173022E-16	1.241375E-17
7.728175E+03	1.163642E-16	1.242070E-17
7.738095E+03	1.154467E-16	1.242868E-17
7.748016E+03	1.145487E-16	1.243758E-17
7.757937E+03	1.136597E-16	1.244628E-17
7.767857E+03	1.127979E-16	1.245679E-17
7.777778E+03	1.119527E-16	1.246798E-17
7.787698E+03	1.111144E-16	1.247877E-17
7.797619E+03	1.102915E-16	1.249012E-17
7.807540E+03	1.094929E-16	1.250307E-17
7.817460E+03	1.086995E-16	1.251546E-17
7.827381E+03	1.079202E-16	1.252832E-17
7.837302E+03	1.071547E-16	1.254162E-17
7.847222E+03	1.064026E-16	1.255535E-17
7.857143E+03	1.056548E-16	1.256843E-17
7.867063E+03	1.049289E-16	1.258296E-17
7.876984E+03	1.042069E-16	1.259682E-17
7.886905E+03	1.035062E-16	1.261212E-17
7.896825E+03	1.028092E-16	1.262674E-17
7.906746E+03	1.021245E-16	1.264173E-17
7.916667E+03	1.014519E-16	1.265710E-17
7.926587E+03	1.007912E-16	1.267285E-17
7.936508E+03	1.001425E-16	1.268898E-17
7.946429E+03	9.949698E-17	1.270441E-17
7.956349E+03	9.887167E-17	1.272132E-17
7.966270E+03	9.824949E-17	1.273754E-17
7.976190E+03	9.764722E-17	1.275526E-17
7.986111E+03	9.704798E-17	1.277231E-17
7.996032E+03	9.646009E-17	1.278978E-17
8.005952E+03	9.588345E-17	1.280769E-17
8.015873E+03	9.531797E-17	1.282603E-17
8.025794E+03	9.475539E-17	1.284373E-17
8.035714E+03	9.421197E-17	1.286299E-17
8.045635E+03	9.367942E-17	1.288272E-17
8.055556E+03	9.314956E-17	1.290181E-17
8.065476E+03	9.263040E-17	1.292138E-17
8.075397E+03	9.212986E-17	1.294257E-17
8.085317E+03	9.163176E-17	1.296313E-17
8.095238E+03	9.114404E-17	1.298419E-17
8.105159E+03	9.066655E-17	1.300576E-17
8.115079E+03	9.019129E-17	1.302670E-17
8.125000E+03	8.973393E-17	1.304930E-17
8.134921E+03	8.927860E-17	1.307127E-17
8.144841E+03	8.884086E-17	1.309490E-17
8.154762E+03	8.840493E-17	1.311791E-17
8.164683E+03	8.797849E-17	1.314144E-17
8.174603E+03	8.756142E-17	1.316550E-17
8.184524E+03	8.715356E-17	1.319008E-17
8.194444E+03	8.675477E-17	1.321518E-17
8.204365E+03	8.636490E-17	1.324081E-17
8.214286E+03	8.598380E-17	1.326696E-17
8.224206E+03	8.560370E-17	1.329245E-17
8.234127E+03	8.523971E-17	1.331963E-17
8.244048E+03	8.487646E-17	1.334614E-17
8.253968E+03	8.452898E-17	1.337435E-17
8.263889E+03	8.418195E-17	1.340187E-17
8.273810E+03	8.384280E-17	1.342988E-17
8.283730E+03	8.351138E-17	1.345837E-17
8.293651E+03	8.318752E-17	1.348735E-17
8.303571E+03	8.286359E-17	1.351559E-17
8.313492E+03	8.255440E-17	1.354550E-17
8.323413E+03	8.225231E-17	1.357588E-17
8.333333E+03	8.194967E-17	1.360548E-17
8.343254E+03	8.165383E-17	1.363550E-17
8.353175E+03	8.137205E-17	1.366720E-17
8.363095E+03	8.108927E-17	1.369806E-17
8.373016E+03	8.081281E-17	1.372933E-17
8.382937E+03	8.054246E-17	1.376098E-17
8.392857E+03	8.027809E-17	1.379301E-17
8.402778E+03	8.001953E-17	1.382541E-17
8.412698E+03	7.976662E-17	1.385815E-17
8.422619E+03	7.951182E-17	1.388995E-17
8.432540E+03	7.926971E-17	1.392335E-17
8.442460E+03	7.902542E-17	1.395577E-17
8.452381E+03	7.879347E-17	1.398976E-17
8.462302E+03	7.855902E-17	1.402273E-17
8.472222E+03	7.832926E-17	1.405595E-17
8.482143E+03	7.811135E-17	1.409072E-17
8.492063E+03	7.789048E-17	1.412439E-17
8.501984E+03	7.767382E-17	1.415826E-17
8.511905E+03	7.746120E-17	1.419231E-17
8.521825E+03	7.725247E-17	1.422653E-17
8.531746E+03	7.704019E-17	1.425953E-17
8.541667E+03	7.683878E-17	1.429401E-17
8.551587E+03	7.664079E-17	1.432859E-17
8.561508E+03	7.643880E-17	1.436189E-17
8.571429E+03	7.624720E-17	1.439661E-17
8.581349E+03	7.605132E-17	1.443000E-17
8.591270E+03	7.586551E-17	1.446478E-17
8.601190E+03	7.567511E-17	1.449818E-17
8.611111E+03	7.548725E-17	1.453155E-17
8.621032E+03	7.530903E-17	1.456627E-17
8.630952E+03	7.512578E-17	1.459951E-17
8.640873E+03	7.494463E-17	1.463266E-17
8.650794E+03	7.476544E-17	1.466570E-17
8.660714E+03	7.458806E-17	1.469859E-17
8.670635E+03	7.441238E-17	1.473133E-17
8.680556E+03	7.423823E-17	1.476388E-17
8.690476E+03	7.406551E-17	1.479622E-17
8.700397E+03	7.389405E-17	1.482834E-17
8.710317E+03	7.371650E-17	1.485874E-17
8.720238E+03	7.354725E-17	1.489033E-17
8.730159E+03	7.337888E-17	1.492161E-17
8.740079E+03	7.320406E-17	1.495111E-17
8.750000E+03	7.303715E-17	1.498173E-17
8.759921E+03	7.287079E-17	1.501200E-17
8.769841E+03	7.269760E-17	1.504038E-17
8.779762E+03	7.253197E-17	1.506985E-17
8.789683E+03	7.235931E-17	1.509738E-17
8.799603E+03	7.219401E-17	1.512597E-17
8.809524E+03	7.202145E-17	1.515256E-17
8.819444E+03	7.184879E-17	1.517865E-17
8.829365E+03	7.168318E-17	1.520575E-17
8.839286E+03	7.151002E-17	1.523078E-17
8.849206E+03	7.133646E-17	1.525524E-17
8.859127E+03	7.116968E-17	1.528068E-17
8.869048E+03	7.099509E-17	1.530397E-17
8.878968E+03	7.081982E-17	1.532663E-17
8.888889E+03	7.065109E-17	1.535022E-17
8.898810E+03	7.047429E-17	1.537159E-17
8.908730E+03	7.029660E-17	1.539228E-17
8.918651E+03	7.011794E-17	1.541228E-17
8.928571E+03	6.993826E-17	1.543157E-17
8.968254E+03	6.921521E-17	1.550292E-17
9.007937E+03	6.847092E-17	1.556174E-17
9.047619E+03	6.770417E-17	1.560762E-17
9.087302E+03	6.691027E-17	1.563932E-17
9.126984E+03	6.609867E-17	1.565890E-17
9.166667E+03	6.525732E-17	1.566342E-17
9.206349E+03	6.439468E-17	1.565474E-17
9.246032E+03	6.350376E-17	1.563106E-17
9.285714E+03	6.259238E-17	1.559420E-17
9.325397E+03	6.166150E-17	1.554432E-17
9.365079E+03	6.071240E-17	1.548172E-17
9.404762E+03	5.973964E-17	1.540495E-17
9.444444E+03	5.875898E-17	1.531805E-17
9.484127E+03	5.777212E-17	1.522155E-17
9.523810E+03	5.676712E-17	1.511236E-17
9.563492E+03	5.575973E-17	1.499468E-17
9.603175E+03	5.474501E-17	1.486731E-17
9.642857E+03	5.372488E-17	1.473085E-17
9.682540E+03	5.271454E-17	1.458962E-17
9.722222E+03	5.169573E-17	1.443872E-17
9.761905E+03	5.068341E-17	1.428245E-17
9.801587E+03	4.967908E-17	1.412142E-17
9.841270E+03	4.867775E-17	1.395440E-17
9.880952E+03	4.769351E-17	1.378561E-17
9.920635E+03	4.670864E-17	1.361015E-17
9.960317E+03	4.574313E-17	1.343403E-17
1.000000E+04	4.478559E-17	1.325411E-17
1.003968E+04	4.384312E-17	1.307272E-17
1.007937E+04	4.291060E-17	1.288853E-17
1.011905E+04	4.199484E-17	1.270379E-17
1.015873E+04	4.109645E-17	1.251891E-17
1.019841E+04	4.021599E-17	1.233429E-17
1.023810E+04	3.934827E-17	1.214855E-17
