#wls	flux	fluxerr
1.600000E+03	2.644890E-16	1.540797E-17
1.640000E+03	2.706929E-16	1.571139E-17
1.680000E+03	2.771029E-16	1.602258E-17
1.720000E+03	2.837561E-16	1.634340E-17
1.760000E+03	2.906490E-16	1.667336E-17
1.800000E+03	2.978188E-16	1.701426E-17
1.840000E+03	3.052604E-16	1.736545E-17
1.880000E+03	3.130969E-16	1.773355E-17
1.920000E+03	3.212802E-16	1.811537E-17
1.960000E+03	3.298906E-16	1.851498E-17
2.000000E+03	3.390094E-16	1.893637E-17
2.040000E+03	3.487186E-16	1.938349E-17
2.080000E+03	3.590086E-16	1.985509E-17
2.120000E+03	3.700495E-16	2.035980E-17
2.160000E+03	3.819196E-16	2.090100E-17
2.200000E+03	3.946480E-16	2.147924E-17
2.240000E+03	4.083045E-16	2.209724E-17
2.280000E+03	4.230013E-16	2.275983E-17
2.320000E+03	4.387493E-16	2.346626E-17
2.360000E+03	4.555506E-16	2.421521E-17
2.400000E+03	4.734920E-16	2.500982E-17
2.440000E+03	4.924582E-16	2.584243E-17
2.480000E+03	5.125120E-16	2.671475E-17
2.520000E+03	5.334625E-16	2.761524E-17
2.560000E+03	5.553909E-16	2.854655E-17
2.600000E+03	5.780754E-16	2.949569E-17
2.640000E+03	6.015159E-16	3.046120E-17
2.680000E+03	6.255520E-16	3.143351E-17
2.720000E+03	6.500527E-16	3.240471E-17
2.760000E+03	6.749613E-16	3.337077E-17
2.800000E+03	6.999701E-16	3.431539E-17
2.840000E+03	7.249857E-16	3.523318E-17
2.880000E+03	7.497140E-16	3.610926E-17
2.920000E+03	7.739829E-16	3.693506E-17
2.960000E+03	7.976897E-16	3.770563E-17
3.000000E+03	8.208367E-16	3.842112E-17
3.010000E+03	8.265711E-16	3.859304E-17
3.020000E+03	8.322315E-16	3.875970E-17
3.030000E+03	8.378549E-16	3.892283E-17
3.040000E+03	8.434769E-16	3.908408E-17
3.050000E+03	8.490912E-16	3.924316E-17
3.060000E+03	8.546504E-16	3.939788E-17
3.070000E+03	8.601896E-16	3.954984E-17
3.080000E+03	8.657023E-16	3.969876E-17
3.090000E+03	8.711820E-16	3.984434E-17
3.100000E+03	8.766620E-16	3.998809E-17
3.110000E+03	8.820951E-16	4.012786E-17
3.120000E+03	8.875544E-16	4.026697E-17
3.130000E+03	8.929522E-16	4.040144E-17
3.140000E+03	8.983990E-16	4.053626E-17
3.150000E+03	9.037702E-16	4.066579E-17
3.160000E+03	9.091731E-16	4.079488E-17
3.170000E+03	9.145621E-16	4.092145E-17
3.180000E+03	9.199652E-16	4.104676E-17
3.190000E+03	9.253360E-16	4.116872E-17
3.200000E+03	9.307044E-16	4.128866E-17
3.210000E+03	9.360960E-16	4.140770E-17
3.220000E+03	9.414651E-16	4.152381E-17
3.230000E+03	9.468391E-16	4.163820E-17
3.240000E+03	9.522426E-16	4.175193E-17
3.250000E+03	9.576653E-16	4.186452E-17
3.260000E+03	9.630604E-16	4.197393E-17
3.270000E+03	9.684889E-16	4.208280E-17
3.280000E+03	9.739368E-16	4.219050E-17
3.290000E+03	9.793599E-16	4.229512E-17
3.300000E+03	9.848132E-16	4.239900E-17
3.310000E+03	9.902861E-16	4.250168E-17
3.320000E+03	9.957964E-16	4.260391E-17
3.330000E+03	1.001300E-15	4.270377E-17
3.340000E+03	1.006784E-15	4.280069E-17
3.350000E+03	1.012331E-15	4.289821E-17
3.360000E+03	1.017863E-15	4.299300E-17
3.370000E+03	1.023399E-15	4.308581E-17
3.380000E+03	1.028923E-15	4.317599E-17
3.390000E+03	1.034454E-15	4.326432E-17
3.400000E+03	1.040008E-15	4.335143E-17
3.410000E+03	1.045507E-15	4.343412E-17
3.420000E+03	1.050999E-15	4.351436E-17
3.430000E+03	1.056468E-15	4.359148E-17
3.440000E+03	1.061872E-15	4.366373E-17
3.450000E+03	1.067195E-15	4.373054E-17
3.460000E+03	1.072484E-15	4.379376E-17
3.470000E+03	1.077638E-15	4.384936E-17
3.480000E+03	1.082674E-15	4.389808E-17
3.490000E+03	1.087581E-15	4.393948E-17
3.500000E+03	1.092293E-15	4.397099E-17
3.510000E+03	1.096803E-15	4.399235E-17
3.520000E+03	1.101049E-15	4.400124E-17
3.530000E+03	1.105028E-15	4.399758E-17
3.540000E+03	1.108707E-15	4.398021E-17
3.550000E+03	1.112034E-15	4.394721E-17
3.560000E+03	1.114984E-15	4.389774E-17
3.570000E+03	1.117558E-15	4.383198E-17
3.580000E+03	1.119709E-15	4.374830E-17
3.590000E+03	1.121419E-15	4.364616E-17
3.600000E+03	1.122648E-15	4.352418E-17
3.610000E+03	1.123357E-15	4.338115E-17
3.620000E+03	1.123559E-15	4.321771E-17
3.630000E+03	1.123219E-15	4.303286E-17
3.640000E+03	1.122353E-15	4.282739E-17
3.650000E+03	1.120975E-15	4.260207E-17
3.660000E+03	1.119098E-15	4.235768E-17
3.670000E+03	1.116738E-15	4.209504E-17
3.680000E+03	1.113910E-15	4.181496E-17
3.690000E+03	1.110630E-15	4.151824E-17
3.700000E+03	1.106912E-15	4.120563E-17
3.710000E+03	1.102756E-15	4.087732E-17
3.720000E+03	1.098214E-15	4.053551E-17
3.730000E+03	1.093267E-15	4.017963E-17
3.740000E+03	1.087930E-15	3.981047E-17
3.750000E+03	1.082224E-15	3.942897E-17
3.760000E+03	1.076181E-15	3.903651E-17
3.770000E+03	1.069788E-15	3.863275E-17
3.780000E+03	1.063077E-15	3.821908E-17
3.790000E+03	1.056068E-15	3.779633E-17
3.800000E+03	1.048764E-15	3.736479E-17
3.810000E+03	1.041182E-15	3.692526E-17
3.820000E+03	1.033343E-15	3.647856E-17
3.830000E+03	1.025266E-15	3.602555E-17
3.840000E+03	1.016954E-15	3.556645E-17
3.850000E+03	1.008441E-15	3.510260E-17
3.860000E+03	9.997337E-16	3.463429E-17
3.870000E+03	9.908493E-16	3.416229E-17
3.880000E+03	9.818216E-16	3.368783E-17
3.890000E+03	9.726410E-16	3.321069E-17
3.900000E+03	9.633283E-16	3.273166E-17
3.910000E+03	9.539141E-16	3.225187E-17
3.920000E+03	9.444184E-16	3.177205E-17
3.930000E+03	9.348453E-16	3.129240E-17
3.940000E+03	9.252121E-16	3.081356E-17
3.950000E+03	9.155388E-16	3.033624E-17
3.960000E+03	9.058414E-16	2.986100E-17
3.970000E+03	8.961375E-16	2.938845E-17
3.980000E+03	8.864437E-16	2.891916E-17
3.990000E+03	8.767654E-16	2.845332E-17
4.000000E+03	8.671301E-16	2.799181E-17
4.010000E+03	8.575533E-16	2.753514E-17
4.020000E+03	8.480399E-16	2.708345E-17
4.030000E+03	8.386053E-16	2.663722E-17
4.040000E+03	8.292648E-16	2.619690E-17
4.050000E+03	8.200432E-16	2.576324E-17
4.060000E+03	8.109353E-16	2.533603E-17
4.070000E+03	8.019762E-16	2.491633E-17
4.080000E+03	7.931616E-16	2.450394E-17
4.090000E+03	7.845163E-16	2.409955E-17
4.100000E+03	7.760460E-16	2.370328E-17
4.110000E+03	7.677747E-16	2.331577E-17
4.120000E+03	7.597077E-16	2.293710E-17
4.130000E+03	7.518594E-16	2.256760E-17
4.140000E+03	7.442435E-16	2.220759E-17
4.150000E+03	7.368650E-16	2.185709E-17
4.160000E+03	7.297454E-16	2.151664E-17
4.170000E+03	7.228885E-16	2.118622E-17
4.180000E+03	7.163060E-16	2.086605E-17
4.190000E+03	7.100013E-16	2.055609E-17
4.200000E+03	7.039848E-16	2.025650E-17
4.210000E+03	6.982661E-16	1.996742E-17
4.220000E+03	6.928464E-16	1.968874E-17
4.230000E+03	6.877336E-16	1.942053E-17
4.240000E+03	6.829202E-16	1.916243E-17
4.250000E+03	6.784271E-16	1.891487E-17
4.260000E+03	6.742379E-16	1.867724E-17
4.270000E+03	6.703576E-16	1.844951E-17
4.280000E+03	6.667900E-16	1.823165E-17
4.290000E+03	6.635310E-16	1.802339E-17
4.300000E+03	6.605761E-16	1.782444E-17
4.310000E+03	6.579273E-16	1.763471E-17
4.320000E+03	6.555722E-16	1.745371E-17
4.330000E+03	6.535189E-16	1.728152E-17
4.340000E+03	6.517480E-16	1.711746E-17
4.350000E+03	6.502803E-16	1.696194E-17
4.360000E+03	6.490891E-16	1.681413E-17
4.370000E+03	6.481946E-16	1.667440E-17
4.380000E+03	6.475897E-16	1.654241E-17
4.390000E+03	6.472805E-16	1.641819E-17
4.400000E+03	6.472721E-16	1.630172E-17
4.410000E+03	6.475884E-16	1.619344E-17
4.420000E+03	6.482330E-16	1.609328E-17
4.430000E+03	6.492139E-16	1.600127E-17
4.440000E+03	6.505374E-16	1.591741E-17
4.450000E+03	6.522086E-16	1.584165E-17
4.460000E+03	6.542315E-16	1.577390E-17
4.470000E+03	6.565964E-16	1.571377E-17
4.480000E+03	6.593059E-16	1.566115E-17
4.490000E+03	6.623559E-16	1.561577E-17
4.500000E+03	6.657483E-16	1.557750E-17
4.510000E+03	6.694586E-16	1.554563E-17
4.520000E+03	6.735027E-16	1.552035E-17
4.530000E+03	6.778567E-16	1.550098E-17
4.540000E+03	6.825107E-16	1.548713E-17
4.550000E+03	6.874693E-16	1.547879E-17
4.560000E+03	6.927243E-16	1.547561E-17
4.570000E+03	6.982543E-16	1.547702E-17
4.580000E+03	7.040599E-16	1.548288E-17
4.590000E+03	7.101351E-16	1.549297E-17
4.600000E+03	7.164686E-16	1.550691E-17
4.610000E+03	7.230496E-16	1.552439E-17
4.620000E+03	7.298759E-16	1.554526E-17
4.630000E+03	7.369402E-16	1.556926E-17
4.640000E+03	7.442291E-16	1.559603E-17
4.650000E+03	7.517383E-16	1.562542E-17
4.660000E+03	7.594640E-16	1.565726E-17
4.670000E+03	7.673945E-16	1.569125E-17
4.680000E+03	7.755104E-16	1.572694E-17
4.690000E+03	7.838129E-16	1.576431E-17
4.700000E+03	7.922635E-16	1.580254E-17
4.710000E+03	8.008593E-16	1.584156E-17
4.720000E+03	8.095786E-16	1.588093E-17
4.730000E+03	8.184037E-16	1.592029E-17
4.740000E+03	8.273285E-16	1.595954E-17
4.750000E+03	8.363571E-16	1.599877E-17
4.760000E+03	8.454796E-16	1.603780E-17
4.770000E+03	8.546634E-16	1.607606E-17
4.780000E+03	8.638972E-16	1.611336E-17
4.790000E+03	8.731502E-16	1.614919E-17
4.800000E+03	8.824070E-16	1.618333E-17
4.810000E+03	8.916175E-16	1.621495E-17
4.820000E+03	9.007660E-16	1.624387E-17
4.830000E+03	9.098046E-16	1.626934E-17
4.840000E+03	9.187240E-16	1.629134E-17
4.850000E+03	9.274931E-16	1.630946E-17
4.860000E+03	9.360789E-16	1.632328E-17
4.870000E+03	9.445225E-16	1.633370E-17
4.880000E+03	9.528532E-16	1.634135E-17
4.890000E+03	9.611092E-16	1.634705E-17
4.900000E+03	9.693383E-16	1.635173E-17
4.910000E+03	9.775754E-16	1.635608E-17
4.920000E+03	9.858486E-16	1.636067E-17
4.930000E+03	9.941817E-16	1.636598E-17
4.940000E+03	1.002548E-15	1.637167E-17
4.950000E+03	1.010943E-15	1.637776E-17
4.960000E+03	1.019328E-15	1.638373E-17
4.970000E+03	1.027647E-15	1.638871E-17
4.980000E+03	1.035842E-15	1.639190E-17
4.990000E+03	1.043854E-15	1.639246E-17
5.000000E+03	1.051629E-15	1.638968E-17
5.010000E+03	1.059095E-15	1.638258E-17
5.020000E+03	1.066195E-15	1.637045E-17
5.030000E+03	1.072879E-15	1.635271E-17
5.040000E+03	1.079121E-15	1.632914E-17
5.050000E+03	1.084871E-15	1.629922E-17
5.060000E+03	1.090137E-15	1.626325E-17
5.070000E+03	1.094928E-15	1.622157E-17
5.080000E+03	1.099272E-15	1.617479E-17
5.090000E+03	1.103208E-15	1.612364E-17
5.100000E+03	1.106790E-15	1.606908E-17
5.110000E+03	1.110052E-15	1.601173E-17
5.120000E+03	1.113087E-15	1.595307E-17
5.130000E+03	1.115936E-15	1.589376E-17
5.140000E+03	1.118662E-15	1.583479E-17
5.150000E+03	1.121323E-15	1.577705E-17
5.160000E+03	1.123975E-15	1.572140E-17
5.170000E+03	1.126669E-15	1.566855E-17
5.180000E+03	1.129455E-15	1.561924E-17
5.190000E+03	1.132336E-15	1.557354E-17
5.200000E+03	1.135377E-15	1.553236E-17
5.210000E+03	1.138593E-15	1.549590E-17
5.220000E+03	1.142030E-15	1.546483E-17
5.230000E+03	1.145716E-15	1.543951E-17
5.240000E+03	1.149679E-15	1.542035E-17
5.250000E+03	1.153982E-15	1.540817E-17
5.260000E+03	1.158653E-15	1.540334E-17
5.270000E+03	1.163729E-15	1.540638E-17
5.280000E+03	1.169234E-15	1.541760E-17
5.290000E+03	1.175203E-15	1.543747E-17
5.300000E+03	1.181685E-15	1.546663E-17
5.310000E+03	1.188690E-15	1.550524E-17
5.320000E+03	1.196278E-15	1.555409E-17
5.330000E+03	1.204459E-15	1.561334E-17
5.340000E+03	1.213264E-15	1.568341E-17
5.350000E+03	1.222733E-15	1.576487E-17
5.360000E+03	1.232873E-15	1.585787E-17
5.370000E+03	1.243681E-15	1.596240E-17
5.380000E+03	1.255164E-15	1.607864E-17
5.390000E+03	1.267239E-15	1.620561E-17
5.400000E+03	1.279826E-15	1.634239E-17
5.410000E+03	1.292754E-15	1.648690E-17
5.420000E+03	1.305731E-15	1.663554E-17
5.430000E+03	1.318446E-15	1.678437E-17
5.440000E+03	1.330536E-15	1.692880E-17
5.450000E+03	1.341692E-15	1.706487E-17
5.460000E+03	1.351598E-15	1.718860E-17
5.470000E+03	1.359980E-15	1.729644E-17
5.480000E+03	1.366581E-15	1.738508E-17
5.490000E+03	1.371117E-15	1.745081E-17
5.500000E+03	1.373422E-15	1.749141E-17
5.510000E+03	1.373296E-15	1.750417E-17
5.520000E+03	1.370642E-15	1.748766E-17
5.530000E+03	1.365416E-15	1.744109E-17
5.540000E+03	1.357608E-15	1.736409E-17
5.550000E+03	1.347276E-15	1.725710E-17
5.560000E+03	1.334546E-15	1.712144E-17
5.570000E+03	1.319574E-15	1.695879E-17
5.580000E+03	1.302588E-15	1.677176E-17
5.590000E+03	1.283849E-15	1.656339E-17
5.600000E+03	1.263654E-15	1.633719E-17
5.610000E+03	1.242340E-15	1.609724E-17
5.620000E+03	1.220229E-15	1.584744E-17
5.630000E+03	1.197703E-15	1.559254E-17
5.640000E+03	1.175125E-15	1.533705E-17
5.650000E+03	1.152849E-15	1.508545E-17
5.660000E+03	1.131249E-15	1.484252E-17
5.670000E+03	1.110679E-15	1.461285E-17
5.680000E+03	1.091467E-15	1.440076E-17
5.690000E+03	1.073915E-15	1.421027E-17
5.700000E+03	1.058295E-15	1.404510E-17
5.710000E+03	1.044861E-15	1.390873E-17
5.720000E+03	1.033813E-15	1.380403E-17
5.730000E+03	1.025342E-15	1.373378E-17
5.740000E+03	1.019604E-15	1.370034E-17
5.750000E+03	1.016723E-15	1.370567E-17
5.760000E+03	1.016784E-15	1.375125E-17
5.770000E+03	1.019863E-15	1.383848E-17
5.780000E+03	1.025960E-15	1.396773E-17
5.790000E+03	1.035040E-15	1.413892E-17
5.800000E+03	1.047041E-15	1.435159E-17
5.810000E+03	1.061837E-15	1.460443E-17
5.820000E+03	1.079245E-15	1.489530E-17
5.830000E+03	1.099069E-15	1.522186E-17
5.840000E+03	1.121011E-15	1.558036E-17
5.850000E+03	1.144758E-15	1.596672E-17
5.860000E+03	1.169955E-15	1.637630E-17
5.870000E+03	1.196187E-15	1.680349E-17
5.880000E+03	1.223033E-15	1.724254E-17
5.890000E+03	1.250034E-15	1.768707E-17
5.900000E+03	1.276711E-15	1.813036E-17
5.910000E+03	1.302617E-15	1.856600E-17
5.920000E+03	1.327250E-15	1.898673E-17
5.930000E+03	1.350178E-15	1.938619E-17
5.940000E+03	1.370962E-15	1.975781E-17
5.950000E+03	1.389186E-15	2.009527E-17
5.960000E+03	1.404515E-15	2.039331E-17
5.970000E+03	1.416664E-15	2.064737E-17
5.980000E+03	1.425416E-15	2.085376E-17
5.990000E+03	1.430648E-15	2.101015E-17
6.000000E+03	1.432279E-15	2.111477E-17
6.010000E+03	1.430311E-15	2.116707E-17
6.020000E+03	1.424823E-15	2.116763E-17
6.030000E+03	1.415928E-15	2.111753E-17
6.040000E+03	1.403777E-15	2.101845E-17
6.050000E+03	1.388537E-15	2.087236E-17
6.060000E+03	1.370446E-15	2.068227E-17
6.070000E+03	1.349691E-15	2.045051E-17
6.080000E+03	1.326513E-15	2.018025E-17
6.090000E+03	1.301140E-15	1.987450E-17
6.100000E+03	1.273770E-15	1.953588E-17
6.110000E+03	1.244639E-15	1.916761E-17
6.120000E+03	1.213935E-15	1.877223E-17
6.130000E+03	1.181872E-15	1.835274E-17
6.140000E+03	1.148625E-15	1.791154E-17
6.150000E+03	1.114396E-15	1.745152E-17
6.160000E+03	1.079392E-15	1.697563E-17
6.170000E+03	1.043797E-15	1.648652E-17
6.180000E+03	1.007859E-15	1.598785E-17
6.190000E+03	9.718355E-16	1.548356E-17
6.200000E+03	9.360141E-16	1.497810E-17
6.210000E+03	9.007192E-16	1.447664E-17
6.220000E+03	8.662871E-16	1.398461E-17
6.230000E+03	8.330588E-16	1.350763E-17
6.240000E+03	8.013310E-16	1.305072E-17
6.250000E+03	7.713750E-16	1.261855E-17
6.260000E+03	7.434114E-16	1.221507E-17
6.270000E+03	7.176358E-16	1.184388E-17
6.280000E+03	6.941729E-16	1.150747E-17
6.290000E+03	6.731162E-16	1.120786E-17
6.300000E+03	6.545262E-16	1.094656E-17
6.310000E+03	6.384451E-16	1.072478E-17
6.320000E+03	6.248780E-16	1.054312E-17
6.330000E+03	6.138292E-16	1.040221E-17
6.340000E+03	6.052722E-16	1.030211E-17
6.350000E+03	5.991724E-16	1.024278E-17
6.360000E+03	5.954901E-16	1.022405E-17
6.370000E+03	5.941558E-16	1.024524E-17
6.380000E+03	5.950957E-16	1.030560E-17
6.390000E+03	5.982070E-16	1.040380E-17
6.400000E+03	6.034014E-16	1.053879E-17
6.410000E+03	6.105581E-16	1.070887E-17
6.420000E+03	6.195635E-16	1.091247E-17
6.430000E+03	6.302911E-16	1.114773E-17
6.440000E+03	6.426002E-16	1.141251E-17
6.450000E+03	6.563442E-16	1.170453E-17
6.460000E+03	6.713723E-16	1.202137E-17
6.470000E+03	6.875230E-16	1.236038E-17
6.480000E+03	7.046687E-16	1.271947E-17
6.490000E+03	7.226351E-16	1.309567E-17
6.500000E+03	7.412766E-16	1.348647E-17
6.510000E+03	7.604382E-16	1.388915E-17
6.520000E+03	7.799961E-16	1.430153E-17
6.530000E+03	7.997877E-16	1.472064E-17
6.540000E+03	8.196712E-16	1.514389E-17
6.550000E+03	8.395150E-16	1.556882E-17
6.560000E+03	8.591625E-16	1.599246E-17
6.570000E+03	8.784776E-16	1.641220E-17
6.580000E+03	8.973094E-16	1.682510E-17
6.590000E+03	9.155026E-16	1.722810E-17
6.600000E+03	9.328993E-16	1.761806E-17
6.610000E+03	9.493547E-16	1.799202E-17
6.620000E+03	9.646997E-16	1.834657E-17
6.630000E+03	9.787972E-16	1.867883E-17
6.640000E+03	9.915070E-16	1.898583E-17
6.650000E+03	1.002703E-15	1.926487E-17
6.660000E+03	1.012290E-15	1.951380E-17
6.670000E+03	1.020168E-15	1.973034E-17
6.680000E+03	1.026286E-15	1.991318E-17
6.690000E+03	1.030595E-15	2.006099E-17
6.700000E+03	1.033111E-15	2.017377E-17
6.710000E+03	1.033838E-15	2.025127E-17
6.720000E+03	1.032820E-15	2.029397E-17
6.730000E+03	1.030124E-15	2.030293E-17
6.740000E+03	1.025857E-15	2.027996E-17
6.750000E+03	1.020119E-15	2.022676E-17
6.760000E+03	1.013055E-15	2.014595E-17
6.770000E+03	1.004793E-15	2.003990E-17
6.780000E+03	9.955197E-16	1.991213E-17
6.790000E+03	9.853671E-16	1.976516E-17
6.800000E+03	9.745167E-16	1.960249E-17
6.810000E+03	9.631362E-16	1.942742E-17
6.820000E+03	9.513764E-16	1.924294E-17
6.830000E+03	9.394273E-16	1.905286E-17
6.840000E+03	9.274287E-16	1.886002E-17
6.850000E+03	9.155265E-16	1.866743E-17
6.860000E+03	9.038568E-16	1.847789E-17
6.870000E+03	8.925442E-16	1.829403E-17
6.880000E+03	8.817005E-16	1.811823E-17
6.890000E+03	8.714232E-16	1.795261E-17
6.900000E+03	8.617960E-16	1.779901E-17
6.910000E+03	8.528867E-16	1.765894E-17
6.920000E+03	8.447469E-16	1.753364E-17
6.930000E+03	8.374262E-16	1.742426E-17
6.940000E+03	8.309188E-16	1.733083E-17
6.950000E+03	8.252562E-16	1.725416E-17
6.960000E+03	8.204154E-16	1.719391E-17
6.970000E+03	8.163727E-16	1.714974E-17
6.980000E+03	8.130771E-16	1.712071E-17
6.990000E+03	8.105054E-16	1.710645E-17
7.000000E+03	8.085858E-16	1.710558E-17
7.010000E+03	8.072515E-16	1.711680E-17
7.020000E+03	8.064306E-16	1.713869E-17
7.030000E+03	8.060481E-16	1.716974E-17
7.040000E+03	8.060293E-16	1.720845E-17
7.050000E+03	8.063004E-16	1.725330E-17
7.060000E+03	8.067772E-16	1.730257E-17
7.070000E+03	8.074216E-16	1.735548E-17
7.080000E+03	8.081606E-16	1.741051E-17
7.090000E+03	8.089417E-16	1.746656E-17
7.100000E+03	8.097069E-16	1.752241E-17
7.110000E+03	8.104481E-16	1.757791E-17
7.120000E+03	8.111098E-16	1.763186E-17
7.130000E+03	8.117007E-16	1.768448E-17
7.140000E+03	8.121955E-16	1.773524E-17
7.150000E+03	8.125743E-16	1.778370E-17
7.160000E+03	8.128651E-16	1.783049E-17
7.170000E+03	8.130563E-16	1.787537E-17
7.180000E+03	8.131521E-16	1.791845E-17
7.190000E+03	8.131561E-16	1.795983E-17
7.200000E+03	8.130855E-16	1.799989E-17
7.210000E+03	8.129256E-16	1.803833E-17
7.220000E+03	8.126868E-16	1.807540E-17
7.230000E+03	8.123469E-16	1.811062E-17
7.240000E+03	8.119103E-16	1.814411E-17
7.250000E+03	8.113633E-16	1.817556E-17
7.260000E+03	8.107048E-16	1.820497E-17
7.270000E+03	8.098866E-16	1.823127E-17
7.280000E+03	8.089176E-16	1.825466E-17
7.290000E+03	8.077752E-16	1.827463E-17
7.300000E+03	8.064376E-16	1.829068E-17
7.310000E+03	8.048683E-16	1.830199E-17
7.320000E+03	8.030935E-16	1.830914E-17
7.330000E+03	8.010671E-16	1.831107E-17
7.340000E+03	7.987768E-16	1.830747E-17
7.350000E+03	7.962462E-16	1.829887E-17
7.360000E+03	7.934602E-16	1.828489E-17
7.370000E+03	7.904417E-16	1.826604E-17
7.380000E+03	7.871903E-16	1.824230E-17
7.390000E+03	7.837268E-16	1.821411E-17
7.400000E+03	7.800924E-16	1.818242E-17
7.410000E+03	7.763174E-16	1.814792E-17
7.420000E+03	7.724185E-16	1.811099E-17
7.430000E+03	7.684280E-16	1.807237E-17
7.440000E+03	7.643765E-16	1.803279E-17
7.450000E+03	7.602875E-16	1.799280E-17
7.460000E+03	7.561901E-16	1.795310E-17
7.470000E+03	7.520607E-16	1.791313E-17
7.480000E+03	7.479162E-16	1.787331E-17
7.490000E+03	7.437551E-16	1.783360E-17
7.500000E+03	7.395734E-16	1.779390E-17
7.510000E+03	7.353360E-16	1.775339E-17
7.520000E+03	7.310659E-16	1.771261E-17
7.530000E+03	7.267260E-16	1.767063E-17
7.540000E+03	7.223237E-16	1.762758E-17
7.550000E+03	7.178365E-16	1.758287E-17
7.560000E+03	7.132565E-16	1.753621E-17
7.570000E+03	7.085750E-16	1.748735E-17
7.580000E+03	7.037676E-16	1.743559E-17
7.590000E+03	6.988386E-16	1.738097E-17
7.600000E+03	6.937493E-16	1.732245E-17
7.610000E+03	6.885190E-16	1.726041E-17
7.620000E+03	6.831117E-16	1.719388E-17
7.630000E+03	6.775365E-16	1.712297E-17
7.640000E+03	6.717915E-16	1.704756E-17
7.650000E+03	6.658670E-16	1.696729E-17
7.660000E+03	6.597889E-16	1.688273E-17
7.670000E+03	6.535443E-16	1.679345E-17
7.680000E+03	6.471914E-16	1.670086E-17
7.690000E+03	6.407061E-16	1.660426E-17
7.700000E+03	6.341330E-16	1.650472E-17
7.710000E+03	6.274616E-16	1.640189E-17
7.720000E+03	6.207342E-16	1.629681E-17
7.730000E+03	6.139517E-16	1.618944E-17
7.740000E+03	6.071275E-16	1.608008E-17
7.750000E+03	6.002857E-16	1.596932E-17
7.760000E+03	5.934107E-16	1.585669E-17
7.770000E+03	5.865367E-16	1.574306E-17
7.780000E+03	5.796583E-16	1.562825E-17
7.790000E+03	5.727813E-16	1.551238E-17
7.800000E+03	5.659107E-16	1.539554E-17
7.810000E+03	5.590632E-16	1.527817E-17
7.820000E+03	5.522298E-16	1.515999E-17
7.830000E+03	5.454138E-16	1.504106E-17
7.840000E+03	5.386298E-16	1.492177E-17
7.850000E+03	5.318687E-16	1.480184E-17
7.860000E+03	5.251450E-16	1.468165E-17
7.870000E+03	5.184610E-16	1.456126E-17
7.880000E+03	5.118078E-16	1.444040E-17
7.890000E+03	5.052104E-16	1.431976E-17
7.900000E+03	4.986598E-16	1.419909E-17
7.910000E+03	4.921584E-16	1.407844E-17
7.920000E+03	4.857193E-16	1.395819E-17
7.930000E+03	4.793448E-16	1.383840E-17
7.940000E+03	4.730472E-16	1.371944E-17
7.950000E+03	4.668177E-16	1.360105E-17
7.960000E+03	4.606791E-16	1.348391E-17
7.970000E+03	4.546328E-16	1.336808E-17
7.980000E+03	4.486697E-16	1.325331E-17
7.990000E+03	4.428018E-16	1.313996E-17
8.000000E+03	4.370206E-16	1.302780E-17
8.010000E+03	4.313183E-16	1.291663E-17
8.020000E+03	4.256969E-16	1.280651E-17
8.030000E+03	4.201584E-16	1.269753E-17
8.040000E+03	4.146948E-16	1.258946E-17
8.050000E+03	4.093174E-16	1.248266E-17
8.060000E+03	4.040089E-16	1.237662E-17
8.070000E+03	3.987892E-16	1.227197E-17
8.080000E+03	3.936412E-16	1.216822E-17
8.090000E+03	3.885748E-16	1.206567E-17
8.100000E+03	3.835821E-16	1.196412E-17
8.110000E+03	3.786639E-16	1.186360E-17
8.120000E+03	3.738296E-16	1.176443E-17
8.130000E+03	3.690796E-16	1.166666E-17
8.140000E+03	3.643967E-16	1.156976E-17
8.150000E+03	3.597900E-16	1.147403E-17
8.160000E+03	3.552680E-16	1.137979E-17
8.170000E+03	3.508220E-16	1.128676E-17
8.180000E+03	3.464438E-16	1.119473E-17
8.190000E+03	3.421415E-16	1.110396E-17
8.200000E+03	3.379147E-16	1.101447E-17
8.210000E+03	3.337629E-16	1.092628E-17
8.220000E+03	3.296856E-16	1.083939E-17
8.230000E+03	3.256746E-16	1.075355E-17
8.240000E+03	3.217292E-16	1.066877E-17
8.250000E+03	3.178567E-16	1.058531E-17
8.260000E+03	3.140562E-16	1.050317E-17
8.270000E+03	3.103119E-16	1.042185E-17
8.280000E+03	3.066383E-16	1.034185E-17
8.290000E+03	3.030269E-16	1.026291E-17
8.300000E+03	2.994699E-16	1.018479E-17
8.310000E+03	2.959809E-16	1.010797E-17
8.320000E+03	2.925519E-16	1.003221E-17
8.330000E+03	2.891752E-16	9.957261E-18
8.340000E+03	2.858567E-16	9.883351E-18
8.350000E+03	2.825888E-16	9.810235E-18
8.360000E+03	2.793776E-16	9.738145E-18
8.370000E+03	2.762154E-16	9.666836E-18
8.380000E+03	2.731082E-16	9.596537E-18
8.390000E+03	2.700417E-16	9.526763E-18
8.400000E+03	2.670285E-16	9.457980E-18
8.410000E+03	2.640613E-16	9.389945E-18
8.420000E+03	2.611325E-16	9.322407E-18
8.430000E+03	2.582545E-16	9.255826E-18
8.440000E+03	2.554136E-16	9.189733E-18
8.450000E+03	2.526092E-16	9.124115E-18
8.460000E+03	2.498531E-16	9.059414E-18
8.470000E+03	2.471257E-16	8.994945E-18
8.480000E+03	2.444390E-16	8.931148E-18
8.490000E+03	2.417858E-16	8.867785E-18
8.500000E+03	2.391658E-16	8.804851E-18
8.510000E+03	2.365839E-16	8.742546E-18
8.520000E+03	2.340279E-16	8.680429E-18
8.530000E+03	2.315029E-16	8.618704E-18
8.540000E+03	2.290142E-16	8.557580E-18
8.550000E+03	2.265493E-16	8.496606E-18
8.560000E+03	2.241078E-16	8.435777E-18
8.570000E+03	2.217006E-16	8.375514E-18
8.580000E+03	2.193156E-16	8.315371E-18
8.590000E+03	2.169578E-16	8.255551E-18
8.600000E+03	2.146212E-16	8.195837E-18
8.610000E+03	2.123107E-16	8.136419E-18
8.620000E+03	2.100257E-16	8.077297E-18
8.630000E+03	2.077601E-16	8.018239E-18
8.640000E+03	2.055135E-16	7.959241E-18
8.650000E+03	2.032961E-16	7.900704E-18
8.660000E+03	2.010965E-16	7.842203E-18
8.670000E+03	1.989195E-16	7.783934E-18
8.680000E+03	1.967595E-16	7.725677E-18
8.690000E+03	1.946261E-16	7.667832E-18
8.700000E+03	1.925138E-16	7.610183E-18
8.710000E+03	1.904166E-16	7.552507E-18
8.720000E+03	1.883496E-16	7.495410E-18
8.730000E+03	1.862967E-16	7.438266E-18
8.740000E+03	1.842728E-16	7.381677E-18
8.750000E+03	1.822671E-16	7.325217E-18
8.760000E+03	1.802839E-16	7.269077E-18
8.770000E+03	1.783278E-16	7.213446E-18
8.780000E+03	1.763982E-16	7.158314E-18
8.790000E+03	1.744894E-16	7.103460E-18
8.800000E+03	1.726107E-16	7.049279E-18
8.810000E+03	1.707565E-16	6.995549E-18
8.820000E+03	1.689312E-16	6.942463E-18
8.830000E+03	1.671340E-16	6.890002E-18
8.840000E+03	1.653692E-16	6.838353E-18
8.850000E+03	1.636311E-16	6.787297E-18
8.860000E+03	1.619193E-16	6.736831E-18
8.870000E+03	1.602378E-16	6.687130E-18
8.880000E+03	1.585861E-16	6.638183E-18
8.890000E+03	1.569634E-16	6.589975E-18
8.900000E+03	1.553644E-16	6.542296E-18
8.910000E+03	1.537887E-16	6.495133E-18
8.920000E+03	1.522402E-16	6.448670E-18
8.930000E+03	1.507091E-16	6.402496E-18
8.940000E+03	1.491996E-16	6.356799E-18
8.950000E+03	1.477112E-16	6.311570E-18
8.960000E+03	1.462388E-16	6.266599E-18
8.970000E+03	1.447865E-16	6.222067E-18
8.980000E+03	1.433494E-16	6.177774E-18
8.990000E+03	1.419269E-16	6.133701E-18
9.000000E+03	1.405186E-16	6.089839E-18
9.040000E+03	1.350298E-16	5.916719E-18
9.080000E+03	1.297390E-16	5.746195E-18
9.120000E+03	1.246324E-16	5.578036E-18
9.160000E+03	1.197111E-16	5.412640E-18
9.200000E+03	1.149673E-16	5.250014E-18
9.240000E+03	1.104077E-16	5.090808E-18
9.280000E+03	1.060354E-16	4.935495E-18
9.320000E+03	1.018541E-16	4.784601E-18
9.360000E+03	9.785603E-17	4.638091E-18
9.400000E+03	9.405136E-17	4.496769E-18
9.440000E+03	9.043443E-17	4.360688E-18
9.480000E+03	8.699665E-17	4.229741E-18
9.520000E+03	8.373887E-17	4.104262E-18
9.560000E+03	8.065886E-17	3.984427E-18
9.600000E+03	7.774717E-17	3.870039E-18
9.640000E+03	7.499950E-17	3.761142E-18
9.680000E+03	7.240418E-17	3.657390E-18
9.720000E+03	6.996284E-17	3.559091E-18
9.760000E+03	6.766552E-17	3.465957E-18
9.800000E+03	6.550294E-17	3.377712E-18
9.840000E+03	6.347485E-17	3.294531E-18
9.880000E+03	6.156908E-17	3.215959E-18
9.920000E+03	5.977814E-17	3.141768E-18
9.960000E+03	5.810342E-17	3.072181E-18
1.000000E+04	5.652994E-17	3.006552E-18
1.004000E+04	5.505566E-17	2.944900E-18
1.008000E+04	5.367899E-17	2.887261E-18
1.012000E+04	5.239004E-17	2.833221E-18
1.016000E+04	5.118343E-17	2.782592E-18
1.020000E+04	5.005830E-17	2.735423E-18
1.024000E+04	4.900973E-17	2.691537E-18
1.028000E+04	4.802846E-17	2.650511E-18
1.032000E+04	4.711418E-17	2.612401E-18
