#wls	flux	fluxerr
1.600000E+03	1.797141E-16	6.721650E-18
1.640000E+03	1.823596E-16	6.801985E-18
1.680000E+03	1.850164E-16	6.881726E-18
1.720000E+03	1.877482E-16	6.963195E-18
1.760000E+03	1.904808E-16	7.043601E-18
1.800000E+03	1.932788E-16	7.125285E-18
1.840000E+03	1.961369E-16	7.208003E-18
1.880000E+03	1.990498E-16	7.291501E-18
1.920000E+03	2.020849E-16	7.378189E-18
1.960000E+03	2.051626E-16	7.465086E-18
2.000000E+03	2.083881E-16	7.555955E-18
2.040000E+03	2.117558E-16	7.650493E-18
2.080000E+03	2.152197E-16	7.746950E-18
2.120000E+03	2.188871E-16	7.849087E-18
2.160000E+03	2.227105E-16	7.955080E-18
2.200000E+03	2.267182E-16	8.065826E-18
2.240000E+03	2.308978E-16	8.180751E-18
2.280000E+03	2.351947E-16	8.297797E-18
2.320000E+03	2.396718E-16	8.419070E-18
2.360000E+03	2.442297E-16	8.540949E-18
2.400000E+03	2.488863E-16	8.663963E-18
2.440000E+03	2.535771E-16	8.785763E-18
2.480000E+03	2.582752E-16	8.905348E-18
2.520000E+03	2.629109E-16	9.020258E-18
2.560000E+03	2.674942E-16	9.130801E-18
2.600000E+03	2.719922E-16	9.235825E-18
2.640000E+03	2.763303E-16	9.332796E-18
2.680000E+03	2.805132E-16	9.421898E-18
2.720000E+03	2.844645E-16	9.500603E-18
2.760000E+03	2.881476E-16	9.567775E-18
2.800000E+03	2.915257E-16	9.622303E-18
2.840000E+03	2.945628E-16	9.663136E-18
2.880000E+03	2.971477E-16	9.686811E-18
2.920000E+03	2.992873E-16	9.693793E-18
2.960000E+03	3.009520E-16	9.683379E-18
3.000000E+03	3.021871E-16	9.657292E-18
3.010000E+03	3.024310E-16	9.648425E-18
3.020000E+03	3.026659E-16	9.639166E-18
3.030000E+03	3.028911E-16	9.629496E-18
3.040000E+03	3.030705E-16	9.618270E-18
3.050000E+03	3.032042E-16	9.605499E-18
3.060000E+03	3.033617E-16	9.593389E-18
3.070000E+03	3.034725E-16	9.579708E-18
3.080000E+03	3.036053E-16	9.566631E-18
3.090000E+03	3.036906E-16	9.551964E-18
3.100000E+03	3.037622E-16	9.536781E-18
3.110000E+03	3.038194E-16	9.521064E-18
3.120000E+03	3.038617E-16	9.504794E-18
3.130000E+03	3.038885E-16	9.487960E-18
3.140000E+03	3.039324E-16	9.471575E-18
3.150000E+03	3.039262E-16	9.453550E-18
3.160000E+03	3.039354E-16	9.435927E-18
3.170000E+03	3.039587E-16	9.418663E-18
3.180000E+03	3.039628E-16	9.400725E-18
3.190000E+03	3.039791E-16	9.383083E-18
3.200000E+03	3.039745E-16	9.364720E-18
3.210000E+03	3.040117E-16	9.347566E-18
3.220000E+03	3.040261E-16	9.329630E-18
3.230000E+03	3.040483E-16	9.311853E-18
3.240000E+03	3.040771E-16	9.294201E-18
3.250000E+03	3.041419E-16	9.277565E-18
3.260000E+03	3.042105E-16	9.260961E-18
3.270000E+03	3.042817E-16	9.244351E-18
3.280000E+03	3.043842E-16	9.228604E-18
3.290000E+03	3.045162E-16	9.213660E-18
3.300000E+03	3.046758E-16	9.199458E-18
3.310000E+03	3.048611E-16	9.185931E-18
3.320000E+03	3.050991E-16	9.173893E-18
3.330000E+03	3.053586E-16	9.162394E-18
3.340000E+03	3.056378E-16	9.151376E-18
3.350000E+03	3.059630E-16	9.141620E-18
3.360000E+03	3.063596E-16	9.133875E-18
3.370000E+03	3.067688E-16	9.126381E-18
3.380000E+03	3.072437E-16	9.120710E-18
3.390000E+03	3.077540E-16	9.115949E-18
3.400000E+03	3.083507E-16	9.113604E-18
3.410000E+03	3.089768E-16	9.111970E-18
3.420000E+03	3.096824E-16	9.112520E-18
3.430000E+03	3.104375E-16	9.114358E-18
3.440000E+03	3.112647E-16	9.118132E-18
3.450000E+03	3.121600E-16	9.123717E-18
3.460000E+03	3.131198E-16	9.130987E-18
3.470000E+03	3.141652E-16	9.140546E-18
3.480000E+03	3.152666E-16	9.151520E-18
3.490000E+03	3.164450E-16	9.164501E-18
3.500000E+03	3.176960E-16	9.179346E-18
3.510000E+03	3.190389E-16	9.196602E-18
3.520000E+03	3.204451E-16	9.215419E-18
3.530000E+03	3.219336E-16	9.236336E-18
3.540000E+03	3.234994E-16	9.259189E-18
3.550000E+03	3.251377E-16	9.283825E-18
3.560000E+03	3.268661E-16	9.310734E-18
3.570000E+03	3.286570E-16	9.339105E-18
3.580000E+03	3.305277E-16	9.369417E-18
3.590000E+03	3.324510E-16	9.400887E-18
3.600000E+03	3.344656E-16	9.434593E-18
3.610000E+03	3.365442E-16	9.469750E-18
3.620000E+03	3.386820E-16	9.506204E-18
3.630000E+03	3.408741E-16	9.543807E-18
3.640000E+03	3.431361E-16	9.582983E-18
3.650000E+03	3.454424E-16	9.623001E-18
3.660000E+03	3.477885E-16	9.663731E-18
3.670000E+03	3.502095E-16	9.706132E-18
3.680000E+03	3.526606E-16	9.748952E-18
3.690000E+03	3.551378E-16	9.792070E-18
3.700000E+03	3.576750E-16	9.836416E-18
3.710000E+03	3.602295E-16	9.880802E-18
3.720000E+03	3.628158E-16	9.925625E-18
3.730000E+03	3.654118E-16	9.970267E-18
3.740000E+03	3.680318E-16	1.001512E-17
3.750000E+03	3.706720E-16	1.006008E-17
3.760000E+03	3.733284E-16	1.010502E-17
3.770000E+03	3.759802E-16	1.014939E-17
3.780000E+03	3.786415E-16	1.019356E-17
3.790000E+03	3.812922E-16	1.023699E-17
3.800000E+03	3.839464E-16	1.028006E-17
3.810000E+03	3.865847E-16	1.032225E-17
3.820000E+03	3.892046E-16	1.036350E-17
3.830000E+03	3.918044E-16	1.040376E-17
3.840000E+03	3.943819E-16	1.044300E-17
3.850000E+03	3.969355E-16	1.048116E-17
3.860000E+03	3.994483E-16	1.051780E-17
3.870000E+03	4.019495E-16	1.055371E-17
3.880000E+03	4.043925E-16	1.058767E-17
3.890000E+03	4.068069E-16	1.062045E-17
3.900000E+03	4.091771E-16	1.065167E-17
3.910000E+03	4.114885E-16	1.068096E-17
3.920000E+03	4.137698E-16	1.070907E-17
3.930000E+03	4.159787E-16	1.073491E-17
3.940000E+03	4.181440E-16	1.075925E-17
3.950000E+03	4.202523E-16	1.078176E-17
3.960000E+03	4.223049E-16	1.080247E-17
3.970000E+03	4.242895E-16	1.082110E-17
3.980000E+03	4.262080E-16	1.083771E-17
3.990000E+03	4.280753E-16	1.085268E-17
4.000000E+03	4.298677E-16	1.086543E-17
4.010000E+03	4.315879E-16	1.087606E-17
4.020000E+03	4.332512E-16	1.088496E-17
4.030000E+03	4.348482E-16	1.089191E-17
4.040000E+03	4.363821E-16	1.089702E-17
4.050000E+03	4.378447E-16	1.090008E-17
4.060000E+03	4.392400E-16	1.090123E-17
4.070000E+03	4.405726E-16	1.090059E-17
4.080000E+03	4.418466E-16	1.089827E-17
4.090000E+03	4.430556E-16	1.089415E-17
4.100000E+03	4.442046E-16	1.088835E-17
4.110000E+03	4.452985E-16	1.088101E-17
4.120000E+03	4.463320E-16	1.087202E-17
4.130000E+03	4.473208E-16	1.086179E-17
4.140000E+03	4.482596E-16	1.085018E-17
4.150000E+03	4.491435E-16	1.083710E-17
4.160000E+03	4.499881E-16	1.082294E-17
4.170000E+03	4.507887E-16	1.080760E-17
4.180000E+03	4.515604E-16	1.079145E-17
4.190000E+03	4.522888E-16	1.077416E-17
4.200000E+03	4.529893E-16	1.075611E-17
4.210000E+03	4.536575E-16	1.073720E-17
4.220000E+03	4.543082E-16	1.071780E-17
4.230000E+03	4.549282E-16	1.069759E-17
4.240000E+03	4.555411E-16	1.067716E-17
4.250000E+03	4.561342E-16	1.065619E-17
4.260000E+03	4.567216E-16	1.063503E-17
4.270000E+03	4.573084E-16	1.061381E-17
4.280000E+03	4.578821E-16	1.059223E-17
4.290000E+03	4.584654E-16	1.057083E-17
4.300000E+03	4.590631E-16	1.054972E-17
4.310000E+03	4.596630E-16	1.052862E-17
4.320000E+03	4.602791E-16	1.050786E-17
4.330000E+03	4.609166E-16	1.048755E-17
4.340000E+03	4.615730E-16	1.046763E-17
4.350000E+03	4.622622E-16	1.044843E-17
4.360000E+03	4.629905E-16	1.043007E-17
4.370000E+03	4.637567E-16	1.041253E-17
4.380000E+03	4.645683E-16	1.039598E-17
4.390000E+03	4.654255E-16	1.038041E-17
4.400000E+03	4.663525E-16	1.036635E-17
4.410000E+03	4.673427E-16	1.035365E-17
4.420000E+03	4.684056E-16	1.034250E-17
4.430000E+03	4.695480E-16	1.033305E-17
4.440000E+03	4.707718E-16	1.032533E-17
4.450000E+03	4.720781E-16	1.031935E-17
4.460000E+03	4.734536E-16	1.031481E-17
4.470000E+03	4.749075E-16	1.031189E-17
4.480000E+03	4.764492E-16	1.031079E-17
4.490000E+03	4.780664E-16	1.031122E-17
4.500000E+03	4.797763E-16	1.031356E-17
4.510000E+03	4.815676E-16	1.031753E-17
4.520000E+03	4.834509E-16	1.032335E-17
4.530000E+03	4.854295E-16	1.033108E-17
4.540000E+03	4.875004E-16	1.034063E-17
4.550000E+03	4.896674E-16	1.035208E-17
4.560000E+03	4.919346E-16	1.036549E-17
4.570000E+03	4.943066E-16	1.038095E-17
4.580000E+03	4.967811E-16	1.039838E-17
4.590000E+03	4.993700E-16	1.041803E-17
4.600000E+03	5.020653E-16	1.043971E-17
4.610000E+03	5.048867E-16	1.046381E-17
4.620000E+03	5.078203E-16	1.049003E-17
4.630000E+03	5.108939E-16	1.051891E-17
4.640000E+03	5.140946E-16	1.055019E-17
4.650000E+03	5.174305E-16	1.058400E-17
4.660000E+03	5.209234E-16	1.062077E-17
4.670000E+03	5.245607E-16	1.066021E-17
4.680000E+03	5.283565E-16	1.070261E-17
4.690000E+03	5.323237E-16	1.074818E-17
4.700000E+03	5.364536E-16	1.079675E-17
4.710000E+03	5.407493E-16	1.084833E-17
4.720000E+03	5.452183E-16	1.090308E-17
4.730000E+03	5.498529E-16	1.096080E-17
4.740000E+03	5.546562E-16	1.102154E-17
4.750000E+03	5.596220E-16	1.108515E-17
4.760000E+03	5.647421E-16	1.115146E-17
4.770000E+03	5.700054E-16	1.122024E-17
4.780000E+03	5.754131E-16	1.129148E-17
4.790000E+03	5.809505E-16	1.136490E-17
4.800000E+03	5.866021E-16	1.144019E-17
4.810000E+03	5.923441E-16	1.151686E-17
4.820000E+03	5.981598E-16	1.159460E-17
4.830000E+03	6.040177E-16	1.167280E-17
4.840000E+03	6.099158E-16	1.175143E-17
4.850000E+03	6.158242E-16	1.182993E-17
4.860000E+03	6.217293E-16	1.190806E-17
4.870000E+03	6.276429E-16	1.198605E-17
4.880000E+03	6.335554E-16	1.206373E-17
4.890000E+03	6.394728E-16	1.214125E-17
4.900000E+03	6.454149E-16	1.221899E-17
4.910000E+03	6.513778E-16	1.229690E-17
4.920000E+03	6.573616E-16	1.237498E-17
4.930000E+03	6.633700E-16	1.245334E-17
4.940000E+03	6.693941E-16	1.253181E-17
4.950000E+03	6.754113E-16	1.260999E-17
4.960000E+03	6.814149E-16	1.268777E-17
4.970000E+03	6.873760E-16	1.276464E-17
4.980000E+03	6.932508E-16	1.283981E-17
4.990000E+03	6.990047E-16	1.291264E-17
5.000000E+03	7.045907E-16	1.298232E-17
5.010000E+03	7.099668E-16	1.304809E-17
5.020000E+03	7.150846E-16	1.310912E-17
5.030000E+03	7.198907E-16	1.316448E-17
5.040000E+03	7.243627E-16	1.321380E-17
5.050000E+03	7.284564E-16	1.325634E-17
5.060000E+03	7.321717E-16	1.329215E-17
5.070000E+03	7.355056E-16	1.332124E-17
5.080000E+03	7.384609E-16	1.334372E-17
5.090000E+03	7.410684E-16	1.336019E-17
5.100000E+03	7.433696E-16	1.337144E-17
5.110000E+03	7.453890E-16	1.337797E-17
5.120000E+03	7.471875E-16	1.338090E-17
5.130000E+03	7.488035E-16	1.338094E-17
5.140000E+03	7.502896E-16	1.337906E-17
5.150000E+03	7.516801E-16	1.337589E-17
5.160000E+03	7.530202E-16	1.337225E-17
5.170000E+03	7.543426E-16	1.336872E-17
5.180000E+03	7.556761E-16	1.336582E-17
5.190000E+03	7.570450E-16	1.336399E-17
5.200000E+03	7.584710E-16	1.336360E-17
5.210000E+03	7.599741E-16	1.336500E-17
5.220000E+03	7.615730E-16	1.336853E-17
5.230000E+03	7.632942E-16	1.337463E-17
5.240000E+03	7.651400E-16	1.338335E-17
5.250000E+03	7.671449E-16	1.339528E-17
5.260000E+03	7.693271E-16	1.341074E-17
5.270000E+03	7.716885E-16	1.342974E-17
5.280000E+03	7.742620E-16	1.345285E-17
5.290000E+03	7.770634E-16	1.348033E-17
5.300000E+03	7.800988E-16	1.351228E-17
5.310000E+03	7.833804E-16	1.354890E-17
5.320000E+03	7.869264E-16	1.359050E-17
5.330000E+03	7.907372E-16	1.363707E-17
5.340000E+03	7.948271E-16	1.368885E-17
5.350000E+03	7.991912E-16	1.374576E-17
5.360000E+03	8.038382E-16	1.380793E-17
5.370000E+03	8.087553E-16	1.387513E-17
5.380000E+03	8.139398E-16	1.394733E-17
5.390000E+03	8.193630E-16	1.402402E-17
5.400000E+03	8.249995E-16	1.410478E-17
5.410000E+03	8.307851E-16	1.418851E-17
5.420000E+03	8.366011E-16	1.427319E-17
5.430000E+03	8.423263E-16	1.435676E-17
5.440000E+03	8.478106E-16	1.443666E-17
5.450000E+03	8.529221E-16	1.451067E-17
5.460000E+03	8.574911E-16	1.457593E-17
5.470000E+03	8.613653E-16	1.462986E-17
5.480000E+03	8.644139E-16	1.467028E-17
5.490000E+03	8.664783E-16	1.469453E-17
5.500000E+03	8.674365E-16	1.470057E-17
5.510000E+03	8.671725E-16	1.468647E-17
5.520000E+03	8.655880E-16	1.465060E-17
5.530000E+03	8.625989E-16	1.459156E-17
5.540000E+03	8.581659E-16	1.450872E-17
5.550000E+03	8.522638E-16	1.440168E-17
5.560000E+03	8.449372E-16	1.427120E-17
5.570000E+03	8.362182E-16	1.411784E-17
5.580000E+03	8.262207E-16	1.394353E-17
5.590000E+03	8.150721E-16	1.375042E-17
5.600000E+03	8.029512E-16	1.354152E-17
5.610000E+03	7.900506E-16	1.332007E-17
5.620000E+03	7.766013E-16	1.308993E-17
5.630000E+03	7.628335E-16	1.285498E-17
5.640000E+03	7.489993E-16	1.261942E-17
5.650000E+03	7.353352E-16	1.238723E-17
5.660000E+03	7.220853E-16	1.216247E-17
5.670000E+03	7.094667E-16	1.194878E-17
5.680000E+03	6.976954E-16	1.174977E-17
5.690000E+03	6.869611E-16	1.156860E-17
5.700000E+03	6.774198E-16	1.140788E-17
5.710000E+03	6.692400E-16	1.127043E-17
5.720000E+03	6.625281E-16	1.115803E-17
5.730000E+03	6.574018E-16	1.107265E-17
5.740000E+03	6.539436E-16	1.101567E-17
5.750000E+03	6.522079E-16	1.098802E-17
5.760000E+03	6.522351E-16	1.099038E-17
5.770000E+03	6.540450E-16	1.102310E-17
5.780000E+03	6.576438E-16	1.108630E-17
5.790000E+03	6.629973E-16	1.117942E-17
5.800000E+03	6.700753E-16	1.130199E-17
5.810000E+03	6.788039E-16	1.145279E-17
5.820000E+03	6.890834E-16	1.163018E-17
5.830000E+03	7.008054E-16	1.183236E-17
5.840000E+03	7.138049E-16	1.205659E-17
5.850000E+03	7.279058E-16	1.229994E-17
5.860000E+03	7.428949E-16	1.255883E-17
5.870000E+03	7.585220E-16	1.282909E-17
5.880000E+03	7.745174E-16	1.310618E-17
5.890000E+03	7.905975E-16	1.338532E-17
5.900000E+03	8.064474E-16	1.366122E-17
5.910000E+03	8.217519E-16	1.392854E-17
5.920000E+03	8.361963E-16	1.418194E-17
5.930000E+03	8.494772E-16	1.441628E-17
5.940000E+03	8.613121E-16	1.462673E-17
5.950000E+03	8.714330E-16	1.480870E-17
5.960000E+03	8.796539E-16	1.495900E-17
5.970000E+03	8.857860E-16	1.507435E-17
5.980000E+03	8.897263E-16	1.515292E-17
5.990000E+03	8.914184E-16	1.519368E-17
6.000000E+03	8.908593E-16	1.519649E-17
6.010000E+03	8.880792E-16	1.516177E-17
6.020000E+03	8.831873E-16	1.509129E-17
6.030000E+03	8.763038E-16	1.498701E-17
6.040000E+03	8.675776E-16	1.485138E-17
6.050000E+03	8.571853E-16	1.468732E-17
6.060000E+03	8.453148E-16	1.449797E-17
6.070000E+03	8.321491E-16	1.428638E-17
6.080000E+03	8.178849E-16	1.405584E-17
6.090000E+03	8.026877E-16	1.380914E-17
6.100000E+03	7.867292E-16	1.354915E-17
6.110000E+03	7.701686E-16	1.327857E-17
6.120000E+03	7.531462E-16	1.299975E-17
6.130000E+03	7.357901E-16	1.271486E-17
6.140000E+03	7.182254E-16	1.242601E-17
6.150000E+03	7.005599E-16	1.213506E-17
6.160000E+03	6.828936E-16	1.184367E-17
6.170000E+03	6.653129E-16	1.155333E-17
6.180000E+03	6.479059E-16	1.126553E-17
6.190000E+03	6.307565E-16	1.098171E-17
6.200000E+03	6.139582E-16	1.070349E-17
6.210000E+03	5.975980E-16	1.043239E-17
6.220000E+03	5.817756E-16	1.017015E-17
6.230000E+03	5.665816E-16	9.918372E-18
6.240000E+03	5.520965E-16	9.678485E-18
6.250000E+03	5.384015E-16	9.451945E-18
6.260000E+03	5.255718E-16	9.240111E-18
6.270000E+03	5.136755E-16	9.044231E-18
6.280000E+03	5.027630E-16	8.865246E-18
6.290000E+03	4.928972E-16	8.704328E-18
6.300000E+03	4.841114E-16	8.562136E-18
6.310000E+03	4.764346E-16	8.439254E-18
6.320000E+03	4.698948E-16	8.336260E-18
6.330000E+03	4.644948E-16	8.253283E-18
6.340000E+03	4.602402E-16	8.190511E-18
6.350000E+03	4.571112E-16	8.147676E-18
6.360000E+03	4.550869E-16	8.124495E-18
6.370000E+03	4.541361E-16	8.120497E-18
6.380000E+03	4.542090E-16	8.134876E-18
6.390000E+03	4.552566E-16	8.166839E-18
6.400000E+03	4.572222E-16	8.215447E-18
6.410000E+03	4.600374E-16	8.279546E-18
6.420000E+03	4.636277E-16	8.357866E-18
6.430000E+03	4.679175E-16	8.449108E-18
6.440000E+03	4.728222E-16	8.551803E-18
6.450000E+03	4.782637E-16	8.664591E-18
6.460000E+03	4.841522E-16	8.785887E-18
6.470000E+03	4.904023E-16	8.914179E-18
6.480000E+03	4.969299E-16	9.047966E-18
6.490000E+03	5.036589E-16	9.185887E-18
6.500000E+03	5.105068E-16	9.326450E-18
6.510000E+03	5.173850E-16	9.468045E-18
6.520000E+03	5.242159E-16	9.609250E-18
6.530000E+03	5.309390E-16	9.748950E-18
6.540000E+03	5.374888E-16	9.885929E-18
6.550000E+03	5.438051E-16	1.001906E-17
6.560000E+03	5.498503E-16	1.014762E-17
6.570000E+03	5.555725E-16	1.027064E-17
6.580000E+03	5.609283E-16	1.038726E-17
6.590000E+03	5.658758E-16	1.049669E-17
6.600000E+03	5.703800E-16	1.059822E-17
6.610000E+03	5.744002E-16	1.069107E-17
6.620000E+03	5.778960E-16	1.077442E-17
6.630000E+03	5.808351E-16	1.084762E-17
6.640000E+03	5.831678E-16	1.090970E-17
6.650000E+03	5.848813E-16	1.096034E-17
6.660000E+03	5.859360E-16	1.099875E-17
6.670000E+03	5.863190E-16	1.102462E-17
6.680000E+03	5.860267E-16	1.103782E-17
6.690000E+03	5.850518E-16	1.103814E-17
6.700000E+03	5.834113E-16	1.102584E-17
6.710000E+03	5.811190E-16	1.100111E-17
6.720000E+03	5.782195E-16	1.096474E-17
6.730000E+03	5.747474E-16	1.091732E-17
6.740000E+03	5.707524E-16	1.085974E-17
6.750000E+03	5.662921E-16	1.079306E-17
6.760000E+03	5.614370E-16	1.071857E-17
6.770000E+03	5.562557E-16	1.063755E-17
6.780000E+03	5.508145E-16	1.055122E-17
6.790000E+03	5.452004E-16	1.046125E-17
6.800000E+03	5.394825E-16	1.036894E-17
6.810000E+03	5.337294E-16	1.027559E-17
6.820000E+03	5.280335E-16	1.018299E-17
6.830000E+03	5.224466E-16	1.009215E-17
6.840000E+03	5.170490E-16	1.000463E-17
6.850000E+03	5.118975E-16	9.921545E-18
6.860000E+03	5.070628E-16	9.844299E-18
6.870000E+03	5.025799E-16	9.773599E-18
6.880000E+03	4.985139E-16	9.710752E-18
6.890000E+03	4.948938E-16	9.656364E-18
6.900000E+03	4.917599E-16	9.611268E-18
6.910000E+03	4.891399E-16	9.576052E-18
6.920000E+03	4.870481E-16	9.551052E-18
6.930000E+03	4.855097E-16	9.536816E-18
6.940000E+03	4.845185E-16	9.533275E-18
6.950000E+03	4.840785E-16	9.540566E-18
6.960000E+03	4.841803E-16	9.558560E-18
6.970000E+03	4.848070E-16	9.586978E-18
6.980000E+03	4.859344E-16	9.625397E-18
6.990000E+03	4.875257E-16	9.673136E-18
7.000000E+03	4.895498E-16	9.729630E-18
7.010000E+03	4.919645E-16	9.794084E-18
7.020000E+03	4.947236E-16	9.865617E-18
7.030000E+03	4.977716E-16	9.943162E-18
7.040000E+03	5.010577E-16	1.002573E-17
7.050000E+03	5.045369E-16	1.011246E-17
7.060000E+03	5.081527E-16	1.020223E-17
7.070000E+03	5.118566E-16	1.029409E-17
7.080000E+03	5.156029E-16	1.038713E-17
7.090000E+03	5.193499E-16	1.048051E-17
7.100000E+03	5.230597E-16	1.057349E-17
7.110000E+03	5.266996E-16	1.066539E-17
7.120000E+03	5.302349E-16	1.075551E-17
7.130000E+03	5.336429E-16	1.084339E-17
7.140000E+03	5.369054E-16	1.092865E-17
7.150000E+03	5.400160E-16	1.101114E-17
7.160000E+03	5.429446E-16	1.109025E-17
7.170000E+03	5.457052E-16	1.116625E-17
7.180000E+03	5.482726E-16	1.123860E-17
7.190000E+03	5.506497E-16	1.130735E-17
7.200000E+03	5.528325E-16	1.137241E-17
7.210000E+03	5.548085E-16	1.143351E-17
7.220000E+03	5.565703E-16	1.149046E-17
7.230000E+03	5.581073E-16	1.154305E-17
7.240000E+03	5.593996E-16	1.159083E-17
7.250000E+03	5.604305E-16	1.163344E-17
7.260000E+03	5.611745E-16	1.167032E-17
7.270000E+03	5.616176E-16	1.170116E-17
7.280000E+03	5.617241E-16	1.172518E-17
7.290000E+03	5.614721E-16	1.174189E-17
7.300000E+03	5.608408E-16	1.175082E-17
7.310000E+03	5.598117E-16	1.175154E-17
7.320000E+03	5.583550E-16	1.174337E-17
7.330000E+03	5.564595E-16	1.172604E-17
7.340000E+03	5.541188E-16	1.169936E-17
7.350000E+03	5.513255E-16	1.166312E-17
7.360000E+03	5.480855E-16	1.161740E-17
7.370000E+03	5.444050E-16	1.156226E-17
7.380000E+03	5.402972E-16	1.149795E-17
7.390000E+03	5.357892E-16	1.142497E-17
7.400000E+03	5.309147E-16	1.134401E-17
7.410000E+03	5.256993E-16	1.125555E-17
7.420000E+03	5.201934E-16	1.116064E-17
7.430000E+03	5.144300E-16	1.105994E-17
7.440000E+03	5.084635E-16	1.095460E-17
7.450000E+03	5.023411E-16	1.084558E-17
7.460000E+03	4.961140E-16	1.073399E-17
7.470000E+03	4.898179E-16	1.062058E-17
7.480000E+03	4.834967E-16	1.050628E-17
7.490000E+03	4.771897E-16	1.039194E-17
7.500000E+03	4.709246E-16	1.027816E-17
7.510000E+03	4.647303E-16	1.016559E-17
7.520000E+03	4.586245E-16	1.005460E-17
7.530000E+03	4.526204E-16	9.945492E-18
7.540000E+03	4.467383E-16	9.838714E-18
7.550000E+03	4.409822E-16	9.734359E-18
7.560000E+03	4.353469E-16	9.632316E-18
7.570000E+03	4.298408E-16	9.532778E-18
7.580000E+03	4.244516E-16	9.435480E-18
7.590000E+03	4.191814E-16	9.340474E-18
7.600000E+03	4.140129E-16	9.247381E-18
7.610000E+03	4.089382E-16	9.156028E-18
7.620000E+03	4.039373E-16	9.065972E-18
7.630000E+03	3.990069E-16	8.977138E-18
7.640000E+03	3.941341E-16	8.889239E-18
7.650000E+03	3.893075E-16	8.802012E-18
7.660000E+03	3.845287E-16	8.715497E-18
7.670000E+03	3.798121E-16	8.630015E-18
7.680000E+03	3.751573E-16	8.545560E-18
7.690000E+03	3.705692E-16	8.462243E-18
7.700000E+03	3.660519E-16	8.380163E-18
7.710000E+03	3.616136E-16	8.299514E-18
7.720000E+03	3.572523E-16	8.220249E-18
7.730000E+03	3.529697E-16	8.142416E-18
7.740000E+03	3.487719E-16	8.066161E-18
7.750000E+03	3.446545E-16	7.991393E-18
7.760000E+03	3.406175E-16	7.918118E-18
7.770000E+03	3.366652E-16	7.846440E-18
7.780000E+03	3.327920E-16	7.776239E-18
7.790000E+03	3.289967E-16	7.707493E-18
7.800000E+03	3.252778E-16	7.640177E-18
7.810000E+03	3.216335E-16	7.574256E-18
7.820000E+03	3.180578E-16	7.509595E-18
7.830000E+03	3.145575E-16	7.446363E-18
7.840000E+03	3.111174E-16	7.384208E-18
7.850000E+03	3.077488E-16	7.323404E-18
7.860000E+03	3.044367E-16	7.263601E-18
7.870000E+03	3.011878E-16	7.204967E-18
7.880000E+03	2.979921E-16	7.147266E-18
7.890000E+03	2.948519E-16	7.090563E-18
7.900000E+03	2.917659E-16	7.034827E-18
7.910000E+03	2.887283E-16	6.979930E-18
7.920000E+03	2.857419E-16	6.925941E-18
7.930000E+03	2.828011E-16	6.872732E-18
7.940000E+03	2.799087E-16	6.820377E-18
7.950000E+03	2.770594E-16	6.768748E-18
7.960000E+03	2.742520E-16	6.717824E-18
7.970000E+03	2.714931E-16	6.667771E-18
7.980000E+03	2.687735E-16	6.618367E-18
7.990000E+03	2.660997E-16	6.569780E-18
8.000000E+03	2.634667E-16	6.521889E-18
8.010000E+03	2.608807E-16	6.474854E-18
8.020000E+03	2.583367E-16	6.428559E-18
8.030000E+03	2.558334E-16	6.382975E-18
8.040000E+03	2.533697E-16	6.338080E-18
8.050000E+03	2.509480E-16	6.293941E-18
8.060000E+03	2.485635E-16	6.250441E-18
8.070000E+03	2.462153E-16	6.207564E-18
8.080000E+03	2.439022E-16	6.165286E-18
8.090000E+03	2.416234E-16	6.123586E-18
8.100000E+03	2.393814E-16	6.082541E-18
8.110000E+03	2.371754E-16	6.042128E-18
8.120000E+03	2.350009E-16	6.002240E-18
8.130000E+03	2.328571E-16	5.962864E-18
8.140000E+03	2.307469E-16	5.924074E-18
8.150000E+03	2.286658E-16	5.885764E-18
8.160000E+03	2.266169E-16	5.848014E-18
8.170000E+03	2.245992E-16	5.810807E-18
8.180000E+03	2.226088E-16	5.774041E-18
8.190000E+03	2.206451E-16	5.737711E-18
8.200000E+03	2.187142E-16	5.701978E-18
8.210000E+03	2.168090E-16	5.666661E-18
8.220000E+03	2.149289E-16	5.631747E-18
8.230000E+03	2.130767E-16	5.597314E-18
8.240000E+03	2.112519E-16	5.563357E-18
8.250000E+03	2.094510E-16	5.529782E-18
8.260000E+03	2.076765E-16	5.496666E-18
8.270000E+03	2.059250E-16	5.463918E-18
8.280000E+03	2.041994E-16	5.431618E-18
8.290000E+03	2.024958E-16	5.399673E-18
8.300000E+03	2.008143E-16	5.368081E-18
8.310000E+03	1.991574E-16	5.336919E-18
8.320000E+03	1.975186E-16	5.306014E-18
8.330000E+03	1.959040E-16	5.275534E-18
8.340000E+03	1.943068E-16	5.245300E-18
8.350000E+03	1.927302E-16	5.215399E-18
8.360000E+03	1.911738E-16	5.185827E-18
8.370000E+03	1.896373E-16	5.156578E-18
8.380000E+03	1.881174E-16	5.127567E-18
8.390000E+03	1.866140E-16	5.098791E-18
8.400000E+03	1.851299E-16	5.070329E-18
8.410000E+03	1.836588E-16	5.042019E-18
8.420000E+03	1.822037E-16	5.013936E-18
8.430000E+03	1.807672E-16	4.986162E-18
8.440000E+03	1.793403E-16	4.958449E-18
8.450000E+03	1.779289E-16	4.930960E-18
8.460000E+03	1.765297E-16	4.903611E-18
8.470000E+03	1.751456E-16	4.876480E-18
8.480000E+03	1.737706E-16	4.849404E-18
8.490000E+03	1.724075E-16	4.822466E-18
8.500000E+03	1.710532E-16	4.795578E-18
8.510000E+03	1.697106E-16	4.768824E-18
8.520000E+03	1.683767E-16	4.742122E-18
8.530000E+03	1.670484E-16	4.715386E-18
8.540000E+03	1.657315E-16	4.688781E-18
8.550000E+03	1.644200E-16	4.662140E-18
8.560000E+03	1.631139E-16	4.635465E-18
8.570000E+03	1.618161E-16	4.608835E-18
8.580000E+03	1.605207E-16	4.582089E-18
8.590000E+03	1.592305E-16	4.555303E-18
8.600000E+03	1.579454E-16	4.528479E-18
8.610000E+03	1.566624E-16	4.501532E-18
8.620000E+03	1.553846E-16	4.474547E-18
8.630000E+03	1.541087E-16	4.447435E-18
8.640000E+03	1.528321E-16	4.420120E-18
8.650000E+03	1.515575E-16	4.392678E-18
8.660000E+03	1.502874E-16	4.365188E-18
8.670000E+03	1.490138E-16	4.337412E-18
8.680000E+03	1.477418E-16	4.309500E-18
8.690000E+03	1.464714E-16	4.281457E-18
8.700000E+03	1.451973E-16	4.253122E-18
8.710000E+03	1.439244E-16	4.224645E-18
8.720000E+03	1.426531E-16	4.196032E-18
8.730000E+03	1.413776E-16	4.167116E-18
8.740000E+03	1.401032E-16	4.138053E-18
8.750000E+03	1.388299E-16	4.108845E-18
8.760000E+03	1.375548E-16	4.079403E-18
8.770000E+03	1.362805E-16	4.049808E-18
8.780000E+03	1.350070E-16	4.020058E-18
8.790000E+03	1.337339E-16	3.990143E-18
8.800000E+03	1.324612E-16	3.960065E-18
8.810000E+03	1.311940E-16	3.929974E-18
8.820000E+03	1.299295E-16	3.899790E-18
8.830000E+03	1.286675E-16	3.869507E-18
8.840000E+03	1.274130E-16	3.839277E-18
8.850000E+03	1.261607E-16	3.808941E-18
8.860000E+03	1.249155E-16	3.778650E-18
8.870000E+03	1.236721E-16	3.748244E-18
8.880000E+03	1.224355E-16	3.717875E-18
8.890000E+03	1.212028E-16	3.687460E-18
8.900000E+03	1.199740E-16	3.656995E-18
8.910000E+03	1.187487E-16	3.626474E-18
8.920000E+03	1.175294E-16	3.595971E-18
8.930000E+03	1.163133E-16	3.565402E-18
8.940000E+03	1.151003E-16	3.534768E-18
8.950000E+03	1.138926E-16	3.504135E-18
8.960000E+03	1.126901E-16	3.473503E-18
8.970000E+03	1.114950E-16	3.442941E-18
8.980000E+03	1.103023E-16	3.412295E-18
8.990000E+03	1.091190E-16	3.381786E-18
9.000000E+03	1.079400E-16	3.351255E-18
9.040000E+03	1.032935E-16	3.229783E-18
9.080000E+03	9.877951E-17	3.110101E-18
9.120000E+03	9.441429E-17	2.992856E-18
9.160000E+03	9.021681E-17	2.878790E-18
9.200000E+03	8.619166E-17	2.768198E-18
9.240000E+03	8.235152E-17	2.661635E-18
9.280000E+03	7.869510E-17	2.559213E-18
9.320000E+03	7.522699E-17	2.461228E-18
9.360000E+03	7.194040E-17	2.367605E-18
9.400000E+03	6.883196E-17	2.278371E-18
9.440000E+03	6.590171E-17	2.193662E-18
9.480000E+03	6.313825E-17	2.113226E-18
9.520000E+03	6.053838E-17	2.037078E-18
9.560000E+03	5.809479E-17	1.965086E-18
9.600000E+03	5.579833E-17	1.897047E-18
9.640000E+03	5.364300E-17	1.832856E-18
9.680000E+03	5.162335E-17	1.772423E-18
9.720000E+03	4.973199E-17	1.715580E-18
9.760000E+03	4.795938E-17	1.662080E-18
9.800000E+03	4.630147E-17	1.611858E-18
9.840000E+03	4.474942E-17	1.564676E-18
9.880000E+03	4.329981E-17	1.520480E-18
9.920000E+03	4.194695E-17	1.479129E-18
9.960000E+03	4.068270E-17	1.440393E-18
1.000000E+04	3.950169E-17	1.404131E-18
1.004000E+04	3.839864E-17	1.370204E-18
1.008000E+04	3.737378E-17	1.338663E-18
1.012000E+04	3.641674E-17	1.309177E-18
1.016000E+04	3.552518E-17	1.281699E-18
1.020000E+04	3.469413E-17	1.256083E-18
1.024000E+04	3.392142E-17	1.232283E-18
1.028000E+04	3.320490E-17	1.210248E-18
1.032000E+04	3.253966E-17	1.189828E-18
