#wls	flux	fluxerr
1.600000E+03	2.995735E-15	1.002569E-16
1.640000E+03	2.573385E-15	8.402408E-17
1.680000E+03	2.189260E-15	6.968303E-17
1.720000E+03	1.843424E-15	5.715065E-17
1.760000E+03	1.535513E-15	4.632811E-17
1.800000E+03	1.264614E-15	3.709958E-17
1.840000E+03	1.028831E-15	2.932226E-17
1.880000E+03	8.263683E-16	2.286087E-17
1.920000E+03	6.547558E-16	1.756681E-17
1.960000E+03	5.113280E-16	1.329369E-17
2.000000E+03	3.933077E-16	9.900682E-18
2.040000E+03	2.980625E-16	7.259470E-18
2.080000E+03	2.233925E-16	5.260687E-18
2.120000E+03	1.676593E-16	3.815350E-18
2.160000E+03	1.297413E-16	2.851897E-18
2.200000E+03	1.071192E-16	2.273856E-18
2.240000E+03	9.733992E-17	1.995326E-18
2.280000E+03	9.943788E-17	1.968820E-18
2.320000E+03	1.148211E-16	2.197111E-18
2.360000E+03	1.483400E-16	2.745849E-18
2.400000E+03	2.100719E-16	3.766841E-18
2.440000E+03	3.174789E-16	5.524988E-18
2.480000E+03	4.968037E-16	8.411031E-18
2.520000E+03	7.797701E-16	1.288011E-17
2.560000E+03	1.189842E-15	1.923758E-17
2.600000E+03	1.716617E-15	2.726242E-17
2.640000E+03	2.301052E-15	3.601710E-17
2.680000E+03	2.883213E-15	4.461653E-17
2.720000E+03	3.463194E-15	5.312916E-17
2.760000E+03	4.100169E-15	6.250739E-17
2.800000E+03	4.867493E-15	7.388782E-17
2.840000E+03	5.819480E-15	8.810150E-17
2.880000E+03	6.965370E-15	1.052947E-16
2.920000E+03	8.259975E-15	1.247924E-16
2.960000E+03	9.623364E-15	1.453908E-16
3.000000E+03	1.097765E-14	1.659062E-16
3.010000E+03	1.130812E-14	1.709190E-16
3.020000E+03	1.163286E-14	1.758471E-16
3.030000E+03	1.195030E-14	1.806662E-16
3.040000E+03	1.225909E-14	1.853556E-16
3.050000E+03	1.255684E-14	1.898784E-16
3.060000E+03	1.284119E-14	1.941985E-16
3.070000E+03	1.311002E-14	1.982834E-16
3.080000E+03	1.336082E-14	2.020945E-16
3.090000E+03	1.359166E-14	2.056022E-16
3.100000E+03	1.380179E-14	2.087945E-16
3.110000E+03	1.399012E-14	2.116545E-16
3.120000E+03	1.415737E-14	2.141929E-16
3.130000E+03	1.430479E-14	2.164278E-16
3.140000E+03	1.443587E-14	2.184119E-16
3.150000E+03	1.455342E-14	2.201874E-16
3.160000E+03	1.466216E-14	2.218256E-16
3.170000E+03	1.476743E-14	2.234069E-16
3.180000E+03	1.487462E-14	2.250129E-16
3.190000E+03	1.498883E-14	2.267200E-16
3.200000E+03	1.511643E-14	2.286245E-16
3.210000E+03	1.526225E-14	2.307988E-16
3.220000E+03	1.543155E-14	2.333217E-16
3.230000E+03	1.562835E-14	2.362535E-16
3.240000E+03	1.585650E-14	2.396517E-16
3.250000E+03	1.611855E-14	2.435539E-16
3.260000E+03	1.641584E-14	2.479798E-16
3.270000E+03	1.674824E-14	2.529262E-16
3.280000E+03	1.711507E-14	2.583817E-16
3.290000E+03	1.751422E-14	2.643136E-16
3.300000E+03	1.794227E-14	2.706690E-16
3.310000E+03	1.839551E-14	2.773910E-16
3.320000E+03	1.886889E-14	2.844021E-16
3.330000E+03	1.935730E-14	2.916244E-16
3.340000E+03	1.985453E-14	2.989634E-16
3.350000E+03	2.035436E-14	3.063246E-16
3.360000E+03	2.085053E-14	3.136133E-16
3.370000E+03	2.133708E-14	3.207395E-16
3.380000E+03	2.180879E-14	3.276243E-16
3.390000E+03	2.226103E-14	3.341983E-16
3.400000E+03	2.269100E-14	3.404199E-16
3.410000E+03	2.309644E-14	3.462553E-16
3.420000E+03	2.347807E-14	3.517161E-16
3.430000E+03	2.383725E-14	3.568232E-16
3.440000E+03	2.417813E-14	3.616394E-16
3.450000E+03	2.450654E-14	3.662524E-16
3.460000E+03	2.482911E-14	3.707617E-16
3.470000E+03	2.515266E-14	3.752697E-16
3.480000E+03	2.547653E-14	3.797662E-16
3.490000E+03	2.578108E-14	3.839592E-16
3.500000E+03	2.603833E-14	3.874332E-16
3.510000E+03	2.621898E-14	3.897547E-16
3.520000E+03	2.629673E-14	3.905354E-16
3.530000E+03	2.624927E-14	3.894477E-16
3.540000E+03	2.606282E-14	3.862919E-16
3.550000E+03	2.573164E-14	3.809886E-16
3.560000E+03	2.525985E-14	3.736050E-16
3.570000E+03	2.465985E-14	3.643310E-16
3.580000E+03	2.395210E-14	3.534746E-16
3.590000E+03	2.316367E-14	3.414405E-16
3.600000E+03	2.232395E-14	3.286663E-16
3.610000E+03	2.146433E-14	3.156173E-16
3.620000E+03	2.061477E-14	3.027350E-16
3.630000E+03	1.980220E-14	2.904154E-16
3.640000E+03	1.904998E-14	2.789989E-16
3.650000E+03	1.837726E-14	2.687635E-16
3.660000E+03	1.779840E-14	2.599147E-16
3.670000E+03	1.732404E-14	2.526023E-16
3.680000E+03	1.696008E-14	2.469061E-16
3.690000E+03	1.671025E-14	2.428731E-16
3.700000E+03	1.657626E-14	2.405204E-16
3.710000E+03	1.655879E-14	2.398495E-16
3.720000E+03	1.665764E-14	2.408483E-16
3.730000E+03	1.687276E-14	2.435067E-16
3.740000E+03	1.720387E-14	2.478109E-16
3.750000E+03	1.765092E-14	2.537495E-16
3.760000E+03	1.821361E-14	2.613072E-16
3.770000E+03	1.889143E-14	2.704651E-16
3.780000E+03	1.968292E-14	2.811902E-16
3.790000E+03	2.058505E-14	2.934270E-16
3.800000E+03	2.159308E-14	3.070955E-16
3.810000E+03	2.269849E-14	3.220620E-16
3.820000E+03	2.389032E-14	3.381593E-16
3.830000E+03	2.515424E-14	3.551733E-16
3.840000E+03	2.647180E-14	3.728341E-16
3.850000E+03	2.782233E-14	3.908428E-16
3.860000E+03	2.918364E-14	4.088822E-16
3.870000E+03	3.053256E-14	4.266246E-16
3.880000E+03	3.184640E-14	4.437529E-16
3.890000E+03	3.310409E-14	4.599763E-16
3.900000E+03	3.428784E-14	4.750530E-16
3.910000E+03	3.538262E-14	4.887826E-16
3.920000E+03	3.637676E-14	5.010139E-16
3.930000E+03	3.726199E-14	5.116456E-16
3.940000E+03	3.803321E-14	5.206204E-16
3.950000E+03	3.868847E-14	5.279268E-16
3.960000E+03	3.922774E-14	5.335794E-16
3.970000E+03	3.965210E-14	5.376087E-16
3.980000E+03	3.996440E-14	5.400694E-16
3.990000E+03	4.016664E-14	5.410047E-16
4.000000E+03	4.026129E-14	5.404641E-16
4.010000E+03	4.024989E-14	5.384847E-16
4.020000E+03	4.013324E-14	5.350933E-16
4.030000E+03	3.991314E-14	5.303307E-16
4.040000E+03	3.959063E-14	5.242271E-16
4.050000E+03	3.916810E-14	5.168304E-16
4.060000E+03	3.864852E-14	5.081959E-16
4.070000E+03	3.803607E-14	4.983941E-16
4.080000E+03	3.733627E-14	4.875123E-16
4.090000E+03	3.655640E-14	4.756592E-16
4.100000E+03	3.570450E-14	4.629524E-16
4.110000E+03	3.479047E-14	4.495310E-16
4.120000E+03	3.382620E-14	4.355586E-16
4.130000E+03	3.282384E-14	4.211988E-16
4.140000E+03	3.179746E-14	4.066378E-16
4.150000E+03	3.076170E-14	3.920659E-16
4.160000E+03	2.973175E-14	3.776781E-16
4.170000E+03	2.872297E-14	3.636680E-16
4.180000E+03	2.775044E-14	3.502235E-16
4.190000E+03	2.682876E-14	3.375233E-16
4.200000E+03	2.597141E-14	3.257301E-16
4.210000E+03	2.519012E-14	3.149828E-16
4.220000E+03	2.449468E-14	3.053941E-16
4.230000E+03	2.389244E-14	2.970458E-16
4.240000E+03	2.338854E-14	2.899915E-16
4.250000E+03	2.298568E-14	2.842545E-16
4.260000E+03	2.268387E-14	2.798253E-16
4.270000E+03	2.248001E-14	2.766573E-16
4.280000E+03	2.236883E-14	2.746779E-16
4.290000E+03	2.234199E-14	2.737790E-16
4.300000E+03	2.238830E-14	2.738186E-16
4.310000E+03	2.249343E-14	2.746176E-16
4.320000E+03	2.263995E-14	2.759607E-16
4.330000E+03	2.280837E-14	2.776086E-16
4.340000E+03	2.297640E-14	2.792905E-16
4.350000E+03	2.312190E-14	2.807385E-16
4.360000E+03	2.322404E-14	2.817016E-16
4.370000E+03	2.326969E-14	2.820227E-16
4.380000E+03	2.326043E-14	2.817228E-16
4.390000E+03	2.320502E-14	2.809090E-16
4.400000E+03	2.311486E-14	2.797193E-16
4.410000E+03	2.300286E-14	2.783079E-16
4.420000E+03	2.288134E-14	2.768210E-16
4.430000E+03	2.276151E-14	2.753915E-16
4.440000E+03	2.265360E-14	2.741401E-16
4.450000E+03	2.256591E-14	2.731646E-16
4.460000E+03	2.250529E-14	2.725453E-16
4.470000E+03	2.247686E-14	2.723424E-16
4.480000E+03	2.248247E-14	2.725763E-16
4.490000E+03	2.251947E-14	2.732132E-16
4.500000E+03	2.258163E-14	2.741761E-16
4.510000E+03	2.266120E-14	2.753696E-16
4.520000E+03	2.275008E-14	2.766933E-16
4.530000E+03	2.284003E-14	2.780454E-16
4.540000E+03	2.292293E-14	2.793246E-16
4.550000E+03	2.299098E-14	2.804336E-16
4.560000E+03	2.303677E-14	2.812795E-16
4.570000E+03	2.305374E-14	2.817789E-16
4.580000E+03	2.303705E-14	2.818695E-16
4.590000E+03	2.298221E-14	2.814930E-16
4.600000E+03	2.288638E-14	2.806113E-16
4.610000E+03	2.274876E-14	2.792110E-16
4.620000E+03	2.256982E-14	2.772948E-16
4.630000E+03	2.235091E-14	2.748758E-16
4.640000E+03	2.209605E-14	2.720007E-16
4.650000E+03	2.180871E-14	2.687099E-16
4.660000E+03	2.149427E-14	2.650674E-16
4.670000E+03	2.115765E-14	2.611321E-16
4.680000E+03	2.080376E-14	2.569634E-16
4.690000E+03	2.043720E-14	2.526168E-16
4.700000E+03	2.006212E-14	2.481432E-16
4.710000E+03	1.968260E-14	2.435925E-16
4.720000E+03	1.930155E-14	2.390006E-16
4.730000E+03	1.892153E-14	2.343994E-16
4.740000E+03	1.854481E-14	2.298171E-16
4.750000E+03	1.817268E-14	2.252699E-16
4.760000E+03	1.780690E-14	2.207804E-16
4.770000E+03	1.744797E-14	2.163551E-16
4.780000E+03	1.709730E-14	2.120122E-16
4.790000E+03	1.675605E-14	2.077666E-16
4.800000E+03	1.642516E-14	2.036309E-16
4.810000E+03	1.610627E-14	1.996260E-16
4.820000E+03	1.580111E-14	1.957740E-16
4.830000E+03	1.551100E-14	1.920918E-16
4.840000E+03	1.523775E-14	1.886025E-16
4.850000E+03	1.498298E-14	1.853267E-16
4.860000E+03	1.474807E-14	1.822817E-16
4.870000E+03	1.453442E-14	1.794848E-16
4.880000E+03	1.434339E-14	1.769534E-16
4.890000E+03	1.417591E-14	1.746984E-16
4.900000E+03	1.403300E-14	1.727323E-16
4.910000E+03	1.391507E-14	1.710595E-16
4.920000E+03	1.382269E-14	1.696866E-16
4.930000E+03	1.375602E-14	1.686146E-16
4.940000E+03	1.371464E-14	1.678375E-16
4.950000E+03	1.369808E-14	1.673484E-16
4.960000E+03	1.370524E-14	1.671326E-16
4.970000E+03	1.373493E-14	1.671743E-16
4.980000E+03	1.378535E-14	1.674506E-16
4.990000E+03	1.385450E-14	1.679357E-16
5.000000E+03	1.393987E-14	1.685980E-16
5.010000E+03	1.403905E-14	1.694075E-16
5.020000E+03	1.414871E-14	1.703232E-16
5.030000E+03	1.426554E-14	1.713046E-16
5.040000E+03	1.438613E-14	1.723105E-16
5.050000E+03	1.450655E-14	1.732942E-16
5.060000E+03	1.462294E-14	1.742100E-16
5.070000E+03	1.473144E-14	1.750130E-16
5.080000E+03	1.482832E-14	1.756603E-16
5.090000E+03	1.490994E-14	1.761110E-16
5.100000E+03	1.497323E-14	1.763313E-16
5.110000E+03	1.501581E-14	1.762961E-16
5.120000E+03	1.503547E-14	1.759828E-16
5.130000E+03	1.503140E-14	1.753854E-16
5.140000E+03	1.500282E-14	1.744989E-16
5.150000E+03	1.495064E-14	1.733376E-16
5.160000E+03	1.487617E-14	1.719208E-16
5.170000E+03	1.478172E-14	1.702787E-16
5.180000E+03	1.467035E-14	1.684501E-16
5.190000E+03	1.454560E-14	1.664789E-16
5.200000E+03	1.441157E-14	1.644147E-16
5.210000E+03	1.427245E-14	1.623075E-16
5.220000E+03	1.413287E-14	1.602117E-16
5.230000E+03	1.399659E-14	1.581711E-16
5.240000E+03	1.386754E-14	1.562309E-16
5.250000E+03	1.374908E-14	1.544297E-16
5.260000E+03	1.364404E-14	1.527990E-16
5.270000E+03	1.355440E-14	1.513613E-16
5.280000E+03	1.348203E-14	1.501370E-16
5.290000E+03	1.342808E-14	1.491387E-16
5.300000E+03	1.339338E-14	1.483755E-16
5.310000E+03	1.337825E-14	1.478509E-16
5.320000E+03	1.338284E-14	1.475665E-16
5.330000E+03	1.340655E-14	1.475159E-16
5.340000E+03	1.344863E-14	1.476915E-16
5.350000E+03	1.350794E-14	1.480815E-16
5.360000E+03	1.358325E-14	1.486736E-16
5.370000E+03	1.367260E-14	1.494476E-16
5.380000E+03	1.377429E-14	1.503869E-16
5.390000E+03	1.388620E-14	1.514700E-16
5.400000E+03	1.400606E-14	1.526747E-16
5.410000E+03	1.413134E-14	1.539757E-16
5.420000E+03	1.425990E-14	1.553509E-16
5.430000E+03	1.438981E-14	1.567799E-16
5.440000E+03	1.451898E-14	1.582403E-16
5.450000E+03	1.464636E-14	1.597208E-16
5.460000E+03	1.477073E-14	1.612078E-16
5.470000E+03	1.489130E-14	1.626923E-16
5.480000E+03	1.500806E-14	1.641734E-16
5.490000E+03	1.512032E-14	1.656430E-16
5.500000E+03	1.522794E-14	1.670987E-16
5.510000E+03	1.533028E-14	1.685324E-16
5.520000E+03	1.542705E-14	1.699399E-16
5.530000E+03	1.551705E-14	1.713066E-16
5.540000E+03	1.559942E-14	1.726217E-16
5.550000E+03	1.567298E-14	1.738706E-16
5.560000E+03	1.573708E-14	1.750441E-16
5.570000E+03	1.579063E-14	1.761282E-16
5.580000E+03	1.583296E-14	1.771133E-16
5.590000E+03	1.586347E-14	1.779904E-16
5.600000E+03	1.588207E-14	1.787562E-16
5.610000E+03	1.588845E-14	1.794046E-16
5.620000E+03	1.588295E-14	1.799371E-16
5.630000E+03	1.586634E-14	1.803596E-16
5.640000E+03	1.583957E-14	1.806807E-16
5.650000E+03	1.580415E-14	1.809153E-16
5.660000E+03	1.576157E-14	1.810783E-16
5.670000E+03	1.571389E-14	1.811913E-16
5.680000E+03	1.566317E-14	1.812768E-16
5.690000E+03	1.561129E-14	1.813548E-16
5.700000E+03	1.555993E-14	1.814441E-16
5.710000E+03	1.551047E-14	1.815600E-16
5.720000E+03	1.546428E-14	1.817180E-16
5.730000E+03	1.542167E-14	1.819214E-16
5.740000E+03	1.538312E-14	1.821759E-16
5.750000E+03	1.534840E-14	1.824785E-16
5.760000E+03	1.531659E-14	1.828184E-16
5.770000E+03	1.528668E-14	1.831833E-16
5.780000E+03	1.525724E-14	1.835557E-16
5.790000E+03	1.522608E-14	1.839092E-16
5.800000E+03	1.519086E-14	1.842146E-16
5.810000E+03	1.514934E-14	1.844438E-16
5.820000E+03	1.509838E-14	1.845572E-16
5.830000E+03	1.503531E-14	1.845206E-16
5.840000E+03	1.495728E-14	1.842970E-16
5.850000E+03	1.486162E-14	1.838509E-16
5.860000E+03	1.474614E-14	1.831526E-16
5.870000E+03	1.460858E-14	1.821707E-16
5.880000E+03	1.444787E-14	1.808888E-16
5.890000E+03	1.426311E-14	1.792919E-16
5.900000E+03	1.405427E-14	1.773759E-16
5.910000E+03	1.382195E-14	1.751452E-16
5.920000E+03	1.356737E-14	1.726116E-16
5.930000E+03	1.329245E-14	1.697960E-16
5.940000E+03	1.299908E-14	1.667198E-16
5.950000E+03	1.268992E-14	1.634144E-16
5.960000E+03	1.236811E-14	1.599179E-16
5.970000E+03	1.203691E-14	1.562705E-16
5.980000E+03	1.169951E-14	1.525125E-16
5.990000E+03	1.135977E-14	1.486932E-16
6.000000E+03	1.102094E-14	1.448547E-16
6.010000E+03	1.068694E-14	1.410492E-16
6.020000E+03	1.036083E-14	1.373175E-16
6.030000E+03	1.004580E-14	1.337033E-16
6.040000E+03	9.744832E-15	1.302483E-16
6.050000E+03	9.460361E-15	1.269872E-16
6.060000E+03	9.194489E-15	1.239510E-16
6.070000E+03	8.948663E-15	1.211623E-16
6.080000E+03	8.724324E-15	1.186442E-16
6.090000E+03	8.521926E-15	1.164063E-16
6.100000E+03	8.342011E-15	1.144601E-16
6.110000E+03	8.184400E-15	1.128071E-16
6.120000E+03	8.048542E-15	1.114437E-16
6.130000E+03	7.933654E-15	1.103632E-16
6.140000E+03	7.838751E-15	1.095558E-16
6.150000E+03	7.762406E-15	1.090054E-16
6.160000E+03	7.703080E-15	1.086941E-16
6.170000E+03	7.659260E-15	1.086041E-16
6.180000E+03	7.628922E-15	1.087100E-16
6.190000E+03	7.610245E-15	1.089881E-16
6.200000E+03	7.601354E-15	1.094134E-16
6.210000E+03	7.600361E-15	1.099601E-16
6.220000E+03	7.605202E-15	1.105995E-16
6.230000E+03	7.613960E-15	1.113043E-16
6.240000E+03	7.624906E-15	1.120494E-16
6.250000E+03	7.636227E-15	1.128080E-16
6.260000E+03	7.646463E-15	1.135581E-16
6.270000E+03	7.654228E-15	1.142782E-16
6.280000E+03	7.658441E-15	1.149509E-16
6.290000E+03	7.658146E-15	1.155604E-16
6.300000E+03	7.652616E-15	1.160940E-16
6.310000E+03	7.641471E-15	1.165442E-16
6.320000E+03	7.624561E-15	1.169068E-16
6.330000E+03	7.601740E-15	1.171775E-16
6.340000E+03	7.573247E-15	1.173581E-16
6.350000E+03	7.539454E-15	1.174525E-16
6.360000E+03	7.500597E-15	1.174625E-16
6.370000E+03	7.457239E-15	1.173954E-16
6.380000E+03	7.409683E-15	1.172543E-16
6.390000E+03	7.358146E-15	1.170411E-16
6.400000E+03	7.302775E-15	1.167569E-16
6.410000E+03	7.244113E-15	1.164090E-16
6.420000E+03	7.182812E-15	1.160067E-16
6.430000E+03	7.119834E-15	1.155648E-16
6.440000E+03	7.055767E-15	1.150919E-16
6.450000E+03	6.991032E-15	1.145946E-16
6.460000E+03	6.926014E-15	1.140786E-16
6.470000E+03	6.860888E-15	1.135465E-16
6.480000E+03	6.795871E-15	1.130017E-16
6.490000E+03	6.730838E-15	1.124419E-16
6.500000E+03	6.666067E-15	1.118716E-16
6.510000E+03	6.601634E-15	1.112919E-16
6.520000E+03	6.537523E-15	1.107025E-16
6.530000E+03	6.473937E-15	1.101068E-16
6.540000E+03	6.410987E-15	1.095066E-16
6.550000E+03	6.348790E-15	1.089041E-16
6.560000E+03	6.287463E-15	1.083013E-16
6.570000E+03	6.227222E-15	1.077020E-16
6.580000E+03	6.168069E-15	1.071065E-16
6.590000E+03	6.110098E-15	1.065166E-16
6.600000E+03	6.053483E-15	1.059356E-16
6.610000E+03	5.998281E-15	1.053646E-16
6.620000E+03	5.944430E-15	1.048029E-16
6.630000E+03	5.892051E-15	1.042529E-16
6.640000E+03	5.841047E-15	1.037132E-16
6.650000E+03	5.791603E-15	1.031873E-16
6.660000E+03	5.743497E-15	1.026714E-16
6.670000E+03	5.696694E-15	1.021654E-16
6.680000E+03	5.651248E-15	1.016704E-16
6.690000E+03	5.607110E-15	1.011858E-16
6.700000E+03	5.564135E-15	1.007092E-16
6.710000E+03	5.522272E-15	1.002400E-16
6.720000E+03	5.481570E-15	9.977924E-17
6.730000E+03	5.441890E-15	9.932464E-17
6.740000E+03	5.403290E-15	9.887748E-17
6.750000E+03	5.365548E-15	9.843391E-17
6.760000E+03	5.328831E-15	9.799717E-17
6.770000E+03	5.292931E-15	9.756366E-17
6.780000E+03	5.258027E-15	9.713686E-17
6.790000E+03	5.223923E-15	9.671335E-17
6.800000E+03	5.190712E-15	9.629504E-17
6.810000E+03	5.158396E-15	9.588213E-17
6.820000E+03	5.126882E-15	9.547311E-17
6.830000E+03	5.096267E-15	9.506993E-17
6.840000E+03	5.066458E-15	9.467106E-17
6.850000E+03	5.037546E-15	9.427835E-17
6.860000E+03	5.009336E-15	9.388834E-17
6.870000E+03	4.982003E-15	9.350448E-17
6.880000E+03	4.955438E-15	9.312487E-17
6.890000E+03	4.929615E-15	9.274919E-17
6.900000E+03	4.904411E-15	9.237527E-17
6.910000E+03	4.879974E-15	9.200605E-17
6.920000E+03	4.855982E-15	9.163558E-17
6.930000E+03	4.832662E-15	9.126832E-17
6.940000E+03	4.809774E-15	9.089984E-17
6.950000E+03	4.787254E-15	9.052909E-17
6.960000E+03	4.765128E-15	9.015667E-17
6.970000E+03	4.743232E-15	8.977963E-17
6.980000E+03	4.721493E-15	8.939669E-17
6.990000E+03	4.699836E-15	8.900655E-17
7.000000E+03	4.678180E-15	8.860786E-17
7.010000E+03	4.656452E-15	8.819932E-17
7.020000E+03	4.634487E-15	8.777795E-17
7.030000E+03	4.612396E-15	8.734603E-17
7.040000E+03	4.589843E-15	8.689734E-17
7.050000E+03	4.567047E-15	8.643617E-17
7.060000E+03	4.543688E-15	8.595665E-17
7.070000E+03	4.519914E-15	8.546176E-17
7.080000E+03	4.495612E-15	8.494955E-17
7.090000E+03	4.470773E-15	8.442008E-17
7.100000E+03	4.445495E-15	8.387536E-17
7.110000E+03	4.419618E-15	8.331264E-17
7.120000E+03	4.393270E-15	8.273453E-17
7.130000E+03	4.366413E-15	8.214057E-17
7.140000E+03	4.339202E-15	8.153392E-17
7.150000E+03	4.311716E-15	8.091629E-17
7.160000E+03	4.283959E-15	8.028803E-17
7.170000E+03	4.256121E-15	7.965292E-17
7.180000E+03	4.228142E-15	7.901009E-17
7.190000E+03	4.200312E-15	7.836521E-17
7.200000E+03	4.172671E-15	7.771924E-17
7.210000E+03	4.145261E-15	7.707320E-17
7.220000E+03	4.118301E-15	7.643137E-17
7.230000E+03	4.091924E-15	7.579640E-17
7.240000E+03	4.066178E-15	7.516941E-17
7.250000E+03	4.041201E-15	7.455308E-17
7.260000E+03	4.017131E-15	7.395011E-17
7.270000E+03	3.994108E-15	7.336325E-17
7.280000E+03	3.972275E-15	7.279522E-17
7.290000E+03	3.951617E-15	7.224584E-17
7.300000E+03	3.932455E-15	7.172106E-17
7.310000E+03	3.914871E-15	7.122242E-17
7.320000E+03	3.898952E-15	7.075153E-17
7.330000E+03	3.884960E-15	7.031317E-17
7.340000E+03	3.872921E-15	6.990773E-17
7.350000E+03	3.863028E-15	6.953868E-17
7.360000E+03	3.855478E-15	6.920948E-17
7.370000E+03	3.850389E-15	6.892214E-17
7.380000E+03	3.848037E-15	6.868144E-17
7.390000E+03	3.848369E-15	6.848626E-17
7.400000E+03	3.851719E-15	6.834238E-17
7.410000E+03	3.858085E-15	6.824954E-17
7.420000E+03	3.867681E-15	6.821130E-17
7.430000E+03	3.880534E-15	6.822787E-17
7.440000E+03	3.896714E-15	6.830024E-17
7.450000E+03	3.916339E-15	6.843023E-17
7.460000E+03	3.939317E-15	6.861596E-17
7.470000E+03	3.965842E-15	6.886061E-17
7.480000E+03	3.995637E-15	6.915910E-17
7.490000E+03	4.028707E-15	6.951138E-17
7.500000E+03	4.064737E-15	6.991187E-17
7.510000E+03	4.103699E-15	7.036003E-17
7.520000E+03	4.145146E-15	7.084818E-17
7.530000E+03	4.188645E-15	7.136902E-17
7.540000E+03	4.233781E-15	7.191568E-17
7.550000E+03	4.279970E-15	7.247858E-17
7.560000E+03	4.326752E-15	7.305033E-17
7.570000E+03	4.373212E-15	7.361606E-17
7.580000E+03	4.418657E-15	7.416483E-17
7.590000E+03	4.462340E-15	7.468496E-17
7.600000E+03	4.503274E-15	7.516093E-17
7.610000E+03	4.540638E-15	7.558019E-17
7.620000E+03	4.573400E-15	7.592679E-17
7.630000E+03	4.600841E-15	7.619019E-17
7.640000E+03	4.621863E-15	7.635366E-17
7.650000E+03	4.635841E-15	7.640840E-17
7.660000E+03	4.641818E-15	7.634017E-17
7.670000E+03	4.639367E-15	7.614351E-17
7.680000E+03	4.627780E-15	7.580826E-17
7.690000E+03	4.606926E-15	7.533374E-17
7.700000E+03	4.576539E-15	7.471690E-17
7.710000E+03	4.536649E-15	7.395935E-17
7.720000E+03	4.487481E-15	7.306575E-17
7.730000E+03	4.429454E-15	7.204369E-17
7.740000E+03	4.363173E-15	7.090354E-17
7.750000E+03	4.289304E-15	6.965647E-17
7.760000E+03	4.208961E-15	6.832063E-17
7.770000E+03	4.122964E-15	6.690925E-17
7.780000E+03	4.032417E-15	6.543990E-17
7.790000E+03	3.938556E-15	6.393221E-17
7.800000E+03	3.842434E-15	6.240264E-17
7.810000E+03	3.745172E-15	6.086871E-17
7.820000E+03	3.647750E-15	5.934554E-17
7.830000E+03	3.551237E-15	5.784979E-17
7.840000E+03	3.456434E-15	5.639369E-17
7.850000E+03	3.364037E-15	5.498789E-17
7.860000E+03	3.274788E-15	5.364381E-17
7.870000E+03	3.189076E-15	5.236728E-17
7.880000E+03	3.107417E-15	5.116626E-17
7.890000E+03	3.030078E-15	5.004480E-17
7.900000E+03	2.957247E-15	4.900563E-17
7.910000E+03	2.889124E-15	4.805152E-17
7.920000E+03	2.825728E-15	4.718238E-17
7.930000E+03	2.767197E-15	4.640030E-17
7.940000E+03	2.713732E-15	4.570856E-17
7.950000E+03	2.665276E-15	4.510636E-17
7.960000E+03	2.622111E-15	4.459874E-17
7.970000E+03	2.584229E-15	4.418608E-17
7.980000E+03	2.551738E-15	4.387085E-17
7.990000E+03	2.524165E-15	4.364574E-17
8.000000E+03	2.500788E-15	4.349900E-17
8.010000E+03	2.480941E-15	4.341972E-17
8.020000E+03	2.464087E-15	4.339908E-17
8.030000E+03	2.449591E-15	4.342634E-17
8.040000E+03	2.437021E-15	4.349415E-17
8.050000E+03	2.426023E-15	4.359647E-17
8.060000E+03	2.416312E-15	4.372832E-17
8.070000E+03	2.407599E-15	4.388454E-17
8.080000E+03	2.399643E-15	4.406077E-17
8.090000E+03	2.392314E-15	4.425454E-17
8.100000E+03	2.385393E-15	4.446173E-17
8.110000E+03	2.378889E-15	4.468232E-17
8.120000E+03	2.372714E-15	4.491456E-17
8.130000E+03	2.366753E-15	4.515608E-17
8.140000E+03	2.361043E-15	4.540738E-17
8.150000E+03	2.355582E-15	4.566826E-17
8.160000E+03	2.350390E-15	4.593896E-17
8.170000E+03	2.345509E-15	4.622013E-17
8.180000E+03	2.340995E-15	4.651282E-17
8.190000E+03	2.336917E-15	4.681829E-17
8.200000E+03	2.333417E-15	4.713940E-17
8.210000E+03	2.330453E-15	4.747538E-17
8.220000E+03	2.328240E-15	4.783064E-17
8.230000E+03	2.326801E-15	4.820587E-17
8.240000E+03	2.326287E-15	4.860440E-17
8.250000E+03	2.326648E-15	4.902549E-17
8.260000E+03	2.328022E-15	4.947233E-17
8.270000E+03	2.330534E-15	4.994798E-17
8.280000E+03	2.334106E-15	5.045122E-17
8.290000E+03	2.338907E-15	5.098613E-17
8.300000E+03	2.344829E-15	5.155089E-17
8.310000E+03	2.351948E-15	5.214766E-17
8.320000E+03	2.360255E-15	5.277680E-17
8.330000E+03	2.369663E-15	5.343686E-17
8.340000E+03	2.380200E-15	5.412897E-17
8.350000E+03	2.391743E-15	5.485090E-17
8.360000E+03	2.404293E-15	5.560312E-17
8.370000E+03	2.417770E-15	5.638423E-17
8.380000E+03	2.431944E-15	5.718929E-17
8.390000E+03	2.446853E-15	5.801949E-17
8.400000E+03	2.462319E-15	5.887091E-17
8.410000E+03	2.478228E-15	5.974105E-17
8.420000E+03	2.494465E-15	6.062727E-17
8.430000E+03	2.510911E-15	6.152679E-17
8.440000E+03	2.527451E-15	6.243679E-17
8.450000E+03	2.543899E-15	6.335260E-17
8.460000E+03	2.560219E-15	6.427320E-17
8.470000E+03	2.576236E-15	6.519395E-17
8.480000E+03	2.591927E-15	6.611405E-17
8.490000E+03	2.607207E-15	6.703101E-17
8.500000E+03	2.621842E-15	6.793843E-17
8.510000E+03	2.635918E-15	6.883806E-17
8.520000E+03	2.649216E-15	6.972374E-17
8.530000E+03	2.661843E-15	7.059773E-17
8.540000E+03	2.673597E-15	7.145417E-17
8.550000E+03	2.684527E-15	7.229372E-17
8.560000E+03	2.694609E-15	7.311518E-17
8.570000E+03	2.703750E-15	7.391537E-17
8.580000E+03	2.712025E-15	7.469573E-17
8.590000E+03	2.719274E-15	7.545119E-17
8.600000E+03	2.725673E-15	7.618601E-17
8.610000E+03	2.731161E-15	7.689781E-17
8.620000E+03	2.735765E-15	7.758675E-17
8.630000E+03	2.739434E-15	7.825079E-17
8.640000E+03	2.742378E-15	7.889526E-17
8.650000E+03	2.744385E-15	7.951357E-17
8.660000E+03	2.745673E-15	8.011143E-17
8.670000E+03	2.746208E-15	8.068730E-17
8.680000E+03	2.745953E-15	8.123959E-17
8.690000E+03	2.745132E-15	8.177444E-17
8.700000E+03	2.743621E-15	8.228772E-17
8.710000E+03	2.741554E-15	8.278299E-17
8.720000E+03	2.738887E-15	8.325854E-17
8.730000E+03	2.735661E-15	8.371518E-17
8.740000E+03	2.731909E-15	8.415355E-17
8.750000E+03	2.727663E-15	8.457432E-17
8.760000E+03	2.722861E-15	8.497516E-17
8.770000E+03	2.717614E-15	8.535918E-17
8.780000E+03	2.711853E-15	8.572392E-17
8.790000E+03	2.705683E-15	8.607239E-17
8.800000E+03	2.698941E-15	8.639902E-17
8.810000E+03	2.691729E-15	8.670680E-17
8.820000E+03	2.684062E-15	8.699587E-17
8.830000E+03	2.675953E-15	8.726635E-17
8.840000E+03	2.667328E-15	8.751551E-17
8.850000E+03	2.658387E-15	8.774964E-17
8.860000E+03	2.649058E-15	8.796615E-17
8.870000E+03	2.639369E-15	8.816571E-17
8.880000E+03	2.629347E-15	8.834901E-17
8.890000E+03	2.619116E-15	8.852003E-17
8.900000E+03	2.608623E-15	8.867682E-17
8.910000E+03	2.598094E-15	8.882694E-17
8.920000E+03	2.587388E-15	8.896552E-17
8.930000E+03	2.576831E-15	8.910374E-17
8.940000E+03	2.566288E-15	8.923695E-17
8.950000E+03	2.555903E-15	8.937020E-17
8.960000E+03	2.545724E-15	8.950528E-17
8.970000E+03	2.535895E-15	8.964738E-17
8.980000E+03	2.526460E-15	8.979826E-17
8.990000E+03	2.517459E-15	8.995959E-17
9.000000E+03	2.508834E-15	9.012948E-17
9.040000E+03	2.480277E-15	9.097950E-17
9.080000E+03	2.461042E-15	9.211096E-17
9.120000E+03	2.450013E-15	9.350192E-17
9.160000E+03	2.443696E-15	9.503420E-17
9.200000E+03	2.437783E-15	9.654702E-17
9.240000E+03	2.428078E-15	9.787181E-17
9.280000E+03	2.411459E-15	9.887241E-17
9.320000E+03	2.385492E-15	9.943329E-17
9.360000E+03	2.349392E-15	9.950271E-17
9.400000E+03	2.303829E-15	9.909015E-17
9.440000E+03	2.250382E-15	9.824728E-17
9.480000E+03	2.190717E-15	9.703446E-17
9.520000E+03	2.126745E-15	9.552767E-17
9.560000E+03	2.060660E-15	9.382099E-17
9.600000E+03	1.994262E-15	9.199596E-17
9.640000E+03	1.929598E-15	9.014995E-17
9.680000E+03	1.868166E-15	8.835926E-17
9.720000E+03	1.810428E-15	8.665385E-17
9.760000E+03	1.756381E-15	8.504192E-17
9.800000E+03	1.705226E-15	8.349253E-17
9.840000E+03	1.656028E-15	8.196596E-17
9.880000E+03	1.607444E-15	8.039995E-17
9.920000E+03	1.558001E-15	7.872289E-17
9.960000E+03	1.506137E-15	7.685548E-17
1.000000E+04	1.450664E-15	7.473480E-17
1.004000E+04	1.391184E-15	7.233679E-17
1.008000E+04	1.327771E-15	6.966161E-17
1.012000E+04	1.261611E-15	6.676864E-17
1.016000E+04	1.194619E-15	6.375858E-17
1.020000E+04	1.129028E-15	6.075260E-17
1.024000E+04	1.066653E-15	5.785311E-17
1.028000E+04	1.008763E-15	5.513560E-17
1.032000E+04	9.561565E-16	5.265147E-17
