#wls	flux	fluxerr
1.600000E+03	4.875536E-17	1.181213E-17
1.640000E+03	4.876371E-17	1.181398E-17
1.680000E+03	4.882180E-17	1.182788E-17
1.720000E+03	4.894050E-17	1.185646E-17
1.760000E+03	4.911379E-17	1.189826E-17
1.800000E+03	4.935285E-17	1.195599E-17
1.840000E+03	4.966052E-17	1.203034E-17
1.880000E+03	5.002252E-17	1.211784E-17
1.920000E+03	5.046795E-17	1.222554E-17
1.960000E+03	5.098291E-17	1.235008E-17
2.000000E+03	5.157979E-17	1.249445E-17
2.040000E+03	5.225364E-17	1.265746E-17
2.080000E+03	5.301757E-17	1.284228E-17
2.120000E+03	5.386703E-17	1.304781E-17
2.160000E+03	5.481592E-17	1.327741E-17
2.200000E+03	5.586961E-17	1.353237E-17
2.240000E+03	5.703383E-17	1.381410E-17
2.280000E+03	5.830498E-17	1.412171E-17
2.320000E+03	5.969911E-17	1.445909E-17
2.360000E+03	6.122331E-17	1.482795E-17
2.400000E+03	6.287470E-17	1.522760E-17
2.440000E+03	6.467134E-17	1.566240E-17
2.480000E+03	6.662187E-17	1.613445E-17
2.520000E+03	6.873542E-17	1.664595E-17
2.560000E+03	7.102176E-17	1.719927E-17
2.600000E+03	7.347923E-17	1.779400E-17
2.640000E+03	7.613001E-17	1.843551E-17
2.680000E+03	7.898558E-17	1.912657E-17
2.720000E+03	8.205795E-17	1.987010E-17
2.760000E+03	8.535978E-17	2.066915E-17
2.800000E+03	8.889004E-17	2.152346E-17
2.840000E+03	9.269030E-17	2.244310E-17
2.880000E+03	9.674573E-17	2.342448E-17
2.920000E+03	1.010850E-16	2.447453E-17
2.960000E+03	1.057230E-16	2.559684E-17
3.000000E+03	1.106749E-16	2.679507E-17
3.010000E+03	1.119522E-16	2.710415E-17
3.020000E+03	1.132666E-16	2.742220E-17
3.030000E+03	1.146011E-16	2.774510E-17
3.040000E+03	1.159378E-16	2.806855E-17
3.050000E+03	1.173127E-16	2.840124E-17
3.060000E+03	1.187083E-16	2.873892E-17
3.070000E+03	1.201248E-16	2.908166E-17
3.080000E+03	1.215622E-16	2.942947E-17
3.090000E+03	1.230210E-16	2.978243E-17
3.100000E+03	1.245011E-16	3.014057E-17
3.110000E+03	1.260029E-16	3.050395E-17
3.120000E+03	1.275265E-16	3.087259E-17
3.130000E+03	1.290919E-16	3.125134E-17
3.140000E+03	1.306600E-16	3.163076E-17
3.150000E+03	1.322504E-16	3.201558E-17
3.160000E+03	1.338635E-16	3.240585E-17
3.170000E+03	1.355198E-16	3.280660E-17
3.180000E+03	1.371786E-16	3.320796E-17
3.190000E+03	1.388817E-16	3.362001E-17
3.200000E+03	1.405872E-16	3.403265E-17
3.210000E+03	1.423376E-16	3.445615E-17
3.220000E+03	1.441120E-16	3.488546E-17
3.230000E+03	1.458887E-16	3.531530E-17
3.240000E+03	1.477115E-16	3.575631E-17
3.250000E+03	1.495587E-16	3.620322E-17
3.260000E+03	1.514305E-16	3.665609E-17
3.270000E+03	1.533272E-16	3.711498E-17
3.280000E+03	1.552487E-16	3.757985E-17
3.290000E+03	1.571953E-16	3.805078E-17
3.300000E+03	1.591671E-16	3.852782E-17
3.310000E+03	1.611641E-16	3.901095E-17
3.320000E+03	1.631864E-16	3.950020E-17
3.330000E+03	1.652341E-16	3.999561E-17
3.340000E+03	1.673075E-16	4.049719E-17
3.350000E+03	1.694063E-16	4.100496E-17
3.360000E+03	1.715563E-16	4.152509E-17
3.370000E+03	1.737069E-16	4.204535E-17
3.380000E+03	1.758833E-16	4.257185E-17
3.390000E+03	1.781118E-16	4.311096E-17
3.400000E+03	1.803402E-16	4.365004E-17
3.410000E+03	1.826212E-16	4.420184E-17
3.420000E+03	1.849018E-16	4.475352E-17
3.430000E+03	1.872355E-16	4.531807E-17
3.440000E+03	1.895957E-16	4.588902E-17
3.450000E+03	1.919544E-16	4.645960E-17
3.460000E+03	1.943674E-16	4.704330E-17
3.470000E+03	1.968066E-16	4.763334E-17
3.480000E+03	1.992432E-16	4.822276E-17
3.490000E+03	2.017348E-16	4.882546E-17
3.500000E+03	2.042525E-16	4.943447E-17
3.510000E+03	2.067964E-16	5.004983E-17
3.520000E+03	2.093661E-16	5.067143E-17
3.530000E+03	2.119619E-16	5.129931E-17
3.540000E+03	2.145832E-16	5.193336E-17
3.550000E+03	2.172301E-16	5.257362E-17
3.560000E+03	2.199025E-16	5.322003E-17
3.570000E+03	2.226000E-16	5.387250E-17
3.580000E+03	2.253225E-16	5.453101E-17
3.590000E+03	2.280698E-16	5.519552E-17
3.600000E+03	2.308415E-16	5.586593E-17
3.610000E+03	2.336708E-16	5.655027E-17
3.620000E+03	2.364913E-16	5.723244E-17
3.630000E+03	2.393354E-16	5.792034E-17
3.640000E+03	2.422028E-16	5.861387E-17
3.650000E+03	2.451279E-16	5.932136E-17
3.660000E+03	2.480414E-16	6.002603E-17
3.670000E+03	2.509772E-16	6.073607E-17
3.680000E+03	2.539706E-16	6.146005E-17
3.690000E+03	2.569502E-16	6.218068E-17
3.700000E+03	2.599872E-16	6.291520E-17
3.710000E+03	2.630086E-16	6.364594E-17
3.720000E+03	2.660874E-16	6.439055E-17
3.730000E+03	2.691491E-16	6.513099E-17
3.740000E+03	2.722675E-16	6.588519E-17
3.750000E+03	2.753669E-16	6.663474E-17
3.760000E+03	2.785230E-16	6.739802E-17
3.770000E+03	2.816580E-16	6.815619E-17
3.780000E+03	2.848491E-16	6.892791E-17
3.790000E+03	2.880171E-16	6.969405E-17
3.800000E+03	2.912408E-16	7.047363E-17
3.810000E+03	2.944798E-16	7.125692E-17
3.820000E+03	2.976925E-16	7.203383E-17
3.830000E+03	3.009597E-16	7.282393E-17
3.840000E+03	3.042400E-16	7.361719E-17
3.850000E+03	3.074905E-16	7.440321E-17
3.860000E+03	3.107943E-16	7.520213E-17
3.870000E+03	3.141086E-16	7.600359E-17
3.880000E+03	3.173895E-16	7.679696E-17
3.890000E+03	3.207220E-16	7.760280E-17
3.900000E+03	3.240624E-16	7.841054E-17
3.910000E+03	3.273654E-16	7.920922E-17
3.920000E+03	3.307183E-16	8.001997E-17
3.930000E+03	3.340762E-16	8.083190E-17
3.940000E+03	3.373923E-16	8.163374E-17
3.950000E+03	3.407564E-16	8.244715E-17
3.960000E+03	3.441222E-16	8.326099E-17
3.970000E+03	3.474885E-16	8.407493E-17
3.980000E+03	3.508072E-16	8.487735E-17
3.990000E+03	3.541709E-16	8.569064E-17
4.000000E+03	3.575314E-16	8.650317E-17
4.010000E+03	3.608398E-16	8.730306E-17
4.020000E+03	3.641904E-16	8.811317E-17
4.030000E+03	3.675344E-16	8.892167E-17
4.040000E+03	3.708210E-16	8.971628E-17
4.050000E+03	3.741472E-16	9.052046E-17
4.060000E+03	3.774628E-16	9.132207E-17
4.070000E+03	3.807160E-16	9.210856E-17
4.080000E+03	3.840058E-16	9.290392E-17
4.090000E+03	3.872298E-16	9.368334E-17
4.100000E+03	3.904883E-16	9.447110E-17
4.110000E+03	3.937291E-16	9.525458E-17
4.120000E+03	3.968988E-16	9.602083E-17
4.130000E+03	4.000996E-16	9.679462E-17
4.140000E+03	4.032256E-16	9.755032E-17
4.150000E+03	4.063807E-16	9.831302E-17
4.160000E+03	4.094571E-16	9.905671E-17
4.170000E+03	4.125603E-16	9.980686E-17
4.180000E+03	4.155814E-16	1.005372E-16
4.190000E+03	4.185724E-16	1.012601E-16
4.200000E+03	4.215863E-16	1.019887E-16
4.210000E+03	4.245126E-16	1.026960E-16
4.220000E+03	4.274043E-16	1.033950E-16
4.230000E+03	4.303153E-16	1.040986E-16
4.240000E+03	4.331334E-16	1.047798E-16
4.250000E+03	4.359123E-16	1.054514E-16
4.260000E+03	4.387069E-16	1.061269E-16
4.270000E+03	4.414030E-16	1.067785E-16
4.280000E+03	4.440557E-16	1.074197E-16
4.290000E+03	4.466631E-16	1.080498E-16
4.300000E+03	4.492241E-16	1.086688E-16
4.310000E+03	4.517371E-16	1.092761E-16
4.320000E+03	4.542008E-16	1.098715E-16
4.330000E+03	4.566137E-16	1.104546E-16
4.340000E+03	4.589748E-16	1.110252E-16
4.350000E+03	4.612824E-16	1.115829E-16
4.360000E+03	4.635354E-16	1.121273E-16
4.370000E+03	4.657326E-16	1.126582E-16
4.380000E+03	4.678136E-16	1.131611E-16
4.390000E+03	4.698955E-16	1.136641E-16
4.400000E+03	4.719181E-16	1.141528E-16
4.410000E+03	4.738207E-16	1.146125E-16
4.420000E+03	4.757215E-16	1.150718E-16
4.430000E+03	4.775001E-16	1.155015E-16
4.440000E+03	4.792754E-16	1.159304E-16
4.450000E+03	4.809265E-16	1.163292E-16
4.460000E+03	4.825730E-16	1.167270E-16
4.470000E+03	4.840936E-16	1.170943E-16
4.480000E+03	4.855480E-16	1.174456E-16
4.490000E+03	4.869963E-16	1.177954E-16
4.500000E+03	4.883167E-16	1.181143E-16
4.510000E+03	4.895696E-16	1.184169E-16
4.520000E+03	4.907545E-16	1.187030E-16
4.530000E+03	4.918713E-16	1.189727E-16
4.540000E+03	4.929196E-16	1.192258E-16
4.550000E+03	4.938996E-16	1.194623E-16
4.560000E+03	4.948109E-16	1.196823E-16
4.570000E+03	4.956538E-16	1.198858E-16
4.580000E+03	4.963672E-16	1.200579E-16
4.590000E+03	4.970734E-16	1.202283E-16
4.600000E+03	4.977117E-16	1.203822E-16
4.610000E+03	4.982210E-16	1.205050E-16
4.620000E+03	4.987240E-16	1.206263E-16
4.630000E+03	4.990989E-16	1.207166E-16
4.640000E+03	4.994684E-16	1.208056E-16
4.650000E+03	4.997107E-16	1.208638E-16
4.660000E+03	4.998876E-16	1.209062E-16
4.670000E+03	4.999997E-16	1.209330E-16
4.680000E+03	5.001084E-16	1.209589E-16
4.690000E+03	5.000928E-16	1.209548E-16
4.700000E+03	5.000145E-16	1.209355E-16
4.710000E+03	4.998742E-16	1.209013E-16
4.720000E+03	4.996123E-16	1.208376E-16
4.730000E+03	4.993508E-16	1.207740E-16
4.740000E+03	4.990300E-16	1.206961E-16
4.750000E+03	4.986508E-16	1.206041E-16
4.760000E+03	4.981540E-16	1.204837E-16
4.770000E+03	4.976611E-16	1.203642E-16
4.780000E+03	4.970528E-16	1.202168E-16
4.790000E+03	4.964501E-16	1.200708E-16
4.800000E+03	4.957345E-16	1.198975E-16
4.810000E+03	4.949670E-16	1.197116E-16
4.820000E+03	4.941487E-16	1.195135E-16
4.830000E+03	4.932807E-16	1.193033E-16
4.840000E+03	4.923640E-16	1.190814E-16
4.850000E+03	4.914000E-16	1.188480E-16
4.860000E+03	4.903898E-16	1.186035E-16
4.870000E+03	4.893345E-16	1.183481E-16
4.880000E+03	4.882353E-16	1.180820E-16
4.890000E+03	4.870353E-16	1.177917E-16
4.900000E+03	4.858521E-16	1.175053E-16
4.910000E+03	4.845709E-16	1.171953E-16
4.920000E+03	4.833085E-16	1.168898E-16
4.930000E+03	4.819508E-16	1.165613E-16
4.940000E+03	4.805569E-16	1.162241E-16
4.950000E+03	4.791846E-16	1.158921E-16
4.960000E+03	4.777214E-16	1.155381E-16
4.970000E+03	4.762254E-16	1.151761E-16
4.980000E+03	4.746977E-16	1.148066E-16
4.990000E+03	4.731396E-16	1.144296E-16
5.000000E+03	4.714965E-16	1.140322E-16
5.010000E+03	4.698811E-16	1.136414E-16
5.020000E+03	4.682388E-16	1.132442E-16
5.030000E+03	4.665155E-16	1.128273E-16
5.040000E+03	4.648225E-16	1.124178E-16
5.050000E+03	4.630514E-16	1.119894E-16
5.060000E+03	4.613121E-16	1.115687E-16
5.070000E+03	4.594973E-16	1.111298E-16
5.080000E+03	4.576623E-16	1.106860E-16
5.090000E+03	4.558083E-16	1.102376E-16
5.100000E+03	4.539360E-16	1.097848E-16
5.110000E+03	4.520467E-16	1.093278E-16
5.120000E+03	4.501411E-16	1.088670E-16
5.130000E+03	4.482201E-16	1.084024E-16
5.140000E+03	4.462326E-16	1.079218E-16
5.150000E+03	4.442842E-16	1.074506E-16
5.160000E+03	4.423231E-16	1.069763E-16
5.170000E+03	4.402989E-16	1.064868E-16
5.180000E+03	4.383153E-16	1.060072E-16
5.190000E+03	4.362709E-16	1.055128E-16
5.200000E+03	4.342175E-16	1.050163E-16
5.210000E+03	4.321561E-16	1.045178E-16
5.220000E+03	4.300875E-16	1.040176E-16
5.230000E+03	4.280122E-16	1.035158E-16
5.240000E+03	4.259310E-16	1.030125E-16
5.250000E+03	4.238445E-16	1.025080E-16
5.260000E+03	4.217536E-16	1.020024E-16
5.270000E+03	4.196586E-16	1.014959E-16
5.280000E+03	4.175120E-16	1.009769E-16
5.290000E+03	4.154112E-16	1.004689E-16
5.300000E+03	4.132605E-16	9.994892E-17
5.310000E+03	4.111562E-16	9.944016E-17
5.320000E+03	4.090036E-16	9.891970E-17
5.330000E+03	4.068509E-16	9.839923E-17
5.340000E+03	4.046986E-16	9.787886E-17
5.350000E+03	4.025938E-16	9.736999E-17
5.360000E+03	4.004435E-16	9.685012E-17
5.370000E+03	3.982951E-16	9.633071E-17
5.380000E+03	3.961032E-16	9.580080E-17
5.390000E+03	3.939598E-16	9.528261E-17
5.400000E+03	3.918195E-16	9.476519E-17
5.410000E+03	3.896825E-16	9.424856E-17
5.420000E+03	3.875046E-16	9.372205E-17
5.430000E+03	3.853755E-16	9.320734E-17
5.440000E+03	3.832068E-16	9.268304E-17
5.450000E+03	3.810432E-16	9.216002E-17
5.460000E+03	3.789286E-16	9.164883E-17
5.470000E+03	3.767758E-16	9.112841E-17
5.480000E+03	3.746291E-16	9.060946E-17
5.490000E+03	3.724886E-16	9.009201E-17
5.500000E+03	3.703544E-16	8.957612E-17
5.510000E+03	3.682270E-16	8.906184E-17
5.520000E+03	3.661064E-16	8.854922E-17
5.530000E+03	3.639928E-16	8.803831E-17
5.540000E+03	3.618864E-16	8.752913E-17
5.550000E+03	3.597463E-16	8.701179E-17
5.560000E+03	3.576550E-16	8.650628E-17
5.570000E+03	3.555308E-16	8.599280E-17
5.580000E+03	3.534552E-16	8.549109E-17
5.590000E+03	3.513475E-16	8.498161E-17
5.600000E+03	3.492484E-16	8.447419E-17
5.610000E+03	3.471975E-16	8.397847E-17
5.620000E+03	3.451156E-16	8.347522E-17
5.630000E+03	3.430424E-16	8.297410E-17
5.640000E+03	3.409782E-16	8.247515E-17
5.650000E+03	3.389229E-16	8.197835E-17
5.660000E+03	3.368769E-16	8.148379E-17
5.670000E+03	3.348399E-16	8.099141E-17
5.680000E+03	3.328122E-16	8.050129E-17
5.690000E+03	3.307559E-16	8.000425E-17
5.700000E+03	3.287469E-16	7.951865E-17
5.710000E+03	3.267472E-16	7.903532E-17
5.720000E+03	3.247199E-16	7.854528E-17
5.730000E+03	3.227393E-16	7.806656E-17
5.740000E+03	3.207316E-16	7.758127E-17
5.750000E+03	3.187337E-16	7.709835E-17
5.760000E+03	3.167819E-16	7.662660E-17
5.770000E+03	3.148039E-16	7.614849E-17
5.780000E+03	3.128356E-16	7.567274E-17
5.790000E+03	3.108774E-16	7.519943E-17
5.800000E+03	3.089292E-16	7.472854E-17
5.810000E+03	3.069910E-16	7.426005E-17
5.820000E+03	3.050627E-16	7.379398E-17
5.830000E+03	3.031446E-16	7.333035E-17
5.840000E+03	3.012363E-16	7.286911E-17
5.850000E+03	2.993381E-16	7.241030E-17
5.860000E+03	2.974498E-16	7.195388E-17
5.870000E+03	2.955378E-16	7.149174E-17
5.880000E+03	2.936698E-16	7.104024E-17
5.890000E+03	2.917785E-16	7.058309E-17
5.900000E+03	2.899306E-16	7.013644E-17
5.910000E+03	2.880598E-16	6.968425E-17
5.920000E+03	2.862320E-16	6.924248E-17
5.930000E+03	2.843818E-16	6.879525E-17
5.940000E+03	2.825419E-16	6.835054E-17
5.950000E+03	2.807443E-16	6.791607E-17
5.960000E+03	2.789250E-16	6.747631E-17
5.970000E+03	2.771159E-16	6.703904E-17
5.980000E+03	2.753172E-16	6.660428E-17
5.990000E+03	2.735288E-16	6.617202E-17
6.000000E+03	2.717508E-16	6.574225E-17
6.010000E+03	2.699831E-16	6.531498E-17
6.020000E+03	2.682256E-16	6.489019E-17
6.030000E+03	2.664785E-16	6.446788E-17
6.040000E+03	2.647417E-16	6.404808E-17
6.050000E+03	2.630151E-16	6.363076E-17
6.060000E+03	2.612692E-16	6.320874E-17
6.070000E+03	2.595635E-16	6.279646E-17
6.080000E+03	2.578681E-16	6.238667E-17
6.090000E+03	2.561539E-16	6.197231E-17
6.100000E+03	2.544793E-16	6.156755E-17
6.110000E+03	2.527863E-16	6.115832E-17
6.120000E+03	2.511326E-16	6.075861E-17
6.130000E+03	2.494609E-16	6.035453E-17
6.140000E+03	2.477999E-16	5.995304E-17
6.150000E+03	2.461777E-16	5.956093E-17
6.160000E+03	2.445380E-16	5.916459E-17
6.170000E+03	2.429091E-16	5.877084E-17
6.180000E+03	2.413184E-16	5.838636E-17
6.190000E+03	2.397110E-16	5.799782E-17
6.200000E+03	2.381143E-16	5.761188E-17
6.210000E+03	2.365285E-16	5.722854E-17
6.220000E+03	2.349535E-16	5.684783E-17
6.230000E+03	2.333894E-16	5.646976E-17
6.240000E+03	2.318363E-16	5.609434E-17
6.250000E+03	2.302940E-16	5.572153E-17
6.260000E+03	2.287627E-16	5.535140E-17
6.270000E+03	2.272423E-16	5.498388E-17
6.280000E+03	2.257072E-16	5.461281E-17
6.290000E+03	2.242091E-16	5.425066E-17
6.300000E+03	2.227220E-16	5.389119E-17
6.310000E+03	2.212459E-16	5.353439E-17
6.320000E+03	2.197559E-16	5.317420E-17
6.330000E+03	2.183021E-16	5.282280E-17
6.340000E+03	2.168596E-16	5.247411E-17
6.350000E+03	2.154036E-16	5.212215E-17
6.360000E+03	2.139836E-16	5.177888E-17
6.370000E+03	2.125505E-16	5.143247E-17
6.380000E+03	2.111530E-16	5.109465E-17
6.390000E+03	2.097429E-16	5.075377E-17
6.400000E+03	2.083683E-16	5.042150E-17
6.410000E+03	2.069812E-16	5.008618E-17
6.420000E+03	2.056058E-16	4.975368E-17
6.430000E+03	2.042654E-16	4.942967E-17
6.440000E+03	2.029132E-16	4.910279E-17
6.450000E+03	2.015727E-16	4.877875E-17
6.460000E+03	2.002439E-16	4.845752E-17
6.470000E+03	1.989495E-16	4.814463E-17
6.480000E+03	1.976440E-16	4.782902E-17
6.490000E+03	1.963502E-16	4.751628E-17
6.500000E+03	1.950683E-16	4.720637E-17
6.510000E+03	1.937980E-16	4.689930E-17
6.520000E+03	1.925395E-16	4.659507E-17
6.530000E+03	1.912928E-16	4.629368E-17
6.540000E+03	1.900579E-16	4.599515E-17
6.550000E+03	1.888347E-16	4.569946E-17
6.560000E+03	1.876233E-16	4.540661E-17
6.570000E+03	1.864238E-16	4.511662E-17
6.580000E+03	1.852358E-16	4.482944E-17
6.590000E+03	1.840598E-16	4.454513E-17
6.600000E+03	1.828954E-16	4.426366E-17
6.610000E+03	1.817220E-16	4.397998E-17
6.620000E+03	1.805812E-16	4.370418E-17
6.630000E+03	1.794522E-16	4.343125E-17
6.640000E+03	1.783347E-16	4.316110E-17
6.650000E+03	1.772086E-16	4.288886E-17
6.660000E+03	1.761145E-16	4.262438E-17
6.670000E+03	1.750322E-16	4.236271E-17
6.680000E+03	1.739413E-16	4.209898E-17
6.690000E+03	1.728820E-16	4.184291E-17
6.700000E+03	1.718144E-16	4.158480E-17
6.710000E+03	1.707781E-16	4.133429E-17
6.720000E+03	1.697337E-16	4.108179E-17
6.730000E+03	1.687204E-16	4.083682E-17
6.740000E+03	1.676989E-16	4.058986E-17
6.750000E+03	1.667081E-16	4.035034E-17
6.760000E+03	1.657094E-16	4.010889E-17
6.770000E+03	1.647409E-16	3.987476E-17
6.780000E+03	1.637645E-16	3.963871E-17
6.790000E+03	1.627994E-16	3.940538E-17
6.800000E+03	1.618640E-16	3.917924E-17
6.810000E+03	1.609207E-16	3.895120E-17
6.820000E+03	1.599884E-16	3.872580E-17
6.830000E+03	1.590854E-16	3.850750E-17
6.840000E+03	1.581745E-16	3.828727E-17
6.850000E+03	1.572743E-16	3.806964E-17
6.860000E+03	1.563845E-16	3.785453E-17
6.870000E+03	1.555052E-16	3.764196E-17
6.880000E+03	1.546363E-16	3.743189E-17
6.890000E+03	1.537775E-16	3.722426E-17
6.900000E+03	1.529465E-16	3.702337E-17
6.910000E+03	1.521078E-16	3.682059E-17
6.920000E+03	1.512788E-16	3.662017E-17
6.930000E+03	1.504595E-16	3.642211E-17
6.940000E+03	1.496499E-16	3.622637E-17
6.950000E+03	1.488496E-16	3.603290E-17
6.960000E+03	1.480416E-16	3.583754E-17
6.970000E+03	1.472600E-16	3.564858E-17
6.980000E+03	1.464874E-16	3.546179E-17
6.990000E+03	1.457237E-16	3.527717E-17
7.000000E+03	1.449688E-16	3.509466E-17
7.010000E+03	1.442224E-16	3.491421E-17
7.020000E+03	1.434845E-16	3.473582E-17
7.030000E+03	1.427384E-16	3.455542E-17
7.040000E+03	1.420169E-16	3.438100E-17
7.050000E+03	1.413036E-16	3.420854E-17
7.060000E+03	1.405816E-16	3.403398E-17
7.070000E+03	1.398837E-16	3.386527E-17
7.080000E+03	1.391932E-16	3.369833E-17
7.090000E+03	1.384940E-16	3.352928E-17
7.100000E+03	1.378182E-16	3.336588E-17
7.110000E+03	1.371493E-16	3.320418E-17
7.120000E+03	1.364713E-16	3.304024E-17
7.130000E+03	1.358160E-16	3.288182E-17
7.140000E+03	1.351513E-16	3.272111E-17
7.150000E+03	1.345087E-16	3.256575E-17
7.160000E+03	1.338566E-16	3.240810E-17
7.170000E+03	1.332105E-16	3.225190E-17
7.180000E+03	1.325860E-16	3.210090E-17
7.190000E+03	1.319515E-16	3.194750E-17
7.200000E+03	1.313226E-16	3.179544E-17
7.210000E+03	1.307143E-16	3.164836E-17
7.220000E+03	1.300958E-16	3.149883E-17
7.230000E+03	1.294824E-16	3.135052E-17
7.240000E+03	1.288739E-16	3.120338E-17
7.250000E+03	1.282850E-16	3.106100E-17
7.260000E+03	1.276855E-16	3.091606E-17
7.270000E+03	1.270903E-16	3.077214E-17
7.280000E+03	1.264992E-16	3.062923E-17
7.290000E+03	1.259122E-16	3.048729E-17
7.300000E+03	1.253290E-16	3.034626E-17
7.310000E+03	1.247494E-16	3.020613E-17
7.320000E+03	1.241733E-16	3.006682E-17
7.330000E+03	1.236004E-16	2.992830E-17
7.340000E+03	1.230309E-16	2.979058E-17
7.350000E+03	1.224642E-16	2.965356E-17
7.360000E+03	1.219004E-16	2.951723E-17
7.370000E+03	1.213393E-16	2.938156E-17
7.380000E+03	1.207807E-16	2.924648E-17
7.390000E+03	1.202104E-16	2.910856E-17
7.400000E+03	1.196566E-16	2.897465E-17
7.410000E+03	1.191049E-16	2.884123E-17
7.420000E+03	1.185553E-16	2.870831E-17
7.430000E+03	1.179934E-16	2.857245E-17
7.440000E+03	1.174474E-16	2.844039E-17
7.450000E+03	1.169030E-16	2.830875E-17
7.460000E+03	1.163462E-16	2.817410E-17
7.470000E+03	1.158047E-16	2.804312E-17
7.480000E+03	1.152508E-16	2.790917E-17
7.490000E+03	1.147118E-16	2.777881E-17
7.500000E+03	1.141602E-16	2.764541E-17
7.510000E+03	1.136233E-16	2.751555E-17
7.520000E+03	1.130737E-16	2.738263E-17
7.530000E+03	1.125250E-16	2.724992E-17
7.540000E+03	1.119905E-16	2.712065E-17
7.550000E+03	1.114433E-16	2.698830E-17
7.560000E+03	1.108968E-16	2.685610E-17
7.570000E+03	1.103640E-16	2.672724E-17
7.580000E+03	1.098186E-16	2.659530E-17
7.590000E+03	1.092736E-16	2.646347E-17
7.600000E+03	1.087290E-16	2.633174E-17
7.610000E+03	1.081847E-16	2.620009E-17
7.620000E+03	1.076408E-16	2.606852E-17
7.630000E+03	1.070972E-16	2.593702E-17
7.640000E+03	1.065539E-16	2.580558E-17
7.650000E+03	1.060107E-16	2.567419E-17
7.660000E+03	1.054678E-16	2.554285E-17
7.670000E+03	1.049251E-16	2.541156E-17
7.680000E+03	1.043826E-16	2.528031E-17
7.690000E+03	1.038402E-16	2.514910E-17
7.700000E+03	1.032980E-16	2.501793E-17
7.710000E+03	1.027560E-16	2.488680E-17
7.720000E+03	1.022019E-16	2.475274E-17
7.730000E+03	1.016604E-16	2.462172E-17
7.740000E+03	1.011191E-16	2.449075E-17
7.750000E+03	1.005659E-16	2.435691E-17
7.760000E+03	1.000252E-16	2.422609E-17
7.770000E+03	9.947282E-17	2.409243E-17
7.780000E+03	9.893287E-17	2.396179E-17
7.790000E+03	9.839332E-17	2.383124E-17
7.800000E+03	9.784239E-17	2.369793E-17
7.810000E+03	9.729208E-17	2.356477E-17
7.820000E+03	9.675419E-17	2.343462E-17
7.830000E+03	9.620525E-17	2.330178E-17
7.840000E+03	9.565713E-17	2.316915E-17
7.850000E+03	9.512145E-17	2.303952E-17
7.860000E+03	9.457511E-17	2.290731E-17
7.870000E+03	9.402980E-17	2.277535E-17
7.880000E+03	9.348561E-17	2.264366E-17
7.890000E+03	9.294261E-17	2.251226E-17
7.900000E+03	9.241216E-17	2.238389E-17
7.910000E+03	9.187176E-17	2.225311E-17
7.920000E+03	9.133282E-17	2.212268E-17
7.930000E+03	9.079543E-17	2.199263E-17
7.940000E+03	9.025970E-17	2.186298E-17
7.950000E+03	8.972571E-17	2.173374E-17
7.960000E+03	8.918266E-17	2.160231E-17
7.970000E+03	8.865253E-17	2.147401E-17
7.980000E+03	8.812445E-17	2.134620E-17
7.990000E+03	8.759853E-17	2.121892E-17
8.000000E+03	8.707487E-17	2.109218E-17
8.010000E+03	8.654293E-17	2.096343E-17
8.020000E+03	8.602415E-17	2.083787E-17
8.030000E+03	8.550795E-17	2.071293E-17
8.040000E+03	8.498395E-17	2.058610E-17
8.050000E+03	8.447327E-17	2.046249E-17
8.060000E+03	8.395510E-17	2.033707E-17
8.070000E+03	8.345033E-17	2.021490E-17
8.080000E+03	8.293841E-17	2.009098E-17
8.090000E+03	8.243999E-17	1.997034E-17
8.100000E+03	8.193471E-17	1.984804E-17
8.110000E+03	8.143291E-17	1.972658E-17
8.120000E+03	8.094477E-17	1.960842E-17
8.130000E+03	8.045020E-17	1.948870E-17
8.140000E+03	7.995941E-17	1.936990E-17
8.150000E+03	7.947247E-17	1.925203E-17
8.160000E+03	7.898950E-17	1.913512E-17
8.170000E+03	7.852033E-17	1.902155E-17
8.180000E+03	7.804544E-17	1.890660E-17
8.190000E+03	7.757475E-17	1.879266E-17
8.200000E+03	7.710831E-17	1.867975E-17
8.210000E+03	7.664622E-17	1.856789E-17
8.220000E+03	7.618853E-17	1.845709E-17
8.230000E+03	7.573531E-17	1.834738E-17
8.240000E+03	7.527719E-17	1.823648E-17
8.250000E+03	7.483314E-17	1.812899E-17
8.260000E+03	7.439374E-17	1.802262E-17
8.270000E+03	7.395903E-17	1.791738E-17
8.280000E+03	7.352908E-17	1.781330E-17
8.290000E+03	7.309470E-17	1.770814E-17
8.300000E+03	7.267441E-17	1.760640E-17
8.310000E+03	7.225899E-17	1.750583E-17
8.320000E+03	7.183938E-17	1.740425E-17
8.330000E+03	7.143383E-17	1.730607E-17
8.340000E+03	7.102425E-17	1.720692E-17
8.350000E+03	7.062869E-17	1.711116E-17
8.360000E+03	7.022921E-17	1.701445E-17
8.370000E+03	6.984371E-17	1.692112E-17
8.380000E+03	6.945441E-17	1.682687E-17
8.390000E+03	6.907902E-17	1.673600E-17
8.400000E+03	6.869992E-17	1.664422E-17
8.410000E+03	6.832596E-17	1.655369E-17
8.420000E+03	6.796579E-17	1.646649E-17
8.430000E+03	6.760204E-17	1.637843E-17
8.440000E+03	6.724341E-17	1.629161E-17
8.450000E+03	6.688988E-17	1.620602E-17
8.460000E+03	6.654997E-17	1.612373E-17
8.470000E+03	6.620659E-17	1.604060E-17
8.480000E+03	6.586826E-17	1.595869E-17
8.490000E+03	6.553498E-17	1.587800E-17
8.500000E+03	6.520672E-17	1.579853E-17
8.510000E+03	6.488345E-17	1.572027E-17
8.520000E+03	6.456515E-17	1.564321E-17
8.530000E+03	6.425180E-17	1.556735E-17
8.540000E+03	6.394335E-17	1.549268E-17
8.550000E+03	6.363978E-17	1.541918E-17
8.560000E+03	6.334105E-17	1.534686E-17
8.570000E+03	6.304713E-17	1.527571E-17
8.580000E+03	6.274985E-17	1.520373E-17
8.590000E+03	6.246546E-17	1.513488E-17
8.600000E+03	6.218576E-17	1.506717E-17
8.610000E+03	6.191070E-17	1.500058E-17
8.620000E+03	6.164025E-17	1.493511E-17
8.630000E+03	6.136636E-17	1.486880E-17
8.640000E+03	6.110501E-17	1.480553E-17
8.650000E+03	6.084814E-17	1.474334E-17
8.660000E+03	6.058776E-17	1.468030E-17
8.670000E+03	6.033972E-17	1.462025E-17
8.680000E+03	6.009599E-17	1.456125E-17
8.690000E+03	5.984869E-17	1.450138E-17
8.700000E+03	5.961351E-17	1.444445E-17
8.710000E+03	5.937470E-17	1.438663E-17
8.720000E+03	5.914784E-17	1.433171E-17
8.730000E+03	5.891731E-17	1.427590E-17
8.740000E+03	5.869859E-17	1.422295E-17
8.750000E+03	5.847613E-17	1.416910E-17
8.760000E+03	5.826533E-17	1.411807E-17
8.770000E+03	5.805075E-17	1.406612E-17
8.780000E+03	5.784768E-17	1.401696E-17
8.790000E+03	5.764075E-17	1.396687E-17
8.800000E+03	5.743759E-17	1.391769E-17
8.810000E+03	5.724575E-17	1.387124E-17
8.820000E+03	5.704995E-17	1.382384E-17
8.830000E+03	5.685775E-17	1.377732E-17
8.840000E+03	5.667669E-17	1.373349E-17
8.850000E+03	5.649155E-17	1.368867E-17
8.860000E+03	5.630988E-17	1.364469E-17
8.870000E+03	5.613913E-17	1.360336E-17
8.880000E+03	5.596422E-17	1.356102E-17
8.890000E+03	5.579264E-17	1.351948E-17
8.900000E+03	5.562432E-17	1.347874E-17
8.910000E+03	5.545922E-17	1.343877E-17
8.920000E+03	5.530475E-17	1.340138E-17
8.930000E+03	5.514595E-17	1.336294E-17
8.940000E+03	5.499024E-17	1.332525E-17
8.950000E+03	5.483757E-17	1.328830E-17
8.960000E+03	5.468790E-17	1.325207E-17
8.970000E+03	5.454857E-17	1.321834E-17
8.980000E+03	5.440476E-17	1.318353E-17
8.990000E+03	5.426381E-17	1.314942E-17
9.000000E+03	5.412570E-17	1.311599E-17
9.040000E+03	5.360075E-17	1.298893E-17
9.080000E+03	5.312531E-17	1.287386E-17
9.120000E+03	5.268249E-17	1.276669E-17
9.160000E+03	5.227755E-17	1.266869E-17
9.200000E+03	5.191587E-17	1.258118E-17
9.240000E+03	5.158131E-17	1.250022E-17
9.280000E+03	5.128686E-17	1.242899E-17
9.320000E+03	5.101679E-17	1.236366E-17
9.360000E+03	5.078447E-17	1.230747E-17
9.400000E+03	5.058176E-17	1.225846E-17
9.440000E+03	5.040790E-17	1.221643E-17
9.480000E+03	5.026233E-17	1.218125E-17
9.520000E+03	5.014456E-17	1.215281E-17
9.560000E+03	5.006158E-17	1.213280E-17
9.600000E+03	5.000593E-17	1.211941E-17
9.640000E+03	4.997748E-17	1.211261E-17
9.680000E+03	4.998356E-17	1.211417E-17
9.720000E+03	5.001684E-17	1.212233E-17
9.760000E+03	5.008479E-17	1.213888E-17
9.800000E+03	5.018003E-17	1.216205E-17
9.840000E+03	5.030250E-17	1.219181E-17
9.880000E+03	5.045975E-17	1.223000E-17
9.920000E+03	5.064408E-17	1.227476E-17
9.960000E+03	5.085515E-17	1.232599E-17
1.000000E+04	5.110829E-17	1.238742E-17
1.004000E+04	5.137955E-17	1.245324E-17
1.008000E+04	5.169204E-17	1.252905E-17
1.012000E+04	5.202105E-17	1.260886E-17
1.016000E+04	5.238982E-17	1.269832E-17
1.020000E+04	5.277280E-17	1.279121E-17
1.024000E+04	5.319341E-17	1.289322E-17
1.028000E+04	5.363365E-17	1.299999E-17
1.032000E+04	5.409173E-17	1.311109E-17
