#wls	flux	fluxerr	mangling_mask
4.088823E+03	1.506318E-14	1.821570E-15	8.893655E-01
4.092910E+03	1.491797E-14	1.820801E-15	8.893508E-01
4.096997E+03	1.482879E-14	1.820302E-15	8.893362E-01
4.101083E+03	1.476363E-14	1.819919E-15	8.893216E-01
4.105170E+03	1.445569E-14	1.818425E-15	8.893072E-01
4.109257E+03	1.436030E-14	1.817916E-15	8.892927E-01
4.113344E+03	1.429782E-14	1.817559E-15	8.892784E-01
4.117431E+03	1.411618E-14	2.154922E-15	8.892641E-01
4.121518E+03	1.401191E-14	1.947321E-15	8.892499E-01
4.125605E+03	1.405793E-14	1.988095E-15	8.892358E-01
4.129692E+03	1.405237E-14	1.999659E-15	8.892218E-01
4.133779E+03	1.408327E-14	2.006021E-15	8.892078E-01
4.137866E+03	1.410973E-14	1.992029E-15	8.891939E-01
4.141953E+03	1.406327E-14	2.141996E-15	8.891801E-01
4.146039E+03	1.408706E-14	2.018885E-15	8.891663E-01
4.150126E+03	1.403528E-14	2.064754E-15	8.891527E-01
4.154213E+03	1.393192E-14	1.957288E-15	8.891391E-01
4.158300E+03	1.388370E-14	2.026654E-15	8.891256E-01
4.162387E+03	1.382658E-14	1.902927E-15	8.891122E-01
4.166474E+03	1.388239E-14	1.471099E-15	8.890988E-01
4.170561E+03	1.393197E-14	1.449283E-15	8.890856E-01
4.174648E+03	1.384997E-14	1.474332E-15	8.890724E-01
4.178735E+03	1.380531E-14	1.554771E-15	8.890593E-01
4.182822E+03	1.371976E-14	2.079788E-15	8.890463E-01
4.186909E+03	1.368578E-14	2.035431E-15	8.890334E-01
4.190995E+03	1.364824E-14	1.884559E-15	8.890206E-01
4.195083E+03	1.335556E-14	2.051389E-15	8.890078E-01
4.199169E+03	1.310912E-14	2.147617E-15	8.889952E-01
4.203256E+03	1.294892E-14	2.160308E-15	8.889826E-01
4.207343E+03	1.276028E-14	2.071626E-15	8.889701E-01
4.211430E+03	1.249252E-14	2.074188E-15	8.889578E-01
4.215517E+03	1.233145E-14	2.126958E-15	8.889455E-01
4.219604E+03	1.231261E-14	2.125608E-15	8.889333E-01
4.223691E+03	1.225378E-14	2.156549E-15	8.889212E-01
4.227778E+03	1.196472E-14	1.925005E-15	8.889091E-01
4.231865E+03	1.175655E-14	1.618332E-15	8.888972E-01
4.235952E+03	1.162484E-14	1.645631E-15	8.888854E-01
4.240038E+03	1.169313E-14	1.687141E-15	8.888737E-01
4.244125E+03	1.164320E-14	1.541541E-15	8.888620E-01
4.248212E+03	1.141906E-14	1.429782E-15	8.888505E-01
4.252299E+03	1.147402E-14	1.448570E-15	8.888391E-01
4.256386E+03	1.148277E-14	1.444361E-15	8.888278E-01
4.260473E+03	1.148440E-14	1.426149E-15	8.888165E-01
4.264560E+03	1.122206E-14	1.441662E-15	8.888054E-01
4.268647E+03	1.089306E-14	1.697856E-15	8.887944E-01
4.272734E+03	1.076850E-14	1.633497E-15	8.887834E-01
4.276821E+03	1.059506E-14	1.779014E-15	8.887726E-01
4.280908E+03	1.034163E-14	1.691552E-15	8.887619E-01
4.284994E+03	1.014687E-14	1.652687E-15	8.887513E-01
4.289081E+03	9.980559E-15	1.489035E-15	8.887408E-01
4.293168E+03	9.815139E-15	1.637711E-15	8.887304E-01
4.297255E+03	9.574182E-15	1.520404E-15	8.887202E-01
4.301342E+03	9.218589E-15	1.614109E-15	8.887100E-01
4.305429E+03	9.185602E-15	1.686770E-15	8.886999E-01
4.309516E+03	9.044198E-15	1.685180E-15	8.886900E-01
4.313603E+03	8.870805E-15	1.629889E-15	8.886801E-01
4.317690E+03	8.883861E-15	1.251697E-15	8.886704E-01
4.321777E+03	8.948815E-15	1.237794E-15	8.886608E-01
4.325864E+03	8.894511E-15	1.444808E-15	8.886513E-01
4.329950E+03	8.949513E-15	1.499156E-15	8.886420E-01
4.334037E+03	8.983188E-15	1.632858E-15	8.886327E-01
4.338124E+03	8.912895E-15	2.225628E-15	8.886236E-01
4.342211E+03	8.946571E-15	2.149313E-15	8.886146E-01
4.346298E+03	8.876815E-15	2.184514E-15	8.886057E-01
4.350385E+03	8.890412E-15	2.127273E-15	8.885969E-01
4.354472E+03	9.024502E-15	2.062894E-15	8.885883E-01
4.358559E+03	9.113274E-15	2.074645E-15	8.885797E-01
4.362646E+03	9.316670E-15	2.001027E-15	8.885713E-01
4.366733E+03	9.408106E-15	2.019327E-15	8.885631E-01
4.370820E+03	9.431122E-15	2.031012E-15	8.885549E-01
4.374907E+03	9.554545E-15	1.685828E-15	8.885469E-01
4.378993E+03	9.670858E-15	1.762720E-15	8.885390E-01
4.383080E+03	9.852923E-15	1.722499E-15	8.885312E-01
4.387167E+03	9.926586E-15	8.711572E-16	8.885236E-01
4.391254E+03	9.901624E-15	6.804792E-16	8.885161E-01
4.395341E+03	9.849120E-15	6.441993E-16	8.885088E-01
4.399428E+03	9.965433E-15	5.926381E-16	8.885015E-01
4.403515E+03	1.002755E-14	5.956775E-16	8.884944E-01
4.407602E+03	1.013853E-14	6.606172E-16	8.884875E-01
4.411689E+03	1.022908E-14	7.833183E-16	8.884807E-01
4.415776E+03	1.039426E-14	7.777654E-16	8.884740E-01
4.419863E+03	1.056121E-14	7.765649E-16	8.884674E-01
4.423949E+03	1.061889E-14	7.675330E-16	8.884610E-01
4.428036E+03	1.075652E-14	6.582049E-16	8.884548E-01
4.432123E+03	1.082664E-14	6.933942E-16	8.884487E-01
4.436210E+03	1.097582E-14	6.963640E-16	8.884427E-01
4.440297E+03	1.107792E-14	7.047303E-16	8.884369E-01
4.444384E+03	1.120401E-14	7.048370E-16	8.884312E-01
4.448471E+03	1.151933E-14	7.187792E-16	8.884257E-01
4.452558E+03	1.170938E-14	7.223232E-16	8.884203E-01
4.456645E+03	1.186301E-14	7.090673E-16	8.884151E-01
4.460732E+03	1.183540E-14	5.825540E-16	8.884100E-01
4.464819E+03	1.184688E-14	5.624924E-16	8.884050E-01
4.468905E+03	1.187880E-14	6.153409E-16	8.884003E-01
4.472992E+03	1.186186E-14	7.675118E-16	8.883956E-01
4.477079E+03	1.186802E-14	7.816680E-16	8.883912E-01
4.481166E+03	1.186618E-14	7.225059E-16	8.883868E-01
4.485253E+03	1.178706E-14	7.405013E-16	8.883827E-01
4.489340E+03	1.173104E-14	7.156893E-16	8.883786E-01
4.493427E+03	1.160928E-14	7.121211E-16	8.883748E-01
4.497514E+03	1.151862E-14	7.363000E-16	8.883711E-01
4.501601E+03	1.147504E-14	8.088904E-16	8.883675E-01
4.505688E+03	1.135063E-14	8.011109E-16	8.883641E-01
4.509775E+03	1.128929E-14	8.162722E-16	8.883609E-01
4.513862E+03	1.124217E-14	8.476983E-16	8.883578E-01
4.517949E+03	1.114530E-14	7.924537E-16	8.883549E-01
4.522035E+03	1.108752E-14	6.504891E-16	8.883522E-01
4.526122E+03	1.105995E-14	6.347627E-16	8.883496E-01
4.530209E+03	1.097908E-14	6.212982E-16	8.883471E-01
4.534296E+03	1.088045E-14	6.007237E-16	8.883449E-01
4.538383E+03	1.085733E-14	6.120341E-16	8.883428E-01
4.542470E+03	1.077291E-14	6.340079E-16	8.883408E-01
4.546557E+03	1.077733E-14	6.923157E-16	8.883390E-01
4.550644E+03	1.078886E-14	5.481603E-16	8.883374E-01
4.554731E+03	1.071955E-14	5.298459E-16	8.883360E-01
4.558818E+03	1.075507E-14	5.194311E-16	8.883347E-01
4.562904E+03	1.072396E-14	5.055793E-16	8.883336E-01
4.566991E+03	1.072217E-14	5.601466E-16	8.883326E-01
4.571078E+03	1.071950E-14	5.677412E-16	8.883318E-01
4.575165E+03	1.072926E-14	5.661603E-16	8.883312E-01
4.579252E+03	1.072393E-14	5.807390E-16	8.883308E-01
4.583339E+03	1.067240E-14	6.999199E-16	8.883305E-01
4.587426E+03	1.062177E-14	6.884032E-16	8.883304E-01
4.591513E+03	1.054359E-14	6.756139E-16	8.883305E-01
4.595600E+03	1.053738E-14	6.084325E-16	8.883307E-01
4.599687E+03	1.050629E-14	6.140954E-16	8.883312E-01
4.603774E+03	1.048498E-14	6.129720E-16	8.883318E-01
4.607860E+03	1.042547E-14	6.152631E-16	8.883325E-01
4.611947E+03	1.035530E-14	6.129161E-16	8.883335E-01
4.616034E+03	1.029224E-14	5.868039E-16	8.883346E-01
4.620121E+03	1.021853E-14	6.761184E-16	8.883359E-01
4.624208E+03	1.008441E-14	6.847402E-16	8.883374E-01
4.628295E+03	9.981378E-15	6.525750E-16	8.883391E-01
4.632382E+03	9.928987E-15	6.349260E-16	8.883409E-01
4.636469E+03	9.894364E-15	6.429355E-16	8.883430E-01
4.640556E+03	9.838423E-15	6.226042E-16	8.883452E-01
4.644643E+03	9.776265E-15	6.262047E-16	8.883476E-01
4.648730E+03	9.743425E-15	6.053864E-16	8.883502E-01
4.652817E+03	9.730130E-15	5.951821E-16	8.883530E-01
4.656904E+03	9.698181E-15	5.950169E-16	8.883559E-01
4.660990E+03	9.622705E-15	5.699569E-16	8.883591E-01
4.665077E+03	9.573882E-15	5.285970E-16	8.883624E-01
4.669164E+03	9.598794E-15	4.855977E-16	8.883659E-01
4.673251E+03	9.577513E-15	4.760805E-16	8.883696E-01
4.677338E+03	9.579332E-15	4.793674E-16	8.883735E-01
4.681425E+03	9.548283E-15	3.400488E-16	8.883776E-01
4.685512E+03	9.492361E-15	3.588172E-16	8.883819E-01
4.689599E+03	9.436441E-15	3.247633E-16	8.883864E-01
4.693686E+03	9.392071E-15	3.468535E-16	8.883911E-01
4.697773E+03	9.326381E-15	3.476149E-16	8.883960E-01
4.701859E+03	9.242036E-15	3.837168E-16	8.884011E-01
4.705946E+03	9.185233E-15	4.007886E-16	8.884063E-01
4.710033E+03	9.114217E-15	3.929796E-16	8.884118E-01
4.714120E+03	9.016549E-15	3.850300E-16	8.884175E-01
4.718207E+03	8.970411E-15	3.560715E-16	8.884234E-01
4.722294E+03	8.919832E-15	3.917151E-16	8.884295E-01
4.726381E+03	8.854506E-15	3.833077E-16	8.884358E-01
4.730468E+03	8.793002E-15	3.691813E-16	8.884422E-01
4.734555E+03	8.677125E-15	3.124364E-16	8.884489E-01
4.738642E+03	8.579640E-15	3.835726E-16	8.884558E-01
4.742729E+03	8.520004E-15	3.908371E-16	8.884630E-01
4.746815E+03	8.454950E-15	4.342662E-16	8.884703E-01
4.750902E+03	8.364308E-15	4.222032E-16	8.884778E-01
4.754989E+03	8.326175E-15	4.609052E-16	8.884855E-01
4.759076E+03	8.246019E-15	4.604178E-16	8.884934E-01
4.763163E+03	8.216774E-15	4.589246E-16	8.885016E-01
4.767250E+03	8.152878E-15	5.025158E-16	8.885099E-01
4.771337E+03	8.087561E-15	4.694415E-16	8.885184E-01
4.775424E+03	8.016648E-15	4.662050E-16	8.885272E-01
4.779511E+03	7.963061E-15	4.922655E-16	8.885361E-01
4.783598E+03	7.921825E-15	5.360560E-16	8.885453E-01
4.787685E+03	7.863442E-15	4.609497E-16	8.885546E-01
4.791771E+03	7.785688E-15	5.244670E-16	8.885641E-01
4.795859E+03	7.739034E-15	5.275262E-16	8.885739E-01
4.799945E+03	7.650262E-15	5.388746E-16	8.885838E-01
4.804032E+03	7.545407E-15	5.169494E-16	8.885939E-01
4.808119E+03	7.384568E-15	5.232987E-16	8.886043E-01
4.812206E+03	7.246298E-15	5.382062E-16	8.886148E-01
4.816293E+03	7.122067E-15	5.273690E-16	8.886255E-01
4.820380E+03	7.002366E-15	5.221626E-16	8.886364E-01
4.824467E+03	6.874577E-15	5.228100E-16	8.886476E-01
4.828554E+03	6.755318E-15	4.763410E-16	8.886589E-01
4.832641E+03	6.634991E-15	4.451810E-16	8.886704E-01
4.836728E+03	6.512084E-15	4.344932E-16	8.886821E-01
4.840815E+03	6.433078E-15	3.756124E-16	8.886940E-01
4.844901E+03	6.354426E-15	3.370835E-16	8.887060E-01
4.848988E+03	6.288571E-15	3.312448E-16	8.887183E-01
4.853075E+03	6.241912E-15	3.542440E-16	8.887308E-01
4.857162E+03	6.214894E-15	3.393393E-16	8.887435E-01
4.861249E+03	6.225205E-15	3.208962E-16	8.887563E-01
4.865336E+03	6.252048E-15	2.800701E-16	8.887694E-01
4.869423E+03	6.283782E-15	2.776398E-16	8.887826E-01
4.873510E+03	6.348226E-15	3.801005E-16	8.887960E-01
4.877597E+03	6.372143E-15	3.977165E-16	8.888096E-01
4.881684E+03	6.420683E-15	4.431605E-16	8.888234E-01
4.885770E+03	6.491980E-15	4.411867E-16	8.888374E-01
4.889857E+03	6.548348E-15	4.363105E-16	8.888516E-01
4.893944E+03	6.613163E-15	4.366101E-16	8.888660E-01
4.898031E+03	6.687493E-15	4.603653E-16	8.888806E-01
4.902118E+03	6.715337E-15	4.254699E-16	8.888953E-01
4.906205E+03	6.773141E-15	4.220688E-16	8.889102E-01
4.910292E+03	6.842236E-15	4.238402E-16	8.889254E-01
4.914379E+03	6.941916E-15	4.038045E-16	8.889407E-01
4.918466E+03	7.048534E-15	4.017478E-16	8.889562E-01
4.922553E+03	7.122620E-15	3.898154E-16	8.889719E-01
4.926640E+03	7.189422E-15	3.997680E-16	8.889878E-01
4.930726E+03	7.235513E-15	3.531780E-16	8.890038E-01
4.934814E+03	7.310412E-15	3.488833E-16	8.890201E-01
4.938900E+03	7.338730E-15	3.955551E-16	8.890365E-01
4.942987E+03	7.392477E-15	3.950279E-16	8.890531E-01
4.947074E+03	7.411554E-15	3.734032E-16	8.890699E-01
4.951161E+03	7.417563E-15	4.116836E-16	8.890869E-01
4.955248E+03	7.444735E-15	4.105142E-16	8.891041E-01
4.959335E+03	7.483379E-15	4.117762E-16	8.891214E-01
4.963422E+03	7.469034E-15	4.022073E-16	8.891390E-01
4.967509E+03	7.474874E-15	3.842283E-16	8.891567E-01
4.971596E+03	7.472623E-15	3.568963E-16	8.891746E-01
4.975683E+03	7.479800E-15	3.534231E-16	8.891927E-01
4.979770E+03	7.494359E-15	3.535043E-16	8.892110E-01
4.983856E+03	7.472995E-15	3.699288E-16	8.892295E-01
4.987943E+03	7.507299E-15	3.099355E-16	8.892481E-01
4.992030E+03	7.553967E-15	3.155004E-16	8.892669E-01
4.996117E+03	7.528428E-15	2.955289E-16	8.892859E-01
5.000204E+03	7.519075E-15	2.557253E-16	8.893051E-01
5.004291E+03	7.468636E-15	2.593110E-16	8.893245E-01
5.008378E+03	7.456083E-15	2.575420E-16	8.893441E-01
5.012465E+03	7.461673E-15	2.547451E-16	8.893638E-01
5.016552E+03	7.448589E-15	2.522044E-16	8.893837E-01
5.020639E+03	7.413270E-15	2.762613E-16	8.894039E-01
5.024725E+03	7.395829E-15	2.451388E-16	8.894241E-01
5.028812E+03	7.378121E-15	2.633972E-16	8.894446E-01
5.032899E+03	7.367530E-15	2.513800E-16	8.894653E-01
5.036986E+03	7.374818E-15	2.637867E-16	8.894861E-01
5.041073E+03	7.365208E-15	2.808928E-16	8.895071E-01
5.045160E+03	7.399719E-15	2.817068E-16	8.895283E-01
5.049247E+03	7.458874E-15	2.848262E-16	8.895497E-01
5.053334E+03	7.506914E-15	2.896537E-16	8.895713E-01
5.057421E+03	7.563231E-15	2.934347E-16	8.895930E-01
5.061508E+03	7.649443E-15	3.520555E-16	8.896150E-01
5.065595E+03	7.729878E-15	3.533690E-16	8.896371E-01
5.069681E+03	7.788167E-15	3.917354E-16	8.896594E-01
5.073768E+03	7.822350E-15	3.937216E-16	8.896818E-01
5.077855E+03	7.864187E-15	4.019400E-16	8.897045E-01
5.081942E+03	7.910299E-15	4.036065E-16	8.897273E-01
5.086029E+03	7.964422E-15	3.900882E-16	8.897503E-01
5.090116E+03	7.993903E-15	4.265861E-16	8.897735E-01
5.094203E+03	8.009952E-15	4.306900E-16	8.897969E-01
5.098290E+03	7.977063E-15	4.309523E-16	8.898205E-01
5.102377E+03	7.943373E-15	4.125839E-16	8.898442E-01
5.106464E+03	7.914043E-15	4.180485E-16	8.898682E-01
5.110551E+03	7.893078E-15	3.352467E-16	8.898923E-01
5.114638E+03	7.878965E-15	3.652024E-16	8.899166E-01
5.118725E+03	7.838779E-15	3.618700E-16	8.899410E-01
5.122811E+03	7.784263E-15	3.919496E-16	8.899657E-01
5.126898E+03	7.731971E-15	3.747078E-16	8.899905E-01
5.130985E+03	7.670421E-15	3.773022E-16	8.900156E-01
5.135072E+03	7.605309E-15	3.765814E-16	8.900408E-01
5.139159E+03	7.546693E-15	3.050912E-16	8.900662E-01
5.143246E+03	7.483535E-15	2.904825E-16	8.900917E-01
5.147333E+03	7.437288E-15	2.624177E-16	8.901175E-01
5.151420E+03	7.412224E-15	2.364962E-16	8.901434E-01
5.155507E+03	7.383689E-15	2.353295E-16	8.901695E-01
5.159594E+03	7.331742E-15	2.366370E-16	8.901959E-01
5.163681E+03	7.333474E-15	2.609766E-16	8.902223E-01
5.167767E+03	7.312416E-15	2.755698E-16	8.902490E-01
5.171854E+03	7.292517E-15	2.674406E-16	8.902759E-01
5.175941E+03	7.275644E-15	2.618761E-16	8.903029E-01
5.180028E+03	7.266607E-15	2.522798E-16	8.903301E-01
5.184115E+03	7.292206E-15	2.735405E-16	8.903575E-01
5.188202E+03	7.286111E-15	2.662134E-16	8.903851E-01
5.192289E+03	7.252502E-15	2.931611E-16	8.904129E-01
5.196376E+03	7.223167E-15	2.934907E-16	8.904409E-01
5.200463E+03	7.167474E-15	2.892634E-16	8.904690E-01
5.204550E+03	7.122198E-15	2.944002E-16	8.904973E-01
5.208636E+03	7.078078E-15	2.899925E-16	8.905259E-01
5.212723E+03	6.997889E-15	2.932650E-16	8.905546E-01
5.216810E+03	6.907543E-15	3.014883E-16	8.905835E-01
5.220897E+03	6.803033E-15	2.824875E-16	8.906125E-01
5.224984E+03	6.680882E-15	2.801081E-16	8.906418E-01
5.229071E+03	6.552312E-15	2.809154E-16	8.906712E-01
5.233158E+03	6.418747E-15	2.620733E-16	8.907009E-01
5.237245E+03	6.297911E-15	2.923705E-16	8.907307E-01
5.241332E+03	6.186511E-15	2.653900E-16	8.907607E-01
5.245419E+03	6.079559E-15	2.629011E-16	8.907909E-01
5.249506E+03	5.974115E-15	2.609233E-16	8.908213E-01
5.253593E+03	5.869110E-15	2.353076E-16	8.908519E-01
5.257680E+03	5.783610E-15	2.412062E-16	8.908827E-01
5.261766E+03	5.693027E-15	2.544041E-16	8.909136E-01
5.265853E+03	5.624445E-15	2.423298E-16	8.909448E-01
5.269940E+03	5.573857E-15	2.473060E-16	8.909761E-01
5.274027E+03	5.543047E-15	2.473942E-16	8.910076E-01
5.278114E+03	5.527830E-15	2.456163E-16	8.910393E-01
5.282201E+03	5.530790E-15	2.490033E-16	8.910712E-01
5.286288E+03	5.530276E-15	2.131836E-16	8.911033E-01
5.290375E+03	5.526467E-15	2.012497E-16	8.911356E-01
5.294462E+03	5.526490E-15	1.969287E-16	8.911681E-01
5.298549E+03	5.550488E-15	2.029643E-16	8.912008E-01
5.302636E+03	5.571102E-15	1.673327E-16	8.912337E-01
5.306722E+03	5.616139E-15	1.665725E-16	8.912667E-01
5.310809E+03	5.654407E-15	1.592782E-16	8.913000E-01
5.314896E+03	5.674942E-15	1.590070E-16	8.913334E-01
5.318983E+03	5.704036E-15	1.669345E-16	8.913671E-01
5.323070E+03	5.728142E-15	1.684662E-16	8.914009E-01
5.327157E+03	5.717218E-15	1.709392E-16	8.914349E-01
5.331244E+03	5.718240E-15	1.650213E-16	8.914692E-01
5.335331E+03	5.716410E-15	1.711677E-16	8.915036E-01
5.339418E+03	5.728401E-15	2.452531E-16	8.915382E-01
5.343505E+03	5.737986E-15	2.542146E-16	8.915730E-01
5.347592E+03	5.723856E-15	2.496697E-16	8.916081E-01
5.351678E+03	5.689308E-15	2.472790E-16	8.916433E-01
5.355765E+03	5.670720E-15	2.474029E-16	8.916787E-01
5.359852E+03	5.680755E-15	2.477556E-16	8.917143E-01
5.363939E+03	5.652536E-15	2.488569E-16	8.917501E-01
5.368026E+03	5.631897E-15	2.381643E-16	8.917861E-01
5.372113E+03	5.535720E-15	2.381353E-16	8.918223E-01
5.376200E+03	5.478956E-15	2.411729E-16	8.918588E-01
5.380287E+03	5.421921E-15	2.391405E-16	8.918954E-01
5.384374E+03	5.354447E-15	2.263763E-16	8.919322E-01
5.388461E+03	5.283847E-15	1.575502E-16	8.919692E-01
5.392547E+03	5.210299E-15	1.386156E-16	8.920064E-01
5.396635E+03	5.140492E-15	1.415375E-16	8.920439E-01
5.400721E+03	5.075498E-15	1.403229E-16	8.920815E-01
5.404808E+03	5.018439E-15	1.613046E-16	8.921194E-01
5.408895E+03	4.951741E-15	1.688411E-16	8.921574E-01
5.412982E+03	4.887894E-15	1.963603E-16	8.921957E-01
5.417069E+03	4.845545E-15	2.003358E-16	8.922341E-01
5.421156E+03	4.802123E-15	2.054036E-16	8.922728E-01
5.425243E+03	4.746563E-15	1.982186E-16	8.923117E-01
5.429330E+03	4.718394E-15	2.843293E-16	8.923507E-01
5.433417E+03	4.705662E-15	2.826344E-16	8.923900E-01
5.437504E+03	4.697571E-15	3.079856E-16	8.924296E-01
5.441591E+03	4.706526E-15	3.357364E-16	8.924693E-01
5.445677E+03	4.713073E-15	4.868005E-16	8.925092E-01
5.449764E+03	4.722657E-15	5.307297E-16	8.925493E-01
5.453851E+03	4.746435E-15	5.368006E-16	8.925896E-01
5.457938E+03	4.757629E-15	5.380357E-16	8.926302E-01
5.462025E+03	4.809354E-15	5.330560E-16	8.926709E-01
5.466112E+03	4.870189E-15	5.329112E-16	8.927118E-01
5.470199E+03	4.906927E-15	5.298854E-16	8.927529E-01
5.474286E+03	4.985631E-15	5.299465E-16	8.927942E-01
5.478373E+03	5.051397E-15	4.783953E-16	8.928357E-01
5.482460E+03	5.118688E-15	4.664419E-16	8.928774E-01
5.486547E+03	5.160359E-15	4.679916E-16	8.929193E-01
5.490633E+03	5.217663E-15	4.602750E-16	8.929614E-01
5.494720E+03	5.293547E-15	2.938760E-16	8.930036E-01
5.498807E+03	5.358812E-15	2.113061E-16	8.930460E-01
5.502894E+03	5.422209E-15	2.065144E-16	8.930887E-01
5.506981E+03	5.479897E-15	2.122957E-16	8.931315E-01
5.511068E+03	5.537771E-15	2.129369E-16	8.931745E-01
5.515155E+03	5.580556E-15	2.191597E-16	8.932176E-01
5.519242E+03	5.618343E-15	2.352185E-16	8.932609E-01
5.523329E+03	5.631391E-15	2.338765E-16	8.933045E-01
5.527416E+03	5.652214E-15	2.327100E-16	8.933481E-01
5.531502E+03	5.668304E-15	2.247717E-16	8.933920E-01
5.535590E+03	5.687971E-15	2.222112E-16	8.934360E-01
5.539676E+03	5.701029E-15	2.196160E-16	8.934802E-01
5.543763E+03	5.693896E-15	2.286252E-16	8.935246E-01
5.547850E+03	5.693465E-15	2.486405E-16	8.935691E-01
5.551937E+03	5.731639E-15	2.803815E-16	8.936138E-01
5.556024E+03	5.774018E-15	2.765289E-16	8.936587E-01
5.560111E+03	5.793256E-15	2.771428E-16	8.937037E-01
5.564198E+03	5.789169E-15	3.159452E-16	8.937489E-01
5.568285E+03	5.750225E-15	3.444201E-16	8.937942E-01
5.572372E+03	5.773311E-15	3.436882E-16	8.938397E-01
5.576459E+03	5.799350E-15	3.401904E-16	8.938854E-01
5.580546E+03	5.809569E-15	3.400968E-16	8.939312E-01
5.584632E+03	5.818540E-15	3.402434E-16	8.939772E-01
5.588719E+03	5.834485E-15	3.421592E-16	8.940233E-01
5.592806E+03	5.858748E-15	3.321226E-16	8.940695E-01
5.596893E+03	5.867904E-15	3.293601E-16	8.941160E-01
5.600980E+03	5.873575E-15	2.888169E-16	8.941625E-01
5.605067E+03	5.876475E-15	2.859565E-16	8.942092E-01
5.609154E+03	5.884473E-15	2.755821E-16	8.942561E-01
5.613241E+03	5.892742E-15	2.337265E-16	8.943031E-01
5.617328E+03	5.896630E-15	1.710749E-16	8.943502E-01
5.621415E+03	5.881558E-15	1.757288E-16	8.943975E-01
5.625502E+03	5.893050E-15	1.961867E-16	8.944449E-01
5.629588E+03	5.907944E-15	1.967053E-16	8.944925E-01
5.633675E+03	5.915594E-15	2.013961E-16	8.945402E-01
5.637762E+03	5.935413E-15	2.054943E-16	8.945880E-01
5.641849E+03	5.932421E-15	2.200688E-16	8.946360E-01
5.645936E+03	5.932471E-15	1.918255E-16	8.946841E-01
5.650023E+03	5.919638E-15	1.943103E-16	8.947323E-01
5.654110E+03	5.902421E-15	1.931200E-16	8.947807E-01
5.658197E+03	5.886097E-15	1.880706E-16	8.948292E-01
5.662284E+03	5.867982E-15	1.878505E-16	8.948778E-01
5.666371E+03	5.852461E-15	1.871819E-16	8.949265E-01
5.670458E+03	5.847948E-15	2.062804E-16	8.949754E-01
5.674544E+03	5.805934E-15	1.914316E-16	8.950244E-01
5.678631E+03	5.743866E-15	1.865399E-16	8.950735E-01
5.682718E+03	5.656281E-15	1.863685E-16	8.951227E-01
5.686805E+03	5.612908E-15	1.792309E-16	8.951721E-01
5.690892E+03	5.577678E-15	1.627350E-16	8.952216E-01
5.694979E+03	5.514423E-15	1.644551E-16	8.952711E-01
5.699066E+03	5.424928E-15	1.612721E-16	8.953209E-01
5.703153E+03	5.335245E-15	1.615437E-16	8.953707E-01
5.707240E+03	5.253701E-15	1.623402E-16	8.954206E-01
5.711327E+03	5.169104E-15	1.626433E-16	8.954707E-01
5.715414E+03	5.093096E-15	1.579271E-16	8.955208E-01
5.719501E+03	4.993973E-15	1.440177E-16	8.955711E-01
5.723587E+03	4.894482E-15	1.428168E-16	8.956215E-01
5.727674E+03	4.794353E-15	1.472254E-16	8.956719E-01
5.731761E+03	4.698781E-15	1.593323E-16	8.957225E-01
5.735848E+03	4.625146E-15	1.882975E-16	8.957732E-01
5.739935E+03	4.553832E-15	2.142419E-16	8.958240E-01
5.744022E+03	4.492096E-15	2.189429E-16	8.958749E-01
5.748109E+03	4.450781E-15	2.170706E-16	8.959259E-01
5.752196E+03	4.427291E-15	2.382999E-16	8.959770E-01
5.756283E+03	4.393943E-15	2.349078E-16	8.960282E-01
5.760370E+03	4.366864E-15	2.653224E-16	8.960795E-01
5.764457E+03	4.374732E-15	2.604506E-16	8.961309E-01
5.768543E+03	4.397208E-15	2.859555E-16	8.961824E-01
5.772630E+03	4.421481E-15	3.113759E-16	8.962340E-01
5.776717E+03	4.464757E-15	3.119259E-16	8.962856E-01
5.780804E+03	4.514941E-15	3.157046E-16	8.963374E-01
5.784891E+03	4.582790E-15	3.008202E-16	8.963892E-01
5.788978E+03	4.657998E-15	2.778136E-16	8.964412E-01
5.793065E+03	4.726671E-15	2.873775E-16	8.964932E-01
5.797152E+03	4.804945E-15	2.953221E-16	8.965453E-01
5.801239E+03	4.882243E-15	2.858363E-16	8.965975E-01
5.805326E+03	4.947265E-15	2.887434E-16	8.966498E-01
5.809413E+03	5.024491E-15	2.584823E-16	8.967022E-01
5.813499E+03	5.099575E-15	2.597606E-16	8.967546E-01
5.817586E+03	5.166416E-15	2.433019E-16	8.968072E-01
5.821673E+03	5.239186E-15	2.176029E-16	8.968598E-01
5.825760E+03	5.298779E-15	2.160735E-16	8.969125E-01
5.829847E+03	5.350398E-15	2.012084E-16	8.969652E-01
5.833934E+03	5.406956E-15	2.031751E-16	8.970181E-01
5.838021E+03	5.446925E-15	2.144073E-16	8.970710E-01
5.842108E+03	5.467881E-15	1.958743E-16	8.971240E-01
5.846195E+03	5.478522E-15	1.902841E-16	8.971771E-01
5.850282E+03	5.495176E-15	1.987070E-16	8.972302E-01
5.854369E+03	5.506269E-15	1.940985E-16	8.972834E-01
5.858456E+03	5.524633E-15	1.850943E-16	8.973367E-01
5.862542E+03	5.533576E-15	1.869154E-16	8.973900E-01
5.866629E+03	5.529328E-15	1.861861E-16	8.974434E-01
5.870716E+03	5.539171E-15	1.889852E-16	8.974969E-01
5.874803E+03	5.524872E-15	1.909136E-16	8.975504E-01
5.878890E+03	5.515687E-15	1.828497E-16	8.976040E-01
5.882977E+03	5.522121E-15	1.893690E-16	8.976577E-01
5.887064E+03	5.516527E-15	1.799403E-16	8.977114E-01
5.891151E+03	5.507251E-15	1.785355E-16	8.977652E-01
5.895238E+03	5.488368E-15	1.651041E-16	8.978191E-01
5.899325E+03	5.476756E-15	1.503491E-16	8.978730E-01
5.903412E+03	5.479779E-15	1.615614E-16	8.979269E-01
5.907498E+03	5.484509E-15	1.603893E-16	8.979810E-01
5.911585E+03	5.486365E-15	1.567074E-16	8.980350E-01
5.915672E+03	5.470351E-15	1.611265E-16	8.980892E-01
5.919759E+03	5.448587E-15	1.593970E-16	8.981433E-01
5.923846E+03	5.437329E-15	1.567510E-16	8.981976E-01
5.927933E+03	5.436220E-15	1.579957E-16	8.982519E-01
5.932020E+03	5.436100E-15	1.526781E-16	8.983062E-01
5.936107E+03	5.426637E-15	1.605733E-16	8.983606E-01
5.940194E+03	5.408279E-15	1.747596E-16	8.984150E-01
5.944281E+03	5.389199E-15	1.751384E-16	8.984695E-01
5.948368E+03	5.366434E-15	1.958485E-16	8.985240E-01
5.952454E+03	5.321562E-15	1.961106E-16	8.985785E-01
5.956541E+03	5.280638E-15	1.927490E-16	8.986331E-01
5.960628E+03	5.239080E-15	1.947483E-16	8.986878E-01
5.964715E+03	5.186373E-15	1.960821E-16	8.987425E-01
5.968802E+03	5.116133E-15	1.961449E-16	8.987972E-01
5.972889E+03	5.053076E-15	1.935598E-16	8.988520E-01
5.976976E+03	4.968168E-15	1.937036E-16	8.989068E-01
5.981063E+03	4.886486E-15	1.942369E-16	8.989616E-01
5.985150E+03	4.788611E-15	1.911974E-16	8.990165E-01
5.989237E+03	4.680386E-15	1.687634E-16	8.990714E-01
5.993324E+03	4.560728E-15	1.657600E-16	8.991263E-01
5.997410E+03	4.429097E-15	1.602828E-16	8.991813E-01
6.001497E+03	4.300957E-15	1.469720E-16	8.992363E-01
6.005584E+03	4.185751E-15	1.448097E-16	8.992913E-01
6.009671E+03	4.057041E-15	1.448653E-16	8.993464E-01
6.013758E+03	3.927147E-15	1.393086E-16	8.994015E-01
6.017845E+03	3.794987E-15	1.307091E-16	8.994566E-01
6.021932E+03	3.670907E-15	1.155327E-16	8.995117E-01
6.026019E+03	3.552210E-15	1.151702E-16	8.995669E-01
6.030106E+03	3.436826E-15	1.146635E-16	8.996221E-01
6.034193E+03	3.317740E-15	1.049181E-16	8.996773E-01
6.038280E+03	3.196660E-15	9.603596E-17	8.997325E-01
6.042367E+03	3.100399E-15	9.463259E-17	8.997878E-01
6.046453E+03	3.009075E-15	8.814327E-17	8.998431E-01
6.050540E+03	2.920620E-15	9.119502E-17	8.998984E-01
6.054627E+03	2.842504E-15	8.967066E-17	8.999537E-01
6.058714E+03	2.762668E-15	8.441465E-17	9.000090E-01
6.062801E+03	2.712524E-15	9.452690E-17	9.000643E-01
6.066888E+03	2.664264E-15	9.226825E-17	9.001197E-01
6.070975E+03	2.599706E-15	9.238415E-17	9.001751E-01
6.075062E+03	2.547022E-15	1.179421E-16	9.002304E-01
6.079149E+03	2.510357E-15	1.175756E-16	9.002858E-01
6.083236E+03	2.484672E-15	1.219636E-16	9.003412E-01
6.087323E+03	2.469338E-15	1.221268E-16	9.003966E-01
6.091409E+03	2.453462E-15	1.203752E-16	9.004521E-01
6.095496E+03	2.431280E-15	1.216335E-16	9.005075E-01
6.099583E+03	2.421614E-15	1.257048E-16	9.005629E-01
6.103670E+03	2.420862E-15	1.254864E-16	9.006184E-01
6.107757E+03	2.414076E-15	1.232440E-16	9.006738E-01
6.111844E+03	2.411973E-15	1.119370E-16	9.007292E-01
6.115931E+03	2.433470E-15	1.204348E-16	9.007847E-01
6.120018E+03	2.460285E-15	1.240081E-16	9.008401E-01
6.124105E+03	2.478994E-15	1.041143E-16	9.008956E-01
6.128192E+03	2.501671E-15	1.011097E-16	9.009510E-01
6.132279E+03	2.533450E-15	9.653085E-17	9.010065E-01
6.136365E+03	2.573973E-15	9.684453E-17	9.010619E-01
6.140452E+03	2.619999E-15	1.030271E-16	9.011174E-01
6.144539E+03	2.672518E-15	1.011852E-16	9.011728E-01
6.148626E+03	2.729279E-15	1.176590E-16	9.012282E-01
6.152713E+03	2.806597E-15	1.229106E-16	9.012836E-01
6.156800E+03	2.885637E-15	1.223874E-16	9.013390E-01
6.160887E+03	2.963605E-15	1.232775E-16	9.013944E-01
6.164974E+03	3.051588E-15	1.163950E-16	9.014498E-01
6.169061E+03	3.131468E-15	1.254915E-16	9.015052E-01
6.173148E+03	3.212531E-15	1.253734E-16	9.015606E-01
6.177235E+03	3.293873E-15	1.264406E-16	9.016159E-01
6.181322E+03	3.380365E-15	1.268882E-16	9.016712E-01
6.185408E+03	3.463892E-15	1.328492E-16	9.017266E-01
6.189495E+03	3.551397E-15	1.309453E-16	9.017819E-01
6.193582E+03	3.639003E-15	1.585710E-16	9.018371E-01
6.197669E+03	3.735638E-15	1.651569E-16	9.018924E-01
6.201756E+03	3.827685E-15	1.597073E-16	9.019477E-01
6.205843E+03	3.911626E-15	1.614446E-16	9.020029E-01
6.209930E+03	3.986375E-15	1.697858E-16	9.020581E-01
6.214017E+03	4.059871E-15	1.708839E-16	9.021133E-01
6.218104E+03	4.130037E-15	1.683735E-16	9.021685E-01
6.222191E+03	4.185596E-15	1.729405E-16	9.022236E-01
6.226278E+03	4.238996E-15	1.797756E-16	9.022788E-01
6.230364E+03	4.284913E-15	1.831345E-16	9.023339E-01
6.234451E+03	4.329031E-15	1.839209E-16	9.023890E-01
6.238538E+03	4.374688E-15	1.780888E-16	9.024441E-01
6.242625E+03	4.407174E-15	1.672532E-16	9.024992E-01
6.246712E+03	4.444177E-15	1.477676E-16	9.025543E-01
6.250799E+03	4.462500E-15	1.480947E-16	9.026093E-01
6.254886E+03	4.480916E-15	1.614441E-16	9.026643E-01
6.258973E+03	4.498341E-15	1.587129E-16	9.027193E-01
6.263060E+03	4.510622E-15	1.579264E-16	9.027743E-01
6.267147E+03	4.508639E-15	1.568531E-16	9.028293E-01
6.271234E+03	4.519026E-15	1.535159E-16	9.028843E-01
6.275320E+03	4.521829E-15	1.448911E-16	9.029392E-01
6.279407E+03	4.525084E-15	1.426388E-16	9.029942E-01
6.283494E+03	4.518045E-15	1.460506E-16	9.030491E-01
6.287581E+03	4.510643E-15	1.455417E-16	9.031040E-01
6.291668E+03	4.498002E-15	1.367684E-16	9.031589E-01
6.295755E+03	4.488340E-15	1.365367E-16	9.032138E-01
6.299842E+03	4.475696E-15	1.364034E-16	9.032687E-01
6.303929E+03	4.464677E-15	1.189219E-16	9.033235E-01
6.308016E+03	4.459889E-15	1.153429E-16	9.033784E-01
6.312103E+03	4.468110E-15	1.134628E-16	9.034332E-01
6.316190E+03	4.453202E-15	1.123977E-16	9.034880E-01
6.320276E+03	4.440190E-15	1.130690E-16	9.035428E-01
6.324363E+03	4.435128E-15	1.144323E-16	9.035976E-01
6.328450E+03	4.432686E-15	1.358325E-16	9.036524E-01
6.332537E+03	4.440998E-15	1.305064E-16	9.037071E-01
6.336624E+03	4.451298E-15	1.318966E-16	9.037619E-01
6.340711E+03	4.476333E-15	1.349627E-16	9.038166E-01
6.344798E+03	4.501731E-15	1.353941E-16	9.038714E-01
6.348885E+03	4.537618E-15	1.358340E-16	9.039261E-01
6.352972E+03	4.566278E-15	1.358430E-16	9.039808E-01
6.357059E+03	4.589788E-15	1.502133E-16	9.040355E-01
6.361146E+03	4.624421E-15	1.506503E-16	9.040901E-01
6.365233E+03	4.647304E-15	1.518002E-16	9.041448E-01
6.369319E+03	4.671004E-15	1.576214E-16	9.041995E-01
6.373406E+03	4.688377E-15	1.606835E-16	9.042541E-01
6.377493E+03	4.707651E-15	1.452042E-16	9.043088E-01
6.381580E+03	4.727017E-15	1.370331E-16	9.043634E-01
6.385667E+03	4.748014E-15	1.299594E-16	9.044180E-01
6.389754E+03	4.773716E-15	1.366803E-16	9.044726E-01
6.393841E+03	4.797431E-15	1.330976E-16	9.045272E-01
6.397928E+03	4.807671E-15	1.329930E-16	9.045818E-01
6.402015E+03	4.825783E-15	1.317452E-16	9.046363E-01
6.406102E+03	4.817117E-15	1.364386E-16	9.046909E-01
6.410189E+03	4.808541E-15	1.501846E-16	9.047454E-01
6.414275E+03	4.799511E-15	1.537627E-16	9.047999E-01
6.418362E+03	4.782608E-15	1.505008E-16	9.048545E-01
6.422449E+03	4.767151E-15	1.455020E-16	9.049089E-01
6.426536E+03	4.753501E-15	1.451420E-16	9.049634E-01
6.430623E+03	4.735054E-15	1.436548E-16	9.050179E-01
6.434710E+03	4.709725E-15	1.453173E-16	9.050723E-01
6.438797E+03	4.694440E-15	1.409426E-16	9.051267E-01
6.442884E+03	4.679696E-15	1.471362E-16	9.051811E-01
6.446971E+03	4.654902E-15	1.513860E-16	9.052355E-01
6.451058E+03	4.640244E-15	1.522497E-16	9.052899E-01
6.455145E+03	4.630112E-15	1.568144E-16	9.053443E-01
6.459231E+03	4.622965E-15	1.547991E-16	9.053986E-01
6.463318E+03	4.603141E-15	1.559550E-16	9.054529E-01
6.467405E+03	4.603055E-15	1.556216E-16	9.055072E-01
6.471492E+03	4.605595E-15	1.616634E-16	9.055614E-01
6.475579E+03	4.606595E-15	1.630580E-16	9.056157E-01
6.479666E+03	4.598992E-15	1.865555E-16	9.056699E-01
6.483753E+03	4.597546E-15	1.833150E-16	9.057241E-01
6.487840E+03	4.595104E-15	1.814059E-16	9.057783E-01
6.491927E+03	4.596556E-15	1.786586E-16	9.058324E-01
6.496014E+03	4.595200E-15	1.782566E-16	9.058865E-01
6.500101E+03	4.598736E-15	1.772409E-16	9.059406E-01
6.504188E+03	4.599645E-15	1.712169E-16	9.059947E-01
6.508274E+03	4.597835E-15	1.629755E-16	9.060488E-01
6.512361E+03	4.585877E-15	1.677127E-16	9.061028E-01
6.516448E+03	4.586059E-15	1.672933E-16	9.061568E-01
6.520535E+03	4.568299E-15	1.635396E-16	9.062107E-01
6.524622E+03	4.552711E-15	1.623766E-16	9.062647E-01
6.528709E+03	4.538843E-15	1.315507E-16	9.063186E-01
6.532796E+03	4.528327E-15	1.324129E-16	9.063725E-01
6.536883E+03	4.512734E-15	1.309921E-16	9.064263E-01
6.540970E+03	4.484538E-15	1.405385E-16	9.064801E-01
6.545057E+03	4.456067E-15	1.364048E-16	9.065339E-01
6.549144E+03	4.429950E-15	1.484111E-16	9.065877E-01
6.553230E+03	4.414800E-15	1.482409E-16	9.066414E-01
6.557317E+03	4.398106E-15	1.476127E-16	9.066951E-01
6.561404E+03	4.375425E-15	1.351024E-16	9.067487E-01
6.565491E+03	4.347936E-15	1.497832E-16	9.068023E-01
6.569578E+03	4.321713E-15	1.479027E-16	9.068559E-01
6.573665E+03	4.299477E-15	1.485624E-16	9.069095E-01
6.577752E+03	4.281137E-15	1.486586E-16	9.069630E-01
6.581839E+03	4.267422E-15	1.470002E-16	9.070165E-01
6.585926E+03	4.257605E-15	1.468141E-16	9.070699E-01
6.590013E+03	4.246970E-15	1.397114E-16	9.071233E-01
6.594100E+03	4.236515E-15	1.507729E-16	9.071767E-01
6.598186E+03	4.233589E-15	1.339687E-16	9.072300E-01
6.602273E+03	4.214785E-15	1.317625E-16	9.072833E-01
6.606360E+03	4.209225E-15	1.345243E-16	9.073366E-01
6.610447E+03	4.209653E-15	1.444135E-16	9.073898E-01
6.614534E+03	4.202641E-15	1.366868E-16	9.074430E-01
6.618621E+03	4.200436E-15	1.348844E-16	9.074961E-01
6.622708E+03	4.199502E-15	1.440275E-16	9.075492E-01
6.626795E+03	4.192033E-15	1.507553E-16	9.076022E-01
6.630882E+03	4.189918E-15	1.540234E-16	9.076552E-01
6.634969E+03	4.197606E-15	1.517772E-16	9.077082E-01
6.639056E+03	4.194038E-15	1.491875E-16	9.077611E-01
6.643142E+03	4.185476E-15	1.428141E-16	9.078140E-01
6.647229E+03	4.175915E-15	1.413092E-16	9.078668E-01
6.651316E+03	4.170438E-15	1.458617E-16	9.079196E-01
6.655403E+03	4.158241E-15	1.448599E-16	9.079724E-01
6.659490E+03	4.143591E-15	1.380880E-16	9.080250E-01
6.663577E+03	4.138473E-15	1.336914E-16	9.080777E-01
6.667664E+03	4.123093E-15	1.334505E-16	9.081303E-01
6.671751E+03	4.094906E-15	1.241558E-16	9.081828E-01
6.675838E+03	4.069802E-15	1.150597E-16	9.082353E-01
6.679925E+03	4.044151E-15	1.101485E-16	9.082878E-01
6.684012E+03	4.013410E-15	1.090204E-16	9.083402E-01
6.688099E+03	3.995928E-15	1.100194E-16	9.083925E-01
6.692185E+03	3.974628E-15	1.076636E-16	9.084448E-01
6.696272E+03	3.952507E-15	1.088607E-16	9.084970E-01
6.700359E+03	3.927204E-15	9.846892E-17	9.085492E-01
6.704446E+03	3.908440E-15	9.913340E-17	9.086014E-01
6.708533E+03	3.893762E-15	9.881728E-17	9.086535E-01
6.712620E+03	3.876447E-15	1.006802E-16	9.087055E-01
6.716707E+03	3.843135E-15	9.933487E-17	9.087575E-01
6.720794E+03	3.817999E-15	9.806007E-17	9.088094E-01
6.724881E+03	3.789951E-15	9.761153E-17	9.088612E-01
6.728968E+03	3.767990E-15	9.712010E-17	9.089130E-01
6.733055E+03	3.737663E-15	9.634033E-17	9.089648E-01
6.737141E+03	3.708242E-15	9.283618E-17	9.090165E-01
6.741228E+03	3.682544E-15	9.425562E-17	9.090681E-01
6.745315E+03	3.663934E-15	9.162044E-17	9.091197E-01
6.749402E+03	3.643140E-15	9.210264E-17	9.091712E-01
6.753489E+03	3.611978E-15	8.817320E-17	9.092226E-01
6.757576E+03	3.590814E-15	8.759893E-17	9.092740E-01
6.761663E+03	3.558826E-15	1.017991E-16	9.093253E-01
6.765750E+03	3.529654E-15	1.018601E-16	9.093766E-01
6.769837E+03	3.496659E-15	1.016028E-16	9.094278E-01
6.773924E+03	3.468662E-15	1.042803E-16	9.094789E-01
6.778011E+03	3.468402E-15	1.133714E-16	9.095300E-01
6.782097E+03	3.476691E-15	1.137348E-16	9.095810E-01
6.786184E+03	3.483253E-15	1.180237E-16	9.096319E-01
6.790271E+03	3.489179E-15	1.170363E-16	9.096828E-01
6.794358E+03	3.484734E-15	1.160956E-16	9.097336E-01
6.798445E+03	3.483018E-15	1.185266E-16	9.097843E-01
6.802532E+03	3.484122E-15	1.199462E-16	9.098350E-01
6.806619E+03	3.483770E-15	1.201098E-16	9.098856E-01
6.810706E+03	3.475046E-15	1.145618E-16	9.099361E-01
6.814793E+03	3.460042E-15	1.231716E-16	9.099865E-01
6.818880E+03	3.446310E-15	1.458875E-16	9.100369E-01
6.822967E+03	3.422929E-15	1.663015E-16	9.100872E-01
6.827053E+03	3.397998E-15	1.614934E-16	9.101375E-01
6.831140E+03	3.362142E-15	1.654076E-16	9.101876E-01
6.835227E+03	3.321457E-15	1.787624E-16	9.102377E-01
6.839314E+03	3.274487E-15	1.777378E-16	9.102877E-01
6.843401E+03	3.233155E-15	1.842715E-16	9.103377E-01
6.847488E+03	3.190817E-15	2.444470E-16	9.103875E-01
6.851575E+03	3.143467E-15	3.007651E-16	9.104373E-01
6.855662E+03	3.097022E-15	3.052929E-16	9.104870E-01
6.859749E+03	3.049842E-15	3.051037E-16	9.105366E-01
6.863836E+03	3.004843E-15	3.033050E-16	9.105862E-01
6.867923E+03	2.970129E-15	2.934088E-16	9.106356E-01
6.872010E+03	2.947341E-15	2.775166E-16	9.106850E-01
6.876096E+03	2.926918E-15	2.632294E-16	9.107343E-01
6.880183E+03	2.905400E-15	2.471749E-16	9.107835E-01
6.884270E+03	2.894900E-15	2.137837E-16	9.108327E-01
6.888357E+03	2.883760E-15	2.141812E-16	9.108817E-01
6.892444E+03	2.882003E-15	2.207682E-16	9.109307E-01
6.896531E+03	2.890720E-15	2.017222E-16	9.109796E-01
6.900618E+03	2.912102E-15	1.321510E-16	9.110284E-01
6.904705E+03	2.934579E-15	1.322809E-16	9.110771E-01
6.908792E+03	2.957879E-15	1.328229E-16	9.111257E-01
6.912879E+03	2.978538E-15	1.328961E-16	9.111743E-01
6.916966E+03	3.006215E-15	1.367905E-16	9.112227E-01
6.921052E+03	3.038907E-15	1.236161E-16	9.112710E-01
6.925139E+03	3.077434E-15	1.078275E-16	9.113193E-01
6.929226E+03	3.111044E-15	1.040032E-16	9.113675E-01
6.933313E+03	3.151493E-15	1.105713E-16	9.114156E-01
6.937400E+03	3.180279E-15	1.277815E-16	9.114635E-01
6.941487E+03	3.201502E-15	1.459481E-16	9.115114E-01
6.945574E+03	3.215434E-15	1.399036E-16	9.115592E-01
6.949661E+03	3.227362E-15	1.339376E-16	9.116069E-01
6.953748E+03	3.219417E-15	1.252911E-16	9.116545E-01
6.957835E+03	3.199892E-15	1.242180E-16	9.117020E-01
6.961922E+03	3.190211E-15	1.193862E-16	9.117495E-01
6.966008E+03	3.180165E-15	1.245007E-16	9.117968E-01
6.970095E+03	3.182153E-15	1.212352E-16	9.118440E-01
6.974182E+03	3.194172E-15	1.176475E-16	9.118911E-01
6.978269E+03	3.195249E-15	1.171638E-16	9.119381E-01
6.982356E+03	3.184378E-15	1.203496E-16	9.119850E-01
6.986443E+03	3.182809E-15	1.242398E-16	9.120318E-01
6.990530E+03	3.174580E-15	1.117715E-16	9.120785E-01
6.994617E+03	3.171824E-15	1.097133E-16	9.121251E-01
6.998704E+03	3.171712E-15	1.080445E-16	9.121716E-01
7.002791E+03	3.179718E-15	1.032014E-16	9.122180E-01
7.006878E+03	3.181795E-15	1.027692E-16	9.122642E-01
7.010965E+03	3.180405E-15	1.125388E-16	9.123104E-01
7.015051E+03	3.185858E-15	1.010773E-16	9.123565E-01
7.019138E+03	3.182642E-15	9.567011E-17	9.124024E-01
7.023225E+03	3.178240E-15	9.086503E-17	9.124482E-01
7.027312E+03	3.172924E-15	9.330881E-17	9.124940E-01
7.031399E+03	3.177189E-15	1.199590E-16	9.125396E-01
7.035486E+03	3.175249E-15	1.390260E-16	9.125851E-01
7.039573E+03	3.175771E-15	1.390462E-16	9.126305E-01
7.043660E+03	3.171822E-15	1.389038E-16	9.126757E-01
7.047747E+03	3.166411E-15	1.390625E-16	9.127209E-01
7.051834E+03	3.163829E-15	1.385632E-16	9.127659E-01
7.055921E+03	3.163620E-15	1.381627E-16	9.128108E-01
7.060007E+03	3.167426E-15	1.288811E-16	9.128556E-01
7.064094E+03	3.174519E-15	1.372535E-16	9.129003E-01
7.068181E+03	3.182161E-15	1.388551E-16	9.129449E-01
7.072268E+03	3.189711E-15	1.382709E-16	9.129893E-01
7.076355E+03	3.188131E-15	1.272283E-16	9.130336E-01
7.080442E+03	3.184267E-15	1.266763E-16	9.130778E-01
7.084529E+03	3.185699E-15	1.047262E-16	9.131218E-01
7.088616E+03	3.195441E-15	1.048909E-16	9.131658E-01
7.092703E+03	3.208197E-15	1.073100E-16	9.132096E-01
7.096790E+03	3.223419E-15	1.067937E-16	9.132533E-01
7.100877E+03	3.235171E-15	1.122166E-16	9.132968E-01
7.104963E+03	3.239161E-15	1.159032E-16	9.133402E-01
7.109050E+03	3.246256E-15	1.124349E-16	9.133835E-01
7.113137E+03	3.252986E-15	1.084212E-16	9.134267E-01
7.117224E+03	3.258346E-15	1.090442E-16	9.134697E-01
7.121311E+03	3.254571E-15	1.091197E-16	9.135126E-01
7.125398E+03	3.240472E-15	1.070550E-16	9.135554E-01
7.129485E+03	3.223722E-15	9.827501E-17	9.135980E-01
7.133572E+03	3.198929E-15	9.904871E-17	9.136405E-01
7.137659E+03	3.184824E-15	9.935966E-17	9.136828E-01
7.141746E+03	3.171174E-15	9.587546E-17	9.137250E-01
7.145833E+03	3.143633E-15	9.504109E-17	9.137671E-01
7.149919E+03	3.111154E-15	9.507872E-17	9.138090E-01
7.154006E+03	3.091923E-15	8.909042E-17	9.138508E-01
7.158093E+03	3.077167E-15	9.822939E-17	9.138924E-01
7.162180E+03	3.047970E-15	1.037379E-16	9.139339E-01
7.166267E+03	3.021511E-15	1.066015E-16	9.139753E-01
7.170354E+03	3.005103E-15	1.065654E-16	9.140165E-01
7.174441E+03	2.989242E-15	1.071381E-16	9.140576E-01
7.178528E+03	2.977127E-15	1.060320E-16	9.140985E-01
7.182615E+03	2.961537E-15	1.091592E-16	9.141392E-01
7.186702E+03	2.933694E-15	1.112006E-16	9.141798E-01
7.190789E+03	2.913711E-15	1.194090E-16	9.142203E-01
7.194876E+03	2.896195E-15	1.424881E-16	9.142606E-01
7.198962E+03	2.886996E-15	1.464275E-16	9.143007E-01
7.203049E+03	2.868561E-15	1.463913E-16	9.143407E-01
7.207136E+03	2.854239E-15	1.431943E-16	9.143806E-01
7.211223E+03	2.842567E-15	1.452610E-16	9.144203E-01
7.215310E+03	2.828516E-15	1.414416E-16	9.144598E-01
7.219397E+03	2.816200E-15	1.458657E-16	9.144991E-01
7.223484E+03	2.797847E-15	1.500344E-16	9.145383E-01
7.227571E+03	2.785071E-15	1.495135E-16	9.145774E-01
7.231658E+03	2.778696E-15	1.380588E-16	9.146163E-01
7.235745E+03	2.766100E-15	1.374480E-16	9.146550E-01
7.239832E+03	2.761460E-15	1.441928E-16	9.146935E-01
7.243918E+03	2.755538E-15	1.346191E-16	9.147319E-01
7.248005E+03	2.744493E-15	1.194386E-16	9.147701E-01
7.252092E+03	2.737655E-15	1.216497E-16	9.148081E-01
7.256179E+03	2.726607E-15	1.435336E-16	9.148460E-01
7.260266E+03	2.717388E-15	1.366882E-16	9.148837E-01
7.264353E+03	2.715761E-15	1.399707E-16	9.149212E-01
7.268440E+03	2.716329E-15	1.303376E-16	9.149586E-01
7.272527E+03	2.712871E-15	1.292058E-16	9.149958E-01
7.276614E+03	2.702641E-15	1.297965E-16	9.150328E-01
7.280701E+03	2.695612E-15	1.294557E-16	9.150696E-01
7.284788E+03	2.690687E-15	1.295630E-16	9.151062E-01
7.288874E+03	2.686950E-15	1.226106E-16	9.151427E-01
7.292961E+03	2.681200E-15	1.094038E-16	9.151790E-01
7.297048E+03	2.671696E-15	1.130433E-16	9.152151E-01
7.301135E+03	2.666858E-15	1.253664E-16	9.152510E-01
7.305222E+03	2.673461E-15	1.169969E-16	9.152867E-01
7.309309E+03	2.670087E-15	1.221796E-16	9.153223E-01
7.313396E+03	2.668725E-15	1.181323E-16	9.153576E-01
7.317483E+03	2.652625E-15	1.194619E-16	9.153928E-01
7.321570E+03	2.631214E-15	1.176173E-16	9.154277E-01
7.325657E+03	2.616941E-15	1.259201E-16	9.154625E-01
7.329744E+03	2.610540E-15	1.265397E-16	9.154971E-01
7.333831E+03	2.605511E-15	1.330291E-16	9.155315E-01
7.337917E+03	2.594255E-15	1.379073E-16	9.155657E-01
7.342004E+03	2.574025E-15	1.295492E-16	9.155997E-01
7.346091E+03	2.559837E-15	1.197667E-16	9.156335E-01
7.350178E+03	2.542533E-15	1.350876E-16	9.156671E-01
7.354265E+03	2.526967E-15	1.266849E-16	9.157005E-01
7.358352E+03	2.504623E-15	1.207897E-16	9.157337E-01
7.362439E+03	2.494365E-15	1.205714E-16	9.157667E-01
7.366526E+03	2.487586E-15	1.181212E-16	9.157995E-01
7.370613E+03	2.478058E-15	1.149623E-16	9.158320E-01
7.374700E+03	2.472834E-15	1.116419E-16	9.158644E-01
7.378787E+03	2.453321E-15	1.128012E-16	9.158966E-01
7.382873E+03	2.440400E-15	1.060731E-16	9.159285E-01
7.386960E+03	2.431233E-15	9.693045E-17	9.159603E-01
7.391047E+03	2.417760E-15	1.009355E-16	9.159918E-01
7.395134E+03	2.406026E-15	1.005890E-16	9.160231E-01
7.399221E+03	2.390443E-15	8.374094E-17	9.160542E-01
7.403308E+03	2.372111E-15	8.340777E-17	9.160850E-01
7.407395E+03	2.351669E-15	8.645584E-17	9.161157E-01
7.411482E+03	2.331225E-15	8.703632E-17	9.161461E-01
7.415569E+03	2.305008E-15	8.953634E-17	9.161763E-01
7.419656E+03	2.273383E-15	9.074321E-17	9.162063E-01
7.423743E+03	2.250825E-15	8.528584E-17	9.162360E-01
7.427829E+03	2.226067E-15	8.082076E-17	9.162655E-01
7.431916E+03	2.191411E-15	8.213643E-17	9.162948E-01
7.436003E+03	2.165548E-15	8.622513E-17	9.163239E-01
7.440090E+03	2.130978E-15	7.928778E-17	9.163527E-01
7.444177E+03	2.094939E-15	8.687138E-17	9.163813E-01
7.448264E+03	2.067420E-15	9.165446E-17	9.164097E-01
7.452351E+03	2.037883E-15	8.996517E-17	9.164378E-01
7.456438E+03	2.018791E-15	8.817500E-17	9.164657E-01
7.460525E+03	1.999605E-15	8.776140E-17	9.164933E-01
7.464612E+03	1.986375E-15	8.467765E-17	9.165207E-01
7.468699E+03	1.974519E-15	8.214258E-17	9.165479E-01
7.472785E+03	1.957620E-15	8.340193E-17	9.165748E-01
7.476873E+03	1.944570E-15	8.807098E-17	9.166015E-01
7.480959E+03	1.936010E-15	8.379440E-17	9.166279E-01
7.485046E+03	1.926257E-15	8.039095E-17	9.166540E-01
7.489133E+03	1.915403E-15	8.018281E-17	9.166799E-01
7.493220E+03	1.901431E-15	7.166528E-17	9.167056E-01
7.497307E+03	1.887274E-15	5.728480E-17	9.167310E-01
7.501394E+03	1.888426E-15	5.794774E-17	9.167562E-01
7.505481E+03	1.909747E-15	7.744329E-17	9.167810E-01
7.509568E+03	1.950962E-15	9.125660E-17	9.168057E-01
7.513655E+03	1.998231E-15	9.088971E-17	9.168300E-01
7.517742E+03	2.049627E-15	9.283791E-17	9.168541E-01
7.521828E+03	2.090665E-15	9.032897E-17	9.168780E-01
7.525915E+03	2.120060E-15	8.127464E-17	9.169016E-01
7.530002E+03	2.133042E-15	7.965639E-17	9.169249E-01
7.534089E+03	2.139881E-15	9.070367E-17	9.169479E-01
7.538176E+03	2.134983E-15	8.965101E-17	9.169707E-01
7.542263E+03	2.124123E-15	1.021891E-16	9.169933E-01
7.546350E+03	2.103083E-15	1.285298E-16	9.170156E-01
7.550437E+03	2.069387E-15	1.663677E-16	9.170376E-01
7.554524E+03	2.025509E-15	1.846237E-16	9.170594E-01
7.558611E+03	1.971082E-15	2.025641E-16	9.170809E-01
7.562698E+03	1.899410E-15	2.156672E-16	9.171022E-01
7.566784E+03	1.821682E-15	2.053172E-16	9.171232E-01
7.570871E+03	1.733494E-15	2.003336E-16	9.171439E-01
7.574958E+03	1.640715E-15	2.902351E-16	9.171644E-01
7.579045E+03	1.546924E-15	3.849569E-16	9.171847E-01
7.583132E+03	1.440287E-15	4.295823E-16	9.172047E-01
7.587219E+03	1.348137E-15	4.442435E-16	9.172245E-01
7.591306E+03	1.257175E-15	4.422551E-16	9.172440E-01
7.595393E+03	1.174647E-15	4.418169E-16	9.172633E-01
7.599480E+03	1.099821E-15	4.290641E-16	9.172823E-01
7.603567E+03	1.044714E-15	4.102789E-16	9.173010E-01
7.607654E+03	1.010886E-15	3.761519E-16	9.173196E-01
7.611740E+03	9.969628E-16	3.355088E-16	9.173379E-01
7.615827E+03	9.943221E-16	3.006936E-16	9.173559E-01
7.619914E+03	9.970017E-16	3.011440E-16	9.173737E-01
7.624001E+03	1.016470E-15	2.829846E-16	9.173913E-01
7.628088E+03	1.066946E-15	2.146737E-16	9.174086E-01
7.632175E+03	1.124397E-15	1.675966E-16	9.174256E-01
7.636262E+03	1.204052E-15	1.411243E-16	9.174425E-01
7.640349E+03	1.303067E-15	1.462938E-16	9.174591E-01
7.644436E+03	1.413738E-15	1.418482E-16	9.174754E-01
7.648523E+03	1.531477E-15	1.412949E-16	9.174915E-01
7.652610E+03	1.669680E-15	1.449634E-16	9.175074E-01
7.656697E+03	1.795042E-15	1.354704E-16	9.175231E-01
7.660783E+03	1.928391E-15	1.457704E-16	9.175385E-01
7.664870E+03	2.060367E-15	1.300030E-16	9.175536E-01
7.668957E+03	2.181611E-15	1.320597E-16	9.175686E-01
7.673044E+03	2.292031E-15	1.368880E-16	9.175833E-01
7.677131E+03	2.387406E-15	1.505309E-16	9.175977E-01
7.681218E+03	2.459384E-15	1.498991E-16	9.176120E-01
7.685305E+03	2.516864E-15	1.380863E-16	9.176260E-01
7.689392E+03	2.548377E-15	1.391693E-16	9.176397E-01
7.693479E+03	2.579064E-15	1.390591E-16	9.176533E-01
7.697566E+03	2.615533E-15	1.418596E-16	9.176666E-01
7.701653E+03	2.647689E-15	1.385765E-16	9.176796E-01
7.705739E+03	2.681406E-15	1.382520E-16	9.176925E-01
7.709826E+03	2.704936E-15	1.439087E-16	9.177051E-01
7.713913E+03	2.721583E-15	1.411219E-16	9.177175E-01
7.718000E+03	2.717764E-15	1.419640E-16	9.177296E-01
7.722087E+03	2.712477E-15	1.422938E-16	9.177415E-01
7.726174E+03	2.689843E-15	1.386033E-16	9.177532E-01
7.730261E+03	2.677028E-15	1.532917E-16	9.177647E-01
7.734348E+03	2.672013E-15	1.538616E-16	9.177759E-01
7.738435E+03	2.675533E-15	1.464429E-16	9.177870E-01
7.742522E+03	2.674004E-15	1.359060E-16	9.177977E-01
7.746609E+03	2.676329E-15	1.360989E-16	9.178083E-01
7.750695E+03	2.684528E-15	1.334006E-16	9.178186E-01
7.754782E+03	2.694470E-15	1.279814E-16	9.178288E-01
7.758869E+03	2.693398E-15	1.124457E-16	9.178386E-01
7.762956E+03	2.692049E-15	1.162842E-16	9.178483E-01
7.767043E+03	2.694371E-15	1.167191E-16	9.178577E-01
7.771130E+03	2.697886E-15	1.258227E-16	9.178670E-01
7.775217E+03	2.687082E-15	1.282766E-16	9.178760E-01
7.779304E+03	2.670035E-15	1.111869E-16	9.178847E-01
7.783391E+03	2.676577E-15	1.108932E-16	9.178933E-01
7.787478E+03	2.667422E-15	1.151206E-16	9.179016E-01
7.791565E+03	2.668639E-15	1.209982E-16	9.179097E-01
7.795652E+03	2.664164E-15	1.214608E-16	9.179176E-01
7.799739E+03	2.662809E-15	1.384320E-16	9.179252E-01
7.803825E+03	2.657782E-15	1.528419E-16	9.179327E-01
7.807912E+03	2.658262E-15	1.578396E-16	9.179399E-01
7.811999E+03	2.652316E-15	1.570549E-16	9.179469E-01
7.816086E+03	2.642880E-15	1.560769E-16	9.179537E-01
7.820173E+03	2.618114E-15	1.519622E-16	9.179602E-01
7.824260E+03	2.606933E-15	1.452964E-16	9.179666E-01
7.828347E+03	2.579503E-15	1.439036E-16	9.179727E-01
7.832434E+03	2.571258E-15	1.586301E-16	9.179786E-01
7.836521E+03	2.551445E-15	1.535734E-16	9.179843E-01
7.840608E+03	2.529062E-15	1.491960E-16	9.179897E-01
7.844694E+03	2.512001E-15	1.555657E-16	9.179950E-01
7.848781E+03	2.493747E-15	1.438447E-16	9.180000E-01
7.852868E+03	2.452542E-15	1.314768E-16	9.180048E-01
7.856955E+03	2.422627E-15	1.381210E-16	9.180094E-01
7.861042E+03	2.396567E-15	1.382629E-16	9.180138E-01
7.865129E+03	2.360591E-15	1.397215E-16	9.180179E-01
7.869216E+03	2.331592E-15	1.398464E-16	9.180219E-01
7.873303E+03	2.298920E-15	1.354438E-16	9.180256E-01
7.877390E+03	2.271479E-15	1.320372E-16	9.180291E-01
7.881477E+03	2.246976E-15	1.428693E-16	9.180324E-01
7.885564E+03	2.210354E-15	1.434578E-16	9.180354E-01
7.889650E+03	2.188420E-15	1.458865E-16	9.180383E-01
7.893737E+03	2.164098E-15	1.599621E-16	9.180409E-01
7.897824E+03	2.134359E-15	1.670502E-16	9.180433E-01
7.901911E+03	2.107006E-15	1.685459E-16	9.180455E-01
7.905998E+03	2.083509E-15	1.610793E-16	9.180475E-01
7.910085E+03	2.065611E-15	1.608358E-16	9.180493E-01
7.914172E+03	2.036237E-15	1.602002E-16	9.180509E-01
7.918259E+03	2.015308E-15	1.540257E-16	9.180522E-01
7.922346E+03	1.981067E-15	1.630139E-16	9.180533E-01
7.926433E+03	1.957659E-15	1.656435E-16	9.180542E-01
7.930520E+03	1.936820E-15	1.486051E-16	9.180549E-01
7.934606E+03	1.915431E-15	1.464612E-16	9.180554E-01
7.938694E+03	1.890368E-15	1.472829E-16	9.180557E-01
7.942780E+03	1.879719E-15	1.233720E-16	9.180558E-01
7.946867E+03	1.864755E-15	9.715839E-17	9.180556E-01
7.950954E+03	1.852452E-15	9.806123E-17	9.180553E-01
7.955041E+03	1.828306E-15	9.209063E-17	9.180547E-01
7.959128E+03	1.809760E-15	9.029029E-17	9.180540E-01
7.963215E+03	1.794977E-15	1.074335E-16	9.180530E-01
7.967302E+03	1.769637E-15	1.076322E-16	9.180519E-01
7.971389E+03	1.737870E-15	1.038513E-16	9.180505E-01
7.975476E+03	1.710693E-15	1.054850E-16	9.180490E-01
7.979563E+03	1.691318E-15	1.052104E-16	9.180473E-01
7.983650E+03	1.668088E-15	1.052547E-16	9.180453E-01
7.987736E+03	1.645501E-15	9.959516E-17	9.180432E-01
7.991823E+03	1.611162E-15	1.034816E-16	9.180409E-01
7.995910E+03	1.577649E-15	1.127724E-16	9.180384E-01
7.999997E+03	1.545880E-15	1.142047E-16	9.180357E-01
8.004084E+03	1.537613E-15	1.138913E-16	9.180329E-01
8.008171E+03	1.517779E-15	1.144456E-16	9.180298E-01
8.012258E+03	1.490049E-15	9.810933E-17	9.180266E-01
8.016345E+03	1.453965E-15	1.036739E-16	9.180231E-01
8.020432E+03	1.440005E-15	1.009699E-16	9.180195E-01
8.024519E+03	1.411174E-15	9.358026E-17	9.180158E-01
8.028605E+03	1.390237E-15	9.053349E-17	9.180118E-01
8.032692E+03	1.370402E-15	8.997182E-17	9.180077E-01
8.036779E+03	1.353137E-15	9.006658E-17	9.180034E-01
8.040866E+03	1.337524E-15	8.353942E-17	9.179989E-01
8.044953E+03	1.317873E-15	7.287505E-17	9.179942E-01
8.049040E+03	1.295467E-15	6.664862E-17	9.179894E-01
8.053127E+03	1.279670E-15	6.653600E-17	9.179844E-01
8.057214E+03	1.264516E-15	6.743884E-17	9.179793E-01
8.061301E+03	1.245874E-15	7.585932E-17	9.179739E-01
8.065388E+03	1.232923E-15	6.521393E-17	9.179684E-01
8.069475E+03	1.218504E-15	5.961120E-17	9.179628E-01
8.073561E+03	1.203350E-15	6.871096E-17	9.179569E-01
8.077649E+03	1.190399E-15	8.581410E-17	9.179510E-01
8.081735E+03	1.176805E-15	1.013391E-16	9.179448E-01
8.085822E+03	1.171932E-15	1.012723E-16	9.179385E-01
8.089909E+03	1.159440E-15	9.999932E-17	9.179320E-01
8.093996E+03	1.142450E-15	9.941478E-17	9.179254E-01
8.098083E+03	1.125276E-15	1.065547E-16	9.179186E-01
8.102170E+03	1.104615E-15	1.060327E-16	9.179117E-01
8.106257E+03	1.082210E-15	1.049950E-16	9.179046E-01
8.110344E+03	1.055307E-15	1.045245E-16	9.178974E-01
8.114431E+03	1.036114E-15	1.043446E-16	9.178900E-01
8.118518E+03	1.006183E-15	1.034688E-16	9.178824E-01
8.122605E+03	9.722129E-16	9.691056E-17	9.178748E-01
8.126691E+03	9.439343E-16	7.333975E-17	9.178669E-01
8.130778E+03	9.161334E-16	6.772008E-17	9.178589E-01
8.134865E+03	8.933442E-16	7.012777E-17	9.178508E-01
8.138952E+03	8.803762E-16	7.032633E-17	9.178426E-01
8.143039E+03	8.589643E-16	7.261845E-17	9.178341E-01
8.147126E+03	8.440599E-16	6.185644E-17	9.178256E-01
8.151213E+03	8.296698E-16	7.830264E-17	9.178169E-01
8.155300E+03	8.129026E-16	7.790124E-17	9.178081E-01
8.159387E+03	8.000822E-16	6.456118E-17	9.177991E-01
8.163474E+03	7.896940E-16	6.321009E-17	9.177900E-01
8.167560E+03	7.827293E-16	6.325798E-17	9.177807E-01
8.171647E+03	7.794632E-16	6.045323E-17	9.177714E-01
8.175734E+03	7.719846E-16	9.623827E-17	9.177618E-01
8.179821E+03	7.770791E-16	9.471126E-17	9.177522E-01
8.183908E+03	7.748683E-16	1.011306E-16	9.177424E-01
8.187995E+03	7.722627E-16	1.003983E-16	9.177325E-01
8.192082E+03	7.770356E-16	9.995457E-17	9.177225E-01
8.196169E+03	7.750080E-16	9.920749E-17	9.177123E-01
8.200256E+03	7.895082E-16	7.966783E-17	9.177020E-01
8.204343E+03	7.862965E-16	8.053723E-17	9.176916E-01
8.208430E+03	7.864068E-16	9.190076E-17	9.176811E-01
8.212516E+03	7.933352E-16	9.716528E-17	9.176704E-01
8.216603E+03	8.022639E-16	9.437921E-17	9.176596E-01
8.220690E+03	8.088523E-16	9.459547E-17	9.176487E-01
8.224777E+03	8.192853E-16	7.014963E-17	9.176377E-01
8.228864E+03	8.281671E-16	7.095910E-17	9.176265E-01
8.232951E+03	8.213941E-16	6.449757E-17	9.176152E-01
8.237038E+03	8.479761E-16	6.837753E-17	9.176038E-01
8.241125E+03	8.609494E-16	6.101891E-17	9.175923E-01
8.245212E+03	8.802076E-16	5.809735E-17	9.175807E-01
8.249299E+03	8.765169E-16	6.673406E-17	9.175690E-01
8.253386E+03	8.716334E-16	7.318720E-17	9.175571E-01
8.257473E+03	8.724203E-16	7.438227E-17	9.175452E-01
8.261559E+03	8.810703E-16	7.777983E-17	9.175331E-01
8.265646E+03	8.909220E-16	8.056759E-17	9.175209E-01
8.269733E+03	8.997089E-16	9.925755E-17	9.175086E-01
8.273820E+03	9.260289E-16	1.068109E-16	9.174962E-01
8.277907E+03	9.424392E-16	1.108785E-16	9.174837E-01
8.281994E+03	9.616932E-16	1.076789E-16	9.174711E-01
8.286081E+03	9.706709E-16	1.111016E-16	9.174583E-01
8.290168E+03	1.008089E-15	1.175056E-16	9.174455E-01
8.294255E+03	1.036332E-15	1.185521E-16	9.174326E-01
8.298342E+03	1.057785E-15	1.166769E-16	9.174195E-01
8.302429E+03	1.082540E-15	1.092129E-16	9.174064E-01
8.306515E+03	1.099771E-15	1.129662E-16	9.173931E-01
8.310602E+03	1.121955E-15	1.801185E-16	9.173798E-01
8.314689E+03	1.137534E-15	2.075343E-16	9.173664E-01
8.318776E+03	1.150360E-15	1.980406E-16	9.173528E-01
8.322863E+03	1.177772E-15	2.604716E-16	9.173392E-01
8.326950E+03	1.200779E-15	2.586348E-16	9.173254E-01
8.331037E+03	1.233692E-15	2.626590E-16	9.173116E-01
8.335124E+03	1.255322E-15	2.626424E-16	9.172977E-01
8.339211E+03	1.268603E-15	2.602887E-16	9.172837E-01
8.343298E+03	1.300321E-15	2.601171E-16	9.172695E-01
8.347385E+03	1.329929E-15	2.626693E-16	9.172553E-01
8.351471E+03	1.351738E-15	2.661417E-16	9.172410E-01
8.355558E+03	1.389507E-15	2.639599E-16	9.172266E-01
8.359645E+03	1.426907E-15	2.075739E-16	9.172122E-01
8.363732E+03	1.461830E-15	2.282508E-16	9.171976E-01
8.367819E+03	1.497943E-15	2.301866E-16	9.171829E-01
8.371906E+03	1.517271E-15	1.523016E-16	9.171682E-01
8.375993E+03	1.552557E-15	1.571650E-16	9.171534E-01
8.380080E+03	1.581330E-15	1.560300E-16	9.171384E-01
8.384167E+03	1.610560E-15	1.525396E-16	9.171234E-01
8.388254E+03	1.640890E-15	1.542300E-16	9.171084E-01
8.392341E+03	1.660397E-15	1.546367E-16	9.170932E-01
8.396428E+03	1.698979E-15	1.572781E-16	9.170779E-01
8.400514E+03	1.713073E-15	1.563542E-16	9.170626E-01
8.404601E+03	1.731568E-15	1.570300E-16	9.170472E-01
8.408688E+03	1.756941E-15	1.730361E-16	9.170317E-01
8.412775E+03	1.777177E-15	1.163212E-16	9.170161E-01
8.416862E+03	1.798421E-15	1.647157E-16	9.170005E-01
8.420949E+03	1.816455E-15	1.646236E-16	9.169847E-01
8.425036E+03	1.833204E-15	1.619622E-16	9.169689E-01
8.429123E+03	1.856005E-15	1.674989E-16	9.169530E-01
8.433210E+03	1.898335E-15	1.708133E-16	9.169371E-01
8.437297E+03	1.913523E-15	1.712735E-16	9.169210E-01
8.441384E+03	1.940354E-15	1.734627E-16	9.169049E-01
8.445470E+03	1.939678E-15	1.812500E-16	9.168887E-01
8.449557E+03	1.955139E-15	1.844042E-16	9.168725E-01
8.453644E+03	1.968032E-15	1.838487E-16	9.168562E-01
8.457731E+03	1.975331E-15	1.648270E-16	9.168398E-01
8.461818E+03	1.980247E-15	1.642012E-16	9.168233E-01
8.465905E+03	1.984703E-15	1.245198E-16	9.168068E-01
8.469992E+03	1.996311E-15	1.259381E-16	9.167902E-01
8.474079E+03	1.995908E-15	1.454131E-16	9.167735E-01
8.478166E+03	2.004855E-15	1.339432E-16	9.167568E-01
8.482253E+03	2.017928E-15	1.334266E-16	9.167399E-01
8.486340E+03	2.047134E-15	1.333672E-16	9.167231E-01
8.490426E+03	2.057547E-15	1.341893E-16	9.167061E-01
8.494513E+03	2.064934E-15	1.109935E-16	9.166891E-01
8.498600E+03	2.071404E-15	1.036445E-16	9.166721E-01
8.502687E+03	2.074665E-15	1.043981E-16	9.166549E-01
8.506774E+03	2.082234E-15	1.037079E-16	9.166377E-01
8.510861E+03	2.084670E-15	1.069610E-16	9.166205E-01
8.514948E+03	2.091413E-15	1.094657E-16	9.166032E-01
8.519035E+03	2.102006E-15	1.123130E-16	9.165858E-01
8.523122E+03	2.106916E-15	8.387107E-17	9.165684E-01
8.527209E+03	2.111183E-15	1.187430E-16	9.165509E-01
8.531296E+03	2.100878E-15	1.224085E-16	9.165333E-01
8.535382E+03	2.094605E-15	1.224336E-16	9.165157E-01
8.539469E+03	2.103088E-15	1.201436E-16	9.164980E-01
8.543556E+03	2.102681E-15	1.243420E-16	9.164803E-01
8.547643E+03	2.101815E-15	1.252776E-16	9.164625E-01
8.551730E+03	2.104982E-15	1.326481E-16	9.164447E-01
8.555817E+03	2.097793E-15	1.340539E-16	9.164268E-01
8.559904E+03	2.095552E-15	1.332694E-16	9.164089E-01
8.563991E+03	2.103850E-15	1.303242E-16	9.163909E-01
8.568078E+03	2.093637E-15	1.299774E-16	9.163728E-01
8.572165E+03	2.091396E-15	1.308242E-16	9.163547E-01
8.576252E+03	2.079443E-15	1.014345E-16	9.163366E-01
8.580339E+03	2.069872E-15	9.300561E-17	9.163184E-01
8.584425E+03	2.064333E-15	9.370849E-17	9.163001E-01
8.588512E+03	2.061909E-15	9.362181E-17	9.162818E-01
8.592599E+03	2.062784E-15	9.052600E-17	9.162635E-01
8.596686E+03	2.046342E-15	9.045135E-17	9.162451E-01
8.600773E+03	2.032924E-15	8.252847E-17	9.162266E-01
8.604860E+03	2.028302E-15	8.187359E-17	9.162081E-01
8.608947E+03	2.017633E-15	8.096118E-17	9.161896E-01
8.613034E+03	2.013103E-15	8.033101E-17	9.161710E-01
8.617121E+03	2.009580E-15	7.900504E-17	9.161524E-01
8.621208E+03	2.002851E-15	7.663356E-17	9.161337E-01
8.625295E+03	2.002536E-15	7.673702E-17	9.161150E-01
8.629381E+03	2.003411E-15	8.342654E-17	9.160962E-01
8.633468E+03	2.006301E-15	1.062243E-16	9.160774E-01
8.637555E+03	2.011665E-15	1.122838E-16	9.160585E-01
8.641642E+03	2.010982E-15	1.356608E-16	9.160396E-01
8.645729E+03	2.013322E-15	1.433398E-16	9.160207E-01
8.649816E+03	2.000731E-15	1.441828E-16	9.160017E-01
8.653903E+03	2.002063E-15	1.424918E-16	9.159827E-01
8.657990E+03	2.000281E-15	1.427602E-16	9.159637E-01
8.662077E+03	2.011139E-15	1.429247E-16	9.159446E-01
8.666164E+03	2.003037E-15	1.448490E-16	9.159254E-01
8.670251E+03	2.010506E-15	1.503309E-16	9.159063E-01
8.674337E+03	1.995443E-15	1.514964E-16	9.158871E-01
8.678424E+03	1.990822E-15	1.523764E-16	9.158678E-01
8.682511E+03	1.979790E-15	1.333173E-16	9.158485E-01
8.686598E+03	1.965644E-15	1.224185E-16	9.158292E-01
8.690685E+03	1.956902E-15	1.063125E-16	9.158099E-01
8.694772E+03	1.946055E-15	9.761872E-17	9.157905E-01
8.698859E+03	1.935024E-15	9.686857E-17	9.157710E-01
8.702946E+03	1.931045E-15	9.548446E-17	9.157516E-01
8.707033E+03	1.924411E-15	8.924612E-17	9.157321E-01
8.711120E+03	1.915396E-15	8.822685E-17	9.157126E-01
8.715207E+03	1.895485E-15	8.818787E-17	9.156930E-01
8.719294E+03	1.915864E-15	8.667780E-17	9.156734E-01
8.723380E+03	1.902454E-15	8.397523E-17	9.156538E-01
8.727467E+03	1.916697E-15	1.033013E-16	9.156342E-01
8.731554E+03	1.891202E-15	1.051011E-16	9.156145E-01
8.735641E+03	1.872758E-15	1.061120E-16	9.155948E-01
8.739728E+03	1.871710E-15	1.622779E-16	9.155750E-01
8.743815E+03	1.865627E-15	1.611508E-16	9.155552E-01
8.747902E+03	1.854417E-15	2.106611E-16	9.155354E-01
