#wls	flux	fluxerr
1.587302E+03	6.394288E-05	2.966749E-06
1.626984E+03	6.456613E-05	2.989879E-06
1.666667E+03	6.524019E-05	3.015102E-06
1.706349E+03	6.596760E-05	3.042511E-06
1.746032E+03	6.674966E-05	3.072146E-06
1.785714E+03	6.759454E-05	3.104356E-06
1.825397E+03	6.848365E-05	3.138261E-06
1.865079E+03	6.943239E-05	3.174545E-06
1.904762E+03	7.040598E-05	3.211589E-06
1.944444E+03	7.140935E-05	3.249602E-06
1.984127E+03	7.246094E-05	3.289398E-06
2.023810E+03	7.359735E-05	3.332609E-06
2.063492E+03	7.489116E-05	3.382470E-06
2.103175E+03	7.650024E-05	3.446024E-06
2.142857E+03	7.854830E-05	3.528699E-06
2.182540E+03	8.113788E-05	3.634907E-06
2.222222E+03	8.423023E-05	3.762690E-06
2.261905E+03	8.778540E-05	3.910043E-06
2.301587E+03	9.174981E-05	4.074373E-06
2.341270E+03	9.607014E-05	4.253113E-06
2.380952E+03	1.007556E-04	4.446484E-06
2.420635E+03	1.058264E-04	4.655172E-06
2.460317E+03	1.113529E-04	4.882043E-06
2.500000E+03	1.173677E-04	5.128272E-06
2.539683E+03	1.239809E-04	5.398369E-06
2.579365E+03	1.312226E-04	5.693296E-06
2.619048E+03	1.392206E-04	6.018210E-06
2.658730E+03	1.480574E-04	6.376216E-06
2.698413E+03	1.578437E-04	6.771566E-06
2.738095E+03	1.687241E-04	7.209860E-06
2.777778E+03	1.808138E-04	7.695329E-06
2.817460E+03	1.942867E-04	8.234591E-06
2.857143E+03	2.093113E-04	8.833876E-06
2.896825E+03	2.261260E-04	9.502209E-06
2.936508E+03	2.449142E-04	1.024609E-05
2.976190E+03	2.659602E-04	1.107605E-05
2.986111E+03	2.716078E-04	1.129820E-05
2.996032E+03	2.774292E-04	1.152697E-05
3.005952E+03	2.834285E-04	1.176249E-05
3.015873E+03	2.895802E-04	1.200368E-05
3.025794E+03	2.959208E-04	1.225203E-05
3.035714E+03	3.024572E-04	1.250779E-05
3.045635E+03	3.091617E-04	1.276977E-05
3.055556E+03	3.161014E-04	1.304073E-05
3.065476E+03	3.232165E-04	1.331815E-05
3.075397E+03	3.305760E-04	1.360484E-05
3.085317E+03	3.381186E-04	1.389825E-05
3.095238E+03	3.459148E-04	1.420123E-05
3.105159E+03	3.539362E-04	1.451257E-05
3.115079E+03	3.621526E-04	1.483100E-05
3.125000E+03	3.706722E-04	1.516092E-05
3.134921E+03	3.793959E-04	1.549821E-05
3.144841E+03	3.883986E-04	1.584589E-05
3.154762E+03	3.976498E-04	1.620268E-05
3.164683E+03	4.071540E-04	1.656871E-05
3.174603E+03	4.169533E-04	1.694565E-05
3.184524E+03	4.270537E-04	1.733369E-05
3.194444E+03	4.374227E-04	1.773145E-05
3.204365E+03	4.481037E-04	1.814064E-05
3.214286E+03	4.590631E-04	1.855985E-05
3.224206E+03	4.703856E-04	1.899244E-05
3.234127E+03	4.819972E-04	1.943537E-05
3.244048E+03	4.939433E-04	1.989041E-05
3.253968E+03	5.062296E-04	2.035773E-05
3.263889E+03	5.188619E-04	2.083749E-05
3.273810E+03	5.318454E-04	2.132983E-05
3.283730E+03	5.452289E-04	2.183666E-05
3.293651E+03	5.589316E-04	2.235465E-05
3.303571E+03	5.730457E-04	2.288743E-05
3.313492E+03	5.875326E-04	2.343339E-05
3.323413E+03	6.024427E-04	2.399445E-05
3.333333E+03	6.177357E-04	2.456894E-05
3.343254E+03	6.334626E-04	2.515880E-05
3.353175E+03	6.496288E-04	2.576417E-05
3.363095E+03	6.661920E-04	2.638328E-05
3.373016E+03	6.832520E-04	2.702001E-05
3.382937E+03	7.007173E-04	2.767064E-05
3.392857E+03	7.186398E-04	2.833713E-05
3.402778E+03	7.370232E-04	2.901956E-05
3.412698E+03	7.559216E-04	2.971994E-05
3.422619E+03	7.752883E-04	3.043634E-05
3.432540E+03	7.951254E-04	3.116876E-05
3.442460E+03	8.154873E-04	3.191922E-05
3.452381E+03	8.363239E-04	3.268567E-05
3.462302E+03	8.576892E-04	3.347010E-05
3.472222E+03	8.795848E-04	3.427249E-05
3.482143E+03	9.020117E-04	3.509275E-05
3.492063E+03	9.249698E-04	3.593079E-05
3.501984E+03	9.484025E-04	3.678427E-05
3.511905E+03	9.724199E-04	3.765739E-05
3.521825E+03	9.970212E-04	3.854997E-05
3.531746E+03	1.022089E-03	3.945739E-05
3.541667E+03	1.047735E-03	4.038380E-05
3.551587E+03	1.073954E-03	4.132894E-05
3.561508E+03	1.100743E-03	4.229253E-05
3.571429E+03	1.128034E-03	4.327188E-05
3.581349E+03	1.155882E-03	4.426895E-05
3.591270E+03	1.184338E-03	4.528557E-05
3.601190E+03	1.213333E-03	4.631902E-05
3.611111E+03	1.242857E-03	4.736874E-05
3.621032E+03	1.272897E-03	4.843419E-05
3.630952E+03	1.303505E-03	4.951715E-05
3.640873E+03	1.334602E-03	5.061458E-05
3.650794E+03	1.366302E-03	5.173062E-05
3.660714E+03	1.398461E-03	5.285972E-05
3.670635E+03	1.431191E-03	5.400602E-05
3.680556E+03	1.464341E-03	5.516368E-05
3.690476E+03	1.498026E-03	5.633692E-05
3.700397E+03	1.532156E-03	5.752226E-05
3.710317E+03	1.566776E-03	5.872127E-05
3.720238E+03	1.601793E-03	5.993039E-05
3.730159E+03	1.637320E-03	6.115370E-05
3.740079E+03	1.673195E-03	6.238504E-05
3.750000E+03	1.709456E-03	6.362578E-05
3.759921E+03	1.746075E-03	6.487475E-05
3.769841E+03	1.783090E-03	6.613332E-05
3.779762E+03	1.820333E-03	6.739509E-05
3.789683E+03	1.857979E-03	6.866652E-05
3.799603E+03	1.895853E-03	6.994109E-05
3.809524E+03	1.933924E-03	7.121749E-05
3.819444E+03	1.972295E-03	7.249955E-05
3.829365E+03	2.010788E-03	7.378064E-05
3.839286E+03	2.049509E-03	7.506454E-05
3.849206E+03	2.088278E-03	7.634468E-05
3.859127E+03	2.127199E-03	7.762478E-05
3.869048E+03	2.166161E-03	7.890080E-05
3.878968E+03	2.205199E-03	8.017392E-05
3.888889E+03	2.244201E-03	8.144008E-05
3.898810E+03	2.283127E-03	8.269787E-05
3.908730E+03	2.322084E-03	8.395106E-05
3.918651E+03	2.360818E-03	8.519055E-05
3.928571E+03	2.399506E-03	8.642269E-05
3.938492E+03	2.437967E-03	8.764101E-05
3.948413E+03	2.476309E-03	8.884939E-05
3.958333E+03	2.514354E-03	9.004151E-05
3.968254E+03	2.552140E-03	9.121873E-05
3.978175E+03	2.589637E-03	9.238001E-05
3.988095E+03	2.626740E-03	9.352172E-05
3.998016E+03	2.663564E-03	9.464800E-05
4.007937E+03	2.699942E-03	9.575294E-05
4.017857E+03	2.735919E-03	9.683826E-05
4.027778E+03	2.771475E-03	9.790332E-05
4.037698E+03	2.806590E-03	9.894746E-05
4.047619E+03	2.841180E-03	9.996785E-05
4.057540E+03	2.875298E-03	1.009664E-04
4.067460E+03	2.908799E-03	1.019383E-04
4.077381E+03	2.941879E-03	1.028903E-04
4.087302E+03	2.974332E-03	1.038154E-04
4.097222E+03	3.006223E-03	1.047160E-04
4.107143E+03	3.037491E-03	1.055901E-04
4.117063E+03	3.068205E-03	1.064402E-04
4.126984E+03	3.098378E-03	1.072669E-04
4.136905E+03	3.127887E-03	1.080660E-04
4.146825E+03	3.156752E-03	1.088384E-04
4.156746E+03	3.185056E-03	1.095871E-04
4.166667E+03	3.212692E-03	1.103084E-04
4.176587E+03	3.239751E-03	1.110058E-04
4.186508E+03	3.266198E-03	1.116781E-04
4.196429E+03	3.292001E-03	1.123244E-04
4.206349E+03	3.317195E-03	1.129460E-04
4.216270E+03	3.341816E-03	1.135442E-04
4.226190E+03	3.365778E-03	1.141163E-04
4.236111E+03	3.389187E-03	1.146660E-04
4.246032E+03	3.411901E-03	1.151887E-04
4.255952E+03	3.434088E-03	1.156901E-04
4.265873E+03	3.455671E-03	1.161678E-04
4.275794E+03	3.476581E-03	1.166197E-04
4.285714E+03	3.496926E-03	1.170494E-04
4.295635E+03	3.516694E-03	1.174568E-04
4.305556E+03	3.535821E-03	1.178398E-04
4.315476E+03	3.554355E-03	1.182002E-04
4.325397E+03	3.572289E-03	1.185380E-04
4.335317E+03	3.589558E-03	1.188510E-04
4.345238E+03	3.606266E-03	1.191429E-04
4.355159E+03	3.622294E-03	1.194099E-04
4.365079E+03	3.637689E-03	1.196537E-04
4.375000E+03	3.652494E-03	1.198758E-04
4.384921E+03	3.666644E-03	1.200744E-04
4.394841E+03	3.680176E-03	1.202508E-04
4.404762E+03	3.693026E-03	1.204029E-04
4.414683E+03	3.705281E-03	1.205339E-04
4.424603E+03	3.716920E-03	1.206432E-04
4.434524E+03	3.727923E-03	1.207303E-04
4.444444E+03	3.738366E-03	1.207979E-04
4.454365E+03	3.748172E-03	1.208435E-04
4.464286E+03	3.757362E-03	1.208680E-04
4.474206E+03	3.766004E-03	1.208738E-04
4.484127E+03	3.774065E-03	1.208598E-04
4.494048E+03	3.781604E-03	1.208283E-04
4.503968E+03	3.788630E-03	1.207795E-04
4.513889E+03	3.795051E-03	1.207108E-04
4.523810E+03	3.801018E-03	1.206270E-04
4.533730E+03	3.806435E-03	1.205252E-04
4.543651E+03	3.811349E-03	1.204071E-04
4.553571E+03	3.815805E-03	1.202742E-04
4.563492E+03	3.819703E-03	1.201235E-04
4.573413E+03	3.823134E-03	1.199579E-04
4.583333E+03	3.826041E-03	1.197758E-04
4.593254E+03	3.828464E-03	1.195787E-04
4.603175E+03	3.830346E-03	1.193649E-04
4.613095E+03	3.831728E-03	1.191356E-04
4.623016E+03	3.832598E-03	1.188909E-04
4.632937E+03	3.832902E-03	1.186290E-04
4.642857E+03	3.832677E-03	1.183514E-04
4.652778E+03	3.831871E-03	1.180564E-04
4.662698E+03	3.830520E-03	1.177454E-04
4.672619E+03	3.828622E-03	1.174185E-04
4.682540E+03	3.826126E-03	1.170742E-04
4.692460E+03	3.823031E-03	1.167126E-04
4.702381E+03	3.819339E-03	1.163340E-04
4.712302E+03	3.815097E-03	1.159399E-04
4.722222E+03	3.810310E-03	1.155307E-04
4.732143E+03	3.804903E-03	1.151042E-04
4.742063E+03	3.799020E-03	1.146649E-04
4.751984E+03	3.792636E-03	1.142121E-04
4.761905E+03	3.785728E-03	1.137453E-04
4.771825E+03	3.778455E-03	1.132694E-04
4.781746E+03	3.770757E-03	1.127827E-04
4.791667E+03	3.762756E-03	1.122889E-04
4.801587E+03	3.754441E-03	1.117879E-04
4.811508E+03	3.745929E-03	1.112830E-04
4.821429E+03	3.737241E-03	1.107752E-04
4.831349E+03	3.728376E-03	1.102642E-04
4.841270E+03	3.719395E-03	1.097518E-04
4.851190E+03	3.710227E-03	1.092362E-04
4.861111E+03	3.700888E-03	1.087175E-04
4.871032E+03	3.691389E-03	1.081964E-04
4.880952E+03	3.681711E-03	1.076720E-04
4.890873E+03	3.671832E-03	1.071439E-04
4.900794E+03	3.661783E-03	1.066129E-04
4.910714E+03	3.651593E-03	1.060799E-04
4.920635E+03	3.641258E-03	1.055448E-04
4.930556E+03	3.630737E-03	1.050063E-04
4.940476E+03	3.620152E-03	1.044680E-04
4.950397E+03	3.609389E-03	1.039267E-04
4.960317E+03	3.598575E-03	1.033860E-04
4.970238E+03	3.587720E-03	1.028460E-04
4.980159E+03	3.576796E-03	1.023061E-04
4.990079E+03	3.565854E-03	1.017677E-04
5.000000E+03	3.554868E-03	1.012300E-04
5.009921E+03	3.543932E-03	1.006956E-04
5.019841E+03	3.533059E-03	1.001649E-04
5.029762E+03	3.522223E-03	9.963715E-05
5.039683E+03	3.511480E-03	9.911385E-05
5.049603E+03	3.500840E-03	9.859531E-05
5.059524E+03	3.490318E-03	9.808183E-05
5.069444E+03	3.479925E-03	9.757373E-05
5.079365E+03	3.469672E-03	9.707129E-05
5.089286E+03	3.459609E-03	9.657578E-05
5.099206E+03	3.449704E-03	9.608635E-05
5.109127E+03	3.440004E-03	9.560419E-05
5.119048E+03	3.430514E-03	9.512941E-05
5.128968E+03	3.421205E-03	9.466113E-05
5.138889E+03	3.412115E-03	9.420039E-05
5.148810E+03	3.403212E-03	9.374625E-05
5.158730E+03	3.394570E-03	9.330063E-05
5.168651E+03	3.386117E-03	9.286157E-05
5.178571E+03	3.377888E-03	9.242996E-05
5.188492E+03	3.369848E-03	9.200475E-05
5.198413E+03	3.362064E-03	9.158777E-05
5.208333E+03	3.354428E-03	9.117599E-05
5.218254E+03	3.347008E-03	9.077122E-05
5.228175E+03	3.339799E-03	9.037332E-05
5.238095E+03	3.332763E-03	8.998115E-05
5.248016E+03	3.325859E-03	8.959362E-05
5.257937E+03	3.319154E-03	8.921245E-05
5.267857E+03	3.312574E-03	8.883563E-05
5.277778E+03	3.306145E-03	8.846387E-05
5.287698E+03	3.299797E-03	8.809519E-05
5.297619E+03	3.293590E-03	8.773123E-05
5.307540E+03	3.287415E-03	8.736901E-05
5.317460E+03	3.281334E-03	8.701021E-05
5.327381E+03	3.275270E-03	8.665273E-05
5.337302E+03	3.269245E-03	8.629720E-05
5.347222E+03	3.263149E-03	8.594065E-05
5.357143E+03	3.257036E-03	8.558455E-05
5.367063E+03	3.250789E-03	8.522581E-05
5.376984E+03	3.244424E-03	8.486490E-05
5.386905E+03	3.237856E-03	8.449960E-05
5.396825E+03	3.231098E-03	8.413029E-05
5.406746E+03	3.224030E-03	8.375386E-05
5.416667E+03	3.216665E-03	8.337075E-05
5.426587E+03	3.208984E-03	8.298047E-05
5.436508E+03	3.200903E-03	8.258096E-05
5.446429E+03	3.192410E-03	8.217198E-05
5.456349E+03	3.183561E-03	8.175502E-05
5.466270E+03	3.174283E-03	8.132828E-05
5.476190E+03	3.164673E-03	8.089430E-05
5.486111E+03	3.154670E-03	8.045165E-05
5.496032E+03	3.144378E-03	8.000301E-05
5.505952E+03	3.133780E-03	7.954800E-05
5.515873E+03	3.122992E-03	7.908963E-05
5.525794E+03	3.112004E-03	7.862769E-05
5.535714E+03	3.100877E-03	7.816376E-05
5.545635E+03	3.089708E-03	7.770031E-05
5.555556E+03	3.078533E-03	7.723825E-05
5.565476E+03	3.067425E-03	7.677941E-05
5.575397E+03	3.056427E-03	7.632488E-05
5.585317E+03	3.045582E-03	7.587575E-05
5.595238E+03	3.035003E-03	7.543475E-05
5.605159E+03	3.024704E-03	7.500222E-05
5.615079E+03	3.014795E-03	7.458087E-05
5.625000E+03	3.005265E-03	7.417032E-05
5.634921E+03	2.996248E-03	7.377386E-05
5.644841E+03	2.987731E-03	7.339107E-05
5.654762E+03	2.979784E-03	7.302362E-05
5.664683E+03	2.972479E-03	7.267315E-05
5.674603E+03	2.965819E-03	7.233968E-05
5.684524E+03	2.959838E-03	7.202392E-05
5.694444E+03	2.954625E-03	7.172790E-05
5.704365E+03	2.950140E-03	7.145060E-05
5.714286E+03	2.946433E-03	7.119310E-05
5.724206E+03	2.943488E-03	7.095487E-05
5.734127E+03	2.941375E-03	7.073751E-05
5.744048E+03	2.940068E-03	7.054030E-05
5.753968E+03	2.939566E-03	7.036307E-05
5.763889E+03	2.939833E-03	7.020489E-05
5.773810E+03	2.940924E-03	7.006691E-05
5.783730E+03	2.942796E-03	6.994805E-05
5.793651E+03	2.945401E-03	6.984705E-05
5.803571E+03	2.948785E-03	6.976489E-05
5.813492E+03	2.952864E-03	6.969953E-05
5.823413E+03	2.957649E-03	6.965111E-05
5.833333E+03	2.963115E-03	6.961899E-05
5.843254E+03	2.969210E-03	6.960188E-05
5.853175E+03	2.975912E-03	6.959917E-05
5.863095E+03	2.983196E-03	6.961024E-05
5.873016E+03	2.991075E-03	6.963534E-05
5.882937E+03	2.999467E-03	6.967252E-05
5.892857E+03	3.008388E-03	6.972208E-05
5.902778E+03	3.017789E-03	6.978291E-05
5.912698E+03	3.027695E-03	6.985551E-05
5.922619E+03	3.038064E-03	6.993891E-05
5.932540E+03	3.048861E-03	7.003227E-05
5.942460E+03	3.060084E-03	7.013555E-05
5.952381E+03	3.071765E-03	7.024948E-05
5.962302E+03	3.083846E-03	7.037270E-05
5.972222E+03	3.096366E-03	7.050611E-05
5.982143E+03	3.109303E-03	7.064921E-05
5.992063E+03	3.122666E-03	7.080219E-05
6.001984E+03	3.136434E-03	7.096461E-05
6.011905E+03	3.150622E-03	7.113680E-05
6.021825E+03	3.165241E-03	7.131902E-05
6.031746E+03	3.180273E-03	7.151087E-05
6.041667E+03	3.195727E-03	7.171259E-05
6.051587E+03	3.211580E-03	7.192366E-05
6.061508E+03	3.227875E-03	7.214510E-05
6.071429E+03	3.244585E-03	7.237629E-05
6.081349E+03	3.261677E-03	7.261655E-05
6.091270E+03	3.279187E-03	7.286674E-05
6.101190E+03	3.297043E-03	7.312525E-05
6.111111E+03	3.315310E-03	7.339358E-05
6.121032E+03	3.333941E-03	7.367075E-05
6.130952E+03	3.352883E-03	7.395563E-05
6.140873E+03	3.372144E-03	7.424849E-05
6.150794E+03	3.391678E-03	7.454833E-05
6.160714E+03	3.411409E-03	7.485359E-05
6.170635E+03	3.431183E-03	7.516092E-05
6.180556E+03	3.450895E-03	7.546805E-05
6.190476E+03	3.470394E-03	7.577172E-05
6.200397E+03	3.489518E-03	7.606850E-05
6.210317E+03	3.508107E-03	7.635496E-05
6.220238E+03	3.526039E-03	7.662855E-05
6.230159E+03	3.543118E-03	7.688513E-05
6.240079E+03	3.559229E-03	7.712232E-05
6.250000E+03	3.574226E-03	7.733709E-05
6.259921E+03	3.587930E-03	7.752572E-05
6.269841E+03	3.600327E-03	7.768807E-05
6.279762E+03	3.611184E-03	7.781923E-05
6.289683E+03	3.620470E-03	7.791870E-05
6.299603E+03	3.628051E-03	7.798378E-05
6.309524E+03	3.633925E-03	7.801458E-05
6.319444E+03	3.637905E-03	7.800721E-05
6.329365E+03	3.640059E-03	7.796334E-05
6.339286E+03	3.640269E-03	7.788054E-05
6.349206E+03	3.638590E-03	7.776017E-05
6.359127E+03	3.634894E-03	7.759963E-05
6.369048E+03	3.629307E-03	7.740172E-05
6.378968E+03	3.621807E-03	7.716609E-05
6.388889E+03	3.612383E-03	7.689265E-05
6.398810E+03	3.601117E-03	7.658323E-05
6.408730E+03	3.588102E-03	7.623989E-05
6.418651E+03	3.573278E-03	7.586144E-05
6.428571E+03	3.556836E-03	7.545202E-05
6.438492E+03	3.538812E-03	7.501243E-05
6.448413E+03	3.519286E-03	7.454441E-05
6.458333E+03	3.498385E-03	7.405072E-05
6.468254E+03	3.476157E-03	7.353236E-05
6.478175E+03	3.452696E-03	7.299136E-05
6.488095E+03	3.428172E-03	7.243131E-05
6.498016E+03	3.402640E-03	7.185335E-05
6.507937E+03	3.376191E-03	7.125940E-05
6.517857E+03	3.348995E-03	7.065304E-05
6.527778E+03	3.321101E-03	7.003527E-05
6.537698E+03	3.292597E-03	6.940792E-05
6.547619E+03	3.263644E-03	6.877433E-05
6.557540E+03	3.234285E-03	6.813535E-05
6.567460E+03	3.204631E-03	6.749331E-05
6.577381E+03	3.174759E-03	6.684973E-05
6.587302E+03	3.144773E-03	6.620680E-05
6.597222E+03	3.114703E-03	6.556503E-05
6.607143E+03	3.084680E-03	6.492718E-05
6.617063E+03	3.054725E-03	6.429361E-05
6.626984E+03	3.024962E-03	6.366686E-05
6.636905E+03	2.995367E-03	6.304636E-05
6.646825E+03	2.966054E-03	6.243449E-05
6.656746E+03	2.937063E-03	6.183200E-05
6.666667E+03	2.908393E-03	6.123880E-05
6.676587E+03	2.880150E-03	6.065698E-05
6.686508E+03	2.852362E-03	6.008706E-05
6.696429E+03	2.825021E-03	5.952877E-05
6.706349E+03	2.798187E-03	5.898328E-05
6.716270E+03	2.771885E-03	5.845104E-05
6.726190E+03	2.746138E-03	5.793244E-05
6.736111E+03	2.721002E-03	5.742861E-05
6.746032E+03	2.696470E-03	5.693930E-05
6.755952E+03	2.672601E-03	5.646571E-05
6.765873E+03	2.649424E-03	5.600841E-05
6.775794E+03	2.626971E-03	5.556799E-05
6.785714E+03	2.605248E-03	5.514455E-05
6.795635E+03	2.584393E-03	5.474096E-05
6.805556E+03	2.564352E-03	5.435605E-05
6.815476E+03	2.545206E-03	5.399150E-05
6.825397E+03	2.527026E-03	5.364882E-05
6.835317E+03	2.509850E-03	5.332879E-05
6.845238E+03	2.493677E-03	5.303140E-05
6.855159E+03	2.478546E-03	5.275745E-05
6.865079E+03	2.464556E-03	5.250910E-05
6.875000E+03	2.451650E-03	5.228513E-05
6.884921E+03	2.439961E-03	5.208842E-05
6.894841E+03	2.429461E-03	5.191838E-05
6.904762E+03	2.420212E-03	5.177642E-05
6.914683E+03	2.412212E-03	5.166255E-05
6.924603E+03	2.405513E-03	5.157792E-05
6.934524E+03	2.400131E-03	5.152296E-05
6.944444E+03	2.396045E-03	5.149729E-05
6.954365E+03	2.393287E-03	5.150169E-05
6.964286E+03	2.391820E-03	5.153546E-05
6.974206E+03	2.391661E-03	5.159903E-05
6.984127E+03	2.392788E-03	5.169209E-05
6.994048E+03	2.395108E-03	5.181265E-05
7.003968E+03	2.398643E-03	5.196137E-05
7.013889E+03	2.403348E-03	5.213733E-05
7.023810E+03	2.409101E-03	5.233803E-05
7.033730E+03	2.415901E-03	5.256355E-05
7.043651E+03	2.423612E-03	5.281102E-05
7.053571E+03	2.432184E-03	5.307946E-05
7.063492E+03	2.441525E-03	5.336699E-05
7.073413E+03	2.451538E-03	5.367153E-05
7.083333E+03	2.462085E-03	5.399020E-05
7.093254E+03	2.473052E-03	5.432055E-05
7.103175E+03	2.484318E-03	5.465999E-05
7.113095E+03	2.495791E-03	5.500654E-05
7.123016E+03	2.507272E-03	5.535587E-05
7.132937E+03	2.518623E-03	5.570495E-05
7.142857E+03	2.529736E-03	5.605140E-05
7.152778E+03	2.540435E-03	5.639134E-05
7.162698E+03	2.550575E-03	5.672148E-05
7.172619E+03	2.559979E-03	5.703785E-05
7.182540E+03	2.568501E-03	5.733714E-05
7.192460E+03	2.576037E-03	5.761693E-05
7.202381E+03	2.582385E-03	5.787255E-05
7.212302E+03	2.587415E-03	5.810102E-05
7.222222E+03	2.591010E-03	5.829948E-05
7.232143E+03	2.593024E-03	5.846450E-05
7.242063E+03	2.593397E-03	5.859452E-05
7.251984E+03	2.591977E-03	5.868587E-05
7.261905E+03	2.588731E-03	5.873754E-05
7.271825E+03	2.583539E-03	5.874655E-05
7.281746E+03	2.576399E-03	5.871260E-05
7.291667E+03	2.567231E-03	5.863352E-05
7.301587E+03	2.556070E-03	5.850982E-05
7.311508E+03	2.542903E-03	5.834087E-05
7.321429E+03	2.527736E-03	5.812651E-05
7.331349E+03	2.510661E-03	5.786848E-05
7.341270E+03	2.491718E-03	5.756742E-05
7.351190E+03	2.470964E-03	5.722426E-05
7.361111E+03	2.448504E-03	5.684114E-05
7.371032E+03	2.424519E-03	5.642195E-05
7.380952E+03	2.399041E-03	5.596711E-05
7.390873E+03	2.372270E-03	5.548101E-05
7.400794E+03	2.344316E-03	5.496596E-05
7.410714E+03	2.315360E-03	5.442593E-05
7.420635E+03	2.285522E-03	5.386353E-05
7.430556E+03	2.255014E-03	5.328355E-05
7.440476E+03	2.223989E-03	5.268941E-05
7.450397E+03	2.192563E-03	5.208374E-05
7.460317E+03	2.160944E-03	5.147130E-05
7.470238E+03	2.129241E-03	5.085464E-05
7.480159E+03	2.097622E-03	5.023768E-05
7.490079E+03	2.066216E-03	4.962347E-05
7.500000E+03	2.035174E-03	4.901560E-05
7.509921E+03	2.004616E-03	4.841691E-05
7.519841E+03	1.974651E-03	4.783005E-05
7.529762E+03	1.945412E-03	4.725824E-05
7.539683E+03	1.916995E-03	4.670389E-05
7.549603E+03	1.889490E-03	4.616928E-05
7.559524E+03	1.862982E-03	4.565657E-05
7.569444E+03	1.837565E-03	4.516819E-05
7.579365E+03	1.813269E-03	4.470506E-05
7.589286E+03	1.790136E-03	4.426838E-05
7.599206E+03	1.768163E-03	4.385822E-05
7.609127E+03	1.747254E-03	4.347243E-05
7.619048E+03	1.727412E-03	4.311122E-05
7.628968E+03	1.708563E-03	4.277292E-05
7.638889E+03	1.690680E-03	4.245703E-05
7.648810E+03	1.673697E-03	4.216203E-05
7.658730E+03	1.657590E-03	4.188751E-05
7.668651E+03	1.642320E-03	4.163260E-05
7.678571E+03	1.627826E-03	4.139590E-05
7.688492E+03	1.614072E-03	4.117663E-05
7.698413E+03	1.601070E-03	4.097522E-05
7.708333E+03	1.588741E-03	4.078980E-05
7.718254E+03	1.577055E-03	4.061973E-05
7.728175E+03	1.566007E-03	4.046497E-05
7.738095E+03	1.555549E-03	4.032439E-05
7.748016E+03	1.545677E-03	4.019802E-05
7.757937E+03	1.536345E-03	4.008474E-05
7.767857E+03	1.527509E-03	3.998355E-05
7.777778E+03	1.519194E-03	3.989513E-05
7.787698E+03	1.511334E-03	3.981793E-05
7.797619E+03	1.503913E-03	3.975154E-05
7.807540E+03	1.496937E-03	3.969623E-05
7.817460E+03	1.490346E-03	3.965049E-05
7.827381E+03	1.484169E-03	3.961516E-05
7.837302E+03	1.478352E-03	3.958886E-05
7.847222E+03	1.472861E-03	3.957079E-05
7.857143E+03	1.467725E-03	3.956179E-05
7.867063E+03	1.462896E-03	3.956058E-05
7.876984E+03	1.458383E-03	3.956750E-05
7.886905E+03	1.454137E-03	3.958128E-05
7.896825E+03	1.450152E-03	3.960180E-05
7.906746E+03	1.446440E-03	3.962942E-05
7.916667E+03	1.442953E-03	3.966291E-05
7.926587E+03	1.439687E-03	3.970217E-05
7.936508E+03	1.436657E-03	3.974765E-05
7.946429E+03	1.433837E-03	3.979871E-05
7.956349E+03	1.431201E-03	3.985464E-05
7.966270E+03	1.428786E-03	3.991652E-05
7.976190E+03	1.426547E-03	3.998312E-05
7.986111E+03	1.424482E-03	4.005439E-05
7.996032E+03	1.422625E-03	4.013136E-05
8.005952E+03	1.420953E-03	4.021342E-05
8.015873E+03	1.419463E-03	4.030051E-05
8.025794E+03	1.418172E-03	4.039315E-05
8.035714E+03	1.417075E-03	4.049124E-05
8.045635E+03	1.416171E-03	4.059478E-05
8.055556E+03	1.415476E-03	4.070427E-05
8.065476E+03	1.414987E-03	4.081967E-05
8.075397E+03	1.414722E-03	4.094155E-05
8.085317E+03	1.414636E-03	4.106865E-05
8.095238E+03	1.414788E-03	4.120274E-05
8.105159E+03	1.415135E-03	4.134259E-05
8.115079E+03	1.415715E-03	4.148935E-05
8.125000E+03	1.416504E-03	4.164240E-05
8.134921E+03	1.417522E-03	4.180234E-05
8.144841E+03	1.418743E-03	4.196850E-05
8.154762E+03	1.420187E-03	4.214147E-05
8.164683E+03	1.421831E-03	4.232062E-05
8.174603E+03	1.423713E-03	4.250717E-05
8.184524E+03	1.425788E-03	4.269979E-05
8.194444E+03	1.428077E-03	4.289915E-05
8.204365E+03	1.430575E-03	4.310520E-05
8.214286E+03	1.433282E-03	4.331792E-05
8.224206E+03	1.436173E-03	4.353662E-05
8.234127E+03	1.439266E-03	4.376191E-05
8.244048E+03	1.442560E-03	4.399380E-05
8.253968E+03	1.446030E-03	4.423154E-05
8.263889E+03	1.449696E-03	4.447579E-05
8.273810E+03	1.453532E-03	4.472583E-05
8.283730E+03	1.457560E-03	4.498234E-05
8.293651E+03	1.461729E-03	4.524381E-05
8.303571E+03	1.466085E-03	4.551165E-05
8.313492E+03	1.470578E-03	4.578439E-05
8.323413E+03	1.475204E-03	4.606195E-05
8.333333E+03	1.480009E-03	4.634571E-05
8.343254E+03	1.484917E-03	4.663342E-05
8.353175E+03	1.489974E-03	4.692647E-05
8.363095E+03	1.495128E-03	4.722330E-05
8.373016E+03	1.500401E-03	4.752459E-05
8.382937E+03	1.505787E-03	4.783021E-05
8.392857E+03	1.511260E-03	4.813931E-05
8.402778E+03	1.516815E-03	4.845179E-05
8.412698E+03	1.522451E-03	4.876756E-05
8.422619E+03	1.528160E-03	4.908644E-05
8.432540E+03	1.533914E-03	4.940753E-05
8.442460E+03	1.539735E-03	4.973152E-05
8.452381E+03	1.545568E-03	5.005662E-05
8.462302E+03	1.551431E-03	5.038348E-05
8.472222E+03	1.557322E-03	5.071195E-05
8.482143E+03	1.563208E-03	5.104099E-05
8.492063E+03	1.569109E-03	5.137127E-05
8.501984E+03	1.574970E-03	5.170094E-05
8.511905E+03	1.580810E-03	5.203061E-05
8.521825E+03	1.586624E-03	5.236009E-05
8.531746E+03	1.592378E-03	5.268826E-05
8.541667E+03	1.598040E-03	5.301406E-05
8.551587E+03	1.603655E-03	5.333891E-05
8.561508E+03	1.609191E-03	5.366173E-05
8.571429E+03	1.614615E-03	5.398140E-05
8.581349E+03	1.619945E-03	5.429846E-05
8.591270E+03	1.625148E-03	5.461181E-05
8.601190E+03	1.630188E-03	5.492016E-05
8.611111E+03	1.635113E-03	5.522509E-05
8.621032E+03	1.639888E-03	5.552539E-05
8.630952E+03	1.644476E-03	5.581975E-05
8.640873E+03	1.648897E-03	5.610879E-05
8.650794E+03	1.653144E-03	5.639224E-05
8.660714E+03	1.657178E-03	5.666873E-05
8.670635E+03	1.660993E-03	5.693793E-05
8.680556E+03	1.664608E-03	5.720047E-05
8.690476E+03	1.667986E-03	5.745501E-05
8.700397E+03	1.671145E-03	5.770214E-05
8.710317E+03	1.674048E-03	5.794047E-05
8.720238E+03	1.676715E-03	5.817065E-05
8.730159E+03	1.679107E-03	5.839125E-05
8.740079E+03	1.681242E-03	5.860286E-05
8.750000E+03	1.683082E-03	5.880405E-05
8.759921E+03	1.684676E-03	5.899646E-05
8.769841E+03	1.685983E-03	5.917858E-05
8.779762E+03	1.686990E-03	5.934993E-05
8.789683E+03	1.687718E-03	5.951109E-05
8.799603E+03	1.688119E-03	5.966038E-05
8.809524E+03	1.688246E-03	5.979954E-05
8.819444E+03	1.688050E-03	5.992678E-05
8.829365E+03	1.687514E-03	6.004139E-05
8.839286E+03	1.686685E-03	6.014503E-05
8.849206E+03	1.685513E-03	6.023575E-05
8.859127E+03	1.683972E-03	6.031263E-05
8.869048E+03	1.682108E-03	6.037719E-05
8.878968E+03	1.679828E-03	6.042596E-05
8.888889E+03	1.677171E-03	6.046034E-05
8.898810E+03	1.674110E-03	6.047922E-05
8.908730E+03	1.670614E-03	6.048141E-05
8.918651E+03	1.666696E-03	6.046722E-05
8.928571E+03	1.662333E-03	6.043579E-05
8.968254E+03	1.640497E-03	6.013781E-05
9.007937E+03	1.613020E-03	5.961044E-05
9.047619E+03	1.581529E-03	5.890960E-05
9.087302E+03	1.547124E-03	5.807342E-05
9.126984E+03	1.510558E-03	5.712836E-05
9.166667E+03	1.472360E-03	5.609325E-05
9.206349E+03	1.432884E-03	5.498085E-05
9.246032E+03	1.392435E-03	5.380252E-05
9.285714E+03	1.351379E-03	5.257222E-05
9.325397E+03	1.309956E-03	5.129959E-05
9.365079E+03	1.268454E-03	4.999626E-05
9.404762E+03	1.227056E-03	4.867005E-05
9.444444E+03	1.186057E-03	4.733350E-05
9.484127E+03	1.145530E-03	4.599044E-05
9.523810E+03	1.105741E-03	4.465251E-05
9.563492E+03	1.066755E-03	4.332355E-05
9.603175E+03	1.028731E-03	4.201116E-05
9.642857E+03	9.917646E-04	4.072049E-05
9.682540E+03	9.558346E-04	3.945193E-05
9.722222E+03	9.211067E-04	3.821356E-05
9.761905E+03	8.875780E-04	3.700654E-05
9.801587E+03	8.552276E-04	3.583123E-05
9.841270E+03	8.240688E-04	3.468938E-05
9.880952E+03	7.942039E-04	3.358647E-05
9.920635E+03	7.655110E-04	3.251852E-05
9.960317E+03	7.380105E-04	3.148747E-05
1.000000E+04	7.117091E-04	3.049465E-05
1.003968E+04	6.865491E-04	2.953860E-05
1.007937E+04	6.625136E-04	2.861955E-05
1.011905E+04	6.395756E-04	2.773724E-05
1.015873E+04	6.176983E-04	2.689094E-05
1.019841E+04	5.967847E-04	2.607723E-05
1.023810E+04	5.768869E-04	2.529912E-05
