#wls	flux	fluxerr
1.589729E+03	1.582276E-15	1.584655E-16
1.629472E+03	1.345274E-15	1.332601E-16
1.669215E+03	1.129204E-15	1.106187E-16
1.708958E+03	9.360547E-16	9.066874E-17
1.748702E+03	7.668878E-16	7.343859E-17
1.788445E+03	6.210797E-16	5.879166E-17
1.828188E+03	4.972967E-16	4.652686E-17
1.867931E+03	3.937824E-16	3.640933E-17
1.907675E+03	3.085319E-16	2.818889E-17
1.947418E+03	2.395993E-16	2.162938E-17
1.987161E+03	1.851505E-16	1.651312E-17
2.026904E+03	1.435477E-16	1.264788E-17
2.066647E+03	1.133377E-16	9.864876E-18
2.106391E+03	9.313655E-17	8.007910E-18
2.146134E+03	8.151454E-17	6.923247E-18
2.185877E+03	7.712315E-17	6.470494E-18
2.225620E+03	7.904884E-17	6.551397E-18
2.265363E+03	8.706127E-17	7.127826E-18
2.305107E+03	1.017070E-16	8.225908E-18
2.344850E+03	1.243620E-16	9.936319E-18
2.384593E+03	1.572726E-16	1.241337E-17
2.424336E+03	2.036006E-16	1.587434E-17
2.464080E+03	2.671038E-16	2.057053E-17
2.503823E+03	3.517140E-16	2.675214E-17
2.543566E+03	4.604539E-16	3.458594E-17
2.583309E+03	5.942328E-16	4.406977E-17
2.623052E+03	7.504701E-16	5.494141E-17
2.662796E+03	9.229230E-16	6.668225E-17
2.702539E+03	1.102245E-15	7.857451E-17
2.742282E+03	1.277221E-15	8.980346E-17
2.782025E+03	1.436254E-15	9.957041E-17
2.821769E+03	1.569721E-15	1.072569E-16
2.861512E+03	1.671172E-15	1.124974E-16
2.901255E+03	1.738705E-15	1.152560E-16
2.940998E+03	1.774669E-15	1.157850E-16
2.980741E+03	1.785012E-15	1.145606E-16
2.990677E+03	1.784540E-15	1.140502E-16
3.000613E+03	1.783059E-15	1.134736E-16
3.010549E+03	1.780742E-15	1.128426E-16
3.020485E+03	1.777784E-15	1.121700E-16
3.030420E+03	1.774463E-15	1.114741E-16
3.040356E+03	1.770736E-15	1.107521E-16
3.050292E+03	1.767123E-15	1.100370E-16
3.060228E+03	1.763654E-15	1.093304E-16
3.070164E+03	1.760410E-15	1.086372E-16
3.080099E+03	1.757562E-15	1.079677E-16
3.090035E+03	1.755195E-15	1.073268E-16
3.099971E+03	1.753441E-15	1.067221E-16
3.109907E+03	1.752309E-15	1.061535E-16
3.119843E+03	1.752059E-15	1.056362E-16
3.129779E+03	1.752707E-15	1.051703E-16
3.139714E+03	1.754392E-15	1.047633E-16
3.149650E+03	1.757257E-15	1.044229E-16
3.159586E+03	1.761407E-15	1.041541E-16
3.169522E+03	1.766989E-15	1.039644E-16
3.179458E+03	1.774114E-15	1.038591E-16
3.189393E+03	1.782935E-15	1.038455E-16
3.199329E+03	1.793573E-15	1.039291E-16
3.209265E+03	1.806187E-15	1.041175E-16
3.219201E+03	1.820908E-15	1.044161E-16
3.229137E+03	1.837872E-15	1.048309E-16
3.239072E+03	1.857256E-15	1.053696E-16
3.249008E+03	1.879210E-15	1.060385E-16
3.258944E+03	1.903923E-15	1.068456E-16
3.268880E+03	1.931561E-15	1.077976E-16
3.278816E+03	1.962294E-15	1.089009E-16
3.288751E+03	1.996303E-15	1.101626E-16
3.298687E+03	2.033811E-15	1.115915E-16
3.308623E+03	2.075013E-15	1.131949E-16
3.312990E+03	1.823887E-15	9.924067E-17
3.317480E+03	1.822749E-15	9.891625E-17
3.321970E+03	1.826984E-15	9.888228E-17
3.326460E+03	1.834089E-15	9.900138E-17
3.330950E+03	1.840253E-15	9.906720E-17
3.335440E+03	1.846286E-15	9.912350E-17
3.339931E+03	1.859552E-15	9.956462E-17
3.344421E+03	1.876241E-15	1.001841E-16
3.348911E+03	1.894386E-15	1.008756E-16
3.353401E+03	1.915767E-15	1.017329E-16
3.357891E+03	1.931423E-15	1.022802E-16
3.362381E+03	1.951859E-15	1.030745E-16
3.366871E+03	1.975330E-15	1.040221E-16
3.371361E+03	1.992085E-15	1.046092E-16
3.375851E+03	2.007566E-15	1.051241E-16
3.380341E+03	2.033390E-15	1.061737E-16
3.384831E+03	2.063150E-15	1.074198E-16
3.389322E+03	2.094829E-15	1.087559E-16
3.393812E+03	2.125900E-15	1.100504E-16
3.398302E+03	2.162659E-15	1.116284E-16
3.402792E+03	2.206849E-15	1.135772E-16
3.407282E+03	2.249881E-15	1.154523E-16
3.411772E+03	2.298580E-15	1.176037E-16
3.416262E+03	2.348214E-15	1.197872E-16
3.420752E+03	2.411061E-15	1.226269E-16
3.425242E+03	2.458427E-15	1.246616E-16
3.429732E+03	2.481926E-15	1.254744E-16
3.434222E+03	2.514270E-15	1.267250E-16
3.438712E+03	2.547095E-15	1.279891E-16
3.443202E+03	2.577048E-15	1.290984E-16
3.447692E+03	2.607470E-15	1.302210E-16
3.452182E+03	2.645609E-15	1.317176E-16
3.456672E+03	2.695027E-15	1.337612E-16
3.461162E+03	2.762706E-15	1.366923E-16
3.465652E+03	2.828773E-15	1.395219E-16
3.470143E+03	2.893215E-15	1.422499E-16
3.474633E+03	2.982309E-15	1.461653E-16
3.479123E+03	3.085079E-15	1.507201E-16
3.483613E+03	3.191075E-15	1.553987E-16
3.488103E+03	3.295604E-15	1.599719E-16
3.492593E+03	3.405415E-15	1.647666E-16
3.497083E+03	3.522842E-15	1.698930E-16
3.501573E+03	3.631780E-15	1.745732E-16
3.506063E+03	3.743088E-15	1.793313E-16
3.510553E+03	3.859609E-15	1.843018E-16
3.515044E+03	3.983313E-15	1.895759E-16
3.519534E+03	4.121492E-15	1.954960E-16
3.524024E+03	4.270473E-15	2.018815E-16
3.528514E+03	4.418237E-15	2.081607E-16
3.533004E+03	4.568810E-15	2.145231E-16
3.537494E+03	4.729258E-15	2.212978E-16
3.541984E+03	4.890084E-15	2.280372E-16
3.546474E+03	5.044857E-15	2.344420E-16
3.550964E+03	5.188412E-15	2.402759E-16
3.555455E+03	5.313952E-15	2.452302E-16
3.559945E+03	5.426763E-15	2.495571E-16
3.564435E+03	5.512202E-15	2.525914E-16
3.568925E+03	5.564399E-15	2.540785E-16
3.573415E+03	5.597479E-15	2.546771E-16
3.577905E+03	5.623700E-15	2.549522E-16
3.582395E+03	5.629412E-15	2.542908E-16
3.586885E+03	5.609135E-15	2.524561E-16
3.591375E+03	5.576237E-15	2.500604E-16
3.595865E+03	5.539499E-15	2.475023E-16
3.600355E+03	5.490299E-15	2.444000E-16
3.604846E+03	5.441629E-15	2.413356E-16
3.609336E+03	5.402686E-15	2.387158E-16
3.613826E+03	5.372047E-15	2.364728E-16
3.618316E+03	5.362650E-15	2.351700E-16
3.622806E+03	5.378436E-15	2.349691E-16
3.627296E+03	5.411255E-15	2.355027E-16
3.631786E+03	5.473356E-15	2.372934E-16
3.636276E+03	5.568337E-15	2.404819E-16
3.640766E+03	5.684341E-15	2.445416E-16
3.645257E+03	5.817917E-15	2.493138E-16
3.649747E+03	5.965869E-15	2.546535E-16
3.654237E+03	6.115589E-15	2.600172E-16
3.658727E+03	6.257415E-15	2.649948E-16
3.663217E+03	6.379390E-15	2.690857E-16
3.667707E+03	6.480976E-15	2.722773E-16
3.672197E+03	6.569833E-15	2.749004E-16
3.676687E+03	6.631260E-15	2.763487E-16
3.681177E+03	6.681975E-15	2.773301E-16
3.685668E+03	6.724997E-15	2.779744E-16
3.690158E+03	6.748085E-15	2.777823E-16
3.694648E+03	6.744670E-15	2.764943E-16
3.699138E+03	6.709812E-15	2.739223E-16
3.703628E+03	6.656442E-15	2.706081E-16
3.708118E+03	6.584864E-15	2.665736E-16
3.712608E+03	6.485228E-15	2.614310E-16
3.717098E+03	6.371683E-15	2.557629E-16
3.721588E+03	6.251254E-15	2.498572E-16
3.726079E+03	6.112813E-15	2.432745E-16
3.730569E+03	5.974637E-15	2.367489E-16
3.735059E+03	5.847164E-15	2.306920E-16
3.739549E+03	5.729172E-15	2.250502E-16
3.744039E+03	5.622004E-15	2.198713E-16
3.748529E+03	5.523859E-15	2.150798E-16
3.753019E+03	5.437530E-15	2.107792E-16
3.757509E+03	5.360774E-15	2.068769E-16
3.761999E+03	5.296538E-15	2.034813E-16
3.766489E+03	5.247642E-15	2.006938E-16
3.770979E+03	5.219247E-15	1.987029E-16
3.775470E+03	5.213216E-15	1.975685E-16
3.779960E+03	5.215117E-15	1.967348E-16
3.784450E+03	5.220334E-15	1.960242E-16
3.788940E+03	5.241443E-15	1.959052E-16
3.793430E+03	5.262000E-15	1.957576E-16
3.797920E+03	5.277459E-15	1.954134E-16
3.802410E+03	5.306733E-15	1.955724E-16
3.806900E+03	5.347249E-15	1.961329E-16
3.811390E+03	5.422200E-15	1.979358E-16
3.815881E+03	5.555842E-15	2.018440E-16
3.820371E+03	5.740939E-15	2.075657E-16
3.824861E+03	5.974064E-15	2.149502E-16
3.829351E+03	6.267790E-15	2.244227E-16
3.833841E+03	6.617234E-15	2.357773E-16
3.838331E+03	7.022090E-15	2.489738E-16
3.842821E+03	7.476671E-15	2.637826E-16
3.847311E+03	7.967337E-15	2.796987E-16
3.851801E+03	8.475546E-15	2.960554E-16
3.856291E+03	8.981131E-15	3.121427E-16
3.860781E+03	9.475956E-15	3.276801E-16
3.865271E+03	9.961751E-15	3.427337E-16
3.869761E+03	1.042850E-14	3.569652E-16
3.874251E+03	1.087778E-14	3.704378E-16
3.878741E+03	1.133034E-14	3.838645E-16
3.883231E+03	1.178544E-14	3.972184E-16
3.887721E+03	1.223823E-14	4.103358E-16
3.892211E+03	1.269035E-14	4.232727E-16
3.896701E+03	1.313737E-14	4.358827E-16
3.901192E+03	1.356675E-14	4.477543E-16
3.905682E+03	1.397043E-14	4.586330E-16
3.910172E+03	1.434153E-14	4.683077E-16
3.914662E+03	1.469015E-14	4.771237E-16
3.919152E+03	1.500941E-14	4.848708E-16
3.923642E+03	1.528961E-14	4.912531E-16
3.928132E+03	1.552931E-14	4.962451E-16
3.932622E+03	1.571595E-14	4.994690E-16
3.937112E+03	1.585049E-14	5.009834E-16
3.941603E+03	1.592338E-14	5.005146E-16
3.946093E+03	1.592652E-14	4.978437E-16
3.950583E+03	1.585960E-14	4.929961E-16
3.955073E+03	1.572536E-14	4.860939E-16
3.959563E+03	1.552285E-14	4.771430E-16
3.964053E+03	1.525393E-14	4.662357E-16
3.968543E+03	1.493738E-14	4.539769E-16
3.973033E+03	1.457970E-14	4.405884E-16
3.977523E+03	1.419546E-14	4.265288E-16
3.982013E+03	1.380247E-14	4.123438E-16
3.986503E+03	1.340825E-14	3.982616E-16
3.990994E+03	1.301345E-14	3.843008E-16
3.995484E+03	1.262138E-14	3.705599E-16
3.999974E+03	1.223761E-14	3.571996E-16
4.004464E+03	1.187581E-14	3.446122E-16
4.008954E+03	1.155278E-14	3.332704E-16
4.013444E+03	1.127618E-14	3.233744E-16
4.017934E+03	1.103652E-14	3.146296E-16
4.022424E+03	1.084100E-14	3.072212E-16
4.026914E+03	1.070150E-14	3.014612E-16
4.031405E+03	1.061028E-14	2.971047E-16
4.035895E+03	1.058039E-14	2.944907E-16
4.040385E+03	1.060393E-14	2.933698E-16
4.044875E+03	1.066330E-14	2.932315E-16
4.049365E+03	1.074996E-14	2.938247E-16
4.053855E+03	1.083600E-14	2.943775E-16
4.058345E+03	1.092625E-14	2.950213E-16
4.062835E+03	1.101295E-14	2.955460E-16
4.067325E+03	1.107471E-14	2.953833E-16
4.071815E+03	1.111012E-14	2.945083E-16
4.076306E+03	1.111191E-14	2.927424E-16
4.080796E+03	1.107294E-14	2.899160E-16
4.085286E+03	1.101892E-14	2.867179E-16
4.089776E+03	1.095828E-14	2.833734E-16
4.094266E+03	1.089344E-14	2.799481E-16
4.098756E+03	1.082455E-14	2.764480E-16
4.103246E+03	1.075487E-14	2.729577E-16
4.107736E+03	1.069458E-14	2.697346E-16
4.112227E+03	1.066362E-14	2.672734E-16
4.116717E+03	1.066966E-14	2.657527E-16
4.121207E+03	1.070925E-14	2.650694E-16
4.125697E+03	1.077379E-14	2.649964E-16
4.130187E+03	1.087015E-14	2.656907E-16
4.134677E+03	1.099384E-14	2.670290E-16
4.139167E+03	1.113435E-14	2.687456E-16
4.143657E+03	1.129490E-14	2.709109E-16
4.148147E+03	1.146526E-14	2.732728E-16
4.152637E+03	1.163383E-14	2.755525E-16
4.157127E+03	1.179391E-14	2.775945E-16
4.161618E+03	1.194315E-14	2.793473E-16
4.166108E+03	1.208096E-14	2.808044E-16
4.170598E+03	1.219997E-14	2.818003E-16
4.175088E+03	1.231095E-14	2.825917E-16
4.179578E+03	1.241004E-14	2.830943E-16
4.184068E+03	1.248709E-14	2.830840E-16
4.188558E+03	1.254537E-14	2.826447E-16
4.193048E+03	1.257472E-14	2.815569E-16
4.197538E+03	1.256454E-14	2.795978E-16
4.202029E+03	1.253209E-14	2.771651E-16
4.206519E+03	1.248675E-14	2.744752E-16
4.211009E+03	1.242033E-14	2.713545E-16
4.215499E+03	1.233481E-14	2.678541E-16
4.219989E+03	1.223944E-14	2.641816E-16
4.224479E+03	1.213980E-14	2.604603E-16
4.228969E+03	1.203384E-14	2.566483E-16
4.233459E+03	1.193993E-14	2.531374E-16
4.237949E+03	1.186035E-14	2.499708E-16
4.242440E+03	1.179378E-14	2.471155E-16
4.246930E+03	1.175480E-14	2.448709E-16
4.251420E+03	1.173582E-14	2.430696E-16
4.255910E+03	1.174170E-14	2.418050E-16
4.260400E+03	1.175914E-14	2.407963E-16
4.264890E+03	1.177736E-14	2.398205E-16
4.269380E+03	1.179207E-14	2.387906E-16
4.273870E+03	1.178980E-14	2.374375E-16
4.278360E+03	1.177448E-14	2.358455E-16
4.282850E+03	1.175934E-14	2.342831E-16
4.287340E+03	1.172747E-14	2.324148E-16
4.291830E+03	1.167462E-14	2.301633E-16
4.296320E+03	1.160041E-14	2.275271E-16
4.300810E+03	1.151343E-14	2.246803E-16
4.305300E+03	1.141034E-14	2.215617E-16
4.309790E+03	1.128658E-14	2.180876E-16
4.314280E+03	1.114798E-14	2.143759E-16
4.318770E+03	1.097885E-14	2.101292E-16
4.323260E+03	1.077577E-14	2.052904E-16
4.327750E+03	1.055087E-14	2.000972E-16
4.332241E+03	1.029621E-14	1.944041E-16
4.336731E+03	1.001382E-14	1.882557E-16
4.341221E+03	9.712708E-15	1.818256E-16
4.345711E+03	9.392839E-15	1.751155E-16
4.350201E+03	9.068198E-15	1.683876E-16
4.354691E+03	8.750546E-15	1.618584E-16
4.359181E+03	8.442016E-15	1.555635E-16
4.363671E+03	8.144932E-15	1.495417E-16
4.368162E+03	7.870605E-15	1.439955E-16
4.372652E+03	7.626513E-15	1.390551E-16
4.377142E+03	7.402163E-15	1.345225E-16
4.381632E+03	7.198502E-15	1.304096E-16
4.386122E+03	7.023726E-15	1.268593E-16
4.390612E+03	6.872787E-15	1.237744E-16
4.395102E+03	6.751241E-15	1.212495E-16
4.399592E+03	6.678131E-15	1.196202E-16
4.404082E+03	6.647915E-15	1.187798E-16
4.408572E+03	6.648102E-15	1.184993E-16
4.413062E+03	6.684453E-15	1.188771E-16
4.417553E+03	6.759377E-15	1.199514E-16
4.422043E+03	6.865136E-15	1.215811E-16
4.426533E+03	6.988624E-15	1.235314E-16
4.431023E+03	7.129169E-15	1.257892E-16
4.435513E+03	7.283781E-15	1.283008E-16
4.440003E+03	7.456588E-15	1.311380E-16
4.444493E+03	7.643342E-15	1.342255E-16
4.448983E+03	7.838895E-15	1.374726E-16
4.453474E+03	8.054700E-15	1.410799E-16
4.457964E+03	8.282209E-15	1.448975E-16
4.462454E+03	8.517679E-15	1.488600E-16
4.466944E+03	8.772601E-15	1.531683E-16
4.471434E+03	9.044848E-15	1.577852E-16
4.475924E+03	9.333555E-15	1.626958E-16
4.480414E+03	9.642889E-15	1.679729E-16
4.484904E+03	9.971981E-15	1.736015E-16
4.489394E+03	1.031924E-14	1.795544E-16
4.493884E+03	1.069479E-14	1.860079E-16
4.498375E+03	1.110534E-14	1.930792E-16
4.502865E+03	1.153399E-14	2.004750E-16
4.507355E+03	1.198708E-14	2.083063E-16
4.511845E+03	1.247225E-14	2.167063E-16
4.516335E+03	1.296478E-14	2.252468E-16
4.520825E+03	1.346702E-14	2.339695E-16
4.525315E+03	1.398388E-14	2.429605E-16
4.529805E+03	1.450141E-14	2.519786E-16
4.534295E+03	1.501075E-14	2.608703E-16
4.538785E+03	1.551403E-14	2.696736E-16
4.543276E+03	1.601360E-14	2.784297E-16
4.547766E+03	1.651250E-14	2.871921E-16
4.552256E+03	1.701129E-14	2.959705E-16
4.556746E+03	1.750558E-14	3.046893E-16
4.561236E+03	1.798501E-14	3.131679E-16
4.565726E+03	1.844171E-14	3.212692E-16
4.570216E+03	1.886983E-14	3.288905E-16
4.574706E+03	1.925638E-14	3.358045E-16
4.579196E+03	1.960129E-14	3.420087E-16
4.583686E+03	1.990631E-14	3.475321E-16
4.588177E+03	2.016591E-14	3.522762E-16
4.592667E+03	2.037455E-14	3.561423E-16
4.597157E+03	2.051937E-14	3.589032E-16
4.601647E+03	2.059664E-14	3.604907E-16
4.606137E+03	2.060624E-14	3.608999E-16
4.610627E+03	2.054444E-14	3.600620E-16
4.615117E+03	2.040383E-14	3.578437E-16
4.619607E+03	2.017150E-14	3.540149E-16
4.624097E+03	1.986199E-14	3.488266E-16
4.628588E+03	1.948617E-14	3.424663E-16
4.633078E+03	1.905679E-14	3.351551E-16
4.637568E+03	1.859209E-14	3.272115E-16
4.642058E+03	1.809739E-14	3.187268E-16
4.646548E+03	1.758381E-14	3.098960E-16
4.651038E+03	1.706256E-14	3.009151E-16
4.655528E+03	1.652866E-14	2.916961E-16
4.660018E+03	1.599535E-14	2.824717E-16
4.664508E+03	1.547822E-14	2.735177E-16
4.668998E+03	1.497034E-14	2.647116E-16
4.673489E+03	1.447119E-14	2.560445E-16
4.677979E+03	1.398958E-14	2.476730E-16
4.682469E+03	1.352796E-14	2.396407E-16
4.686959E+03	1.308616E-14	2.319456E-16
4.691449E+03	1.266752E-14	2.246477E-16
4.695939E+03	1.227522E-14	2.178039E-16
4.700429E+03	1.190504E-14	2.113406E-16
4.704919E+03	1.155482E-14	2.052200E-16
4.709409E+03	1.120982E-14	1.991810E-16
4.713899E+03	1.086253E-14	1.930902E-16
4.718389E+03	1.052897E-14	1.872332E-16
4.722879E+03	1.021450E-14	1.817057E-16
4.727369E+03	9.926721E-15	1.766435E-16
4.731859E+03	9.664551E-15	1.720283E-16
4.736349E+03	9.433182E-15	1.679531E-16
4.740839E+03	9.238554E-15	1.645243E-16
4.745329E+03	9.083646E-15	1.617957E-16
4.749819E+03	8.967766E-15	1.597555E-16
4.754310E+03	8.883177E-15	1.582662E-16
4.758800E+03	8.818449E-15	1.571243E-16
4.763290E+03	8.783953E-15	1.565148E-16
4.767780E+03	8.783778E-15	1.565105E-16
4.772270E+03	8.808151E-15	1.569371E-16
4.776760E+03	8.861522E-15	1.578736E-16
4.781250E+03	8.948351E-15	1.593992E-16
4.785740E+03	9.054414E-15	1.612599E-16
4.790230E+03	9.166766E-15	1.632247E-16
4.794720E+03	9.282082E-15	1.652339E-16
4.799210E+03	9.394620E-15	1.671850E-16
4.803701E+03	9.488826E-15	1.688008E-16
4.808191E+03	9.548941E-15	1.698013E-16
4.812681E+03	9.559204E-15	1.699068E-16
4.817171E+03	9.516997E-15	1.690718E-16
4.821661E+03	9.435821E-15	1.675374E-16
4.826151E+03	9.317687E-15	1.653408E-16
4.830641E+03	9.170557E-15	1.626243E-16
4.835131E+03	9.006842E-15	1.596095E-16
4.839622E+03	8.837474E-15	1.564906E-16
4.844112E+03	8.666531E-15	1.533407E-16
4.848602E+03	8.505883E-15	1.503700E-16
4.853092E+03	8.375582E-15	1.479325E-16
4.857582E+03	8.288067E-15	1.462467E-16
4.862072E+03	8.248556E-15	1.454025E-16
4.866562E+03	8.266161E-15	1.455579E-16
4.871052E+03	8.350368E-15	1.468765E-16
4.875542E+03	8.516429E-15	1.496221E-16
4.880032E+03	8.758621E-15	1.536886E-16
4.884523E+03	9.054867E-15	1.586836E-16
4.889013E+03	9.399430E-15	1.645023E-16
4.893503E+03	9.778206E-15	1.708937E-16
4.897993E+03	1.016484E-14	1.773943E-16
4.902483E+03	1.053591E-14	1.835944E-16
4.906973E+03	1.087674E-14	1.892389E-16
4.911463E+03	1.118064E-14	1.942128E-16
4.915953E+03	1.144034E-14	1.983926E-16
4.920443E+03	1.165174E-14	2.017104E-16
4.924933E+03	1.181036E-14	2.040925E-16
4.929424E+03	1.190244E-14	2.053059E-16
4.933914E+03	1.193800E-14	2.055295E-16
4.938404E+03	1.192055E-14	2.048291E-16
4.942894E+03	1.183782E-14	2.029995E-16
4.947384E+03	1.169444E-14	2.001270E-16
4.951874E+03	1.149653E-14	1.963231E-16
4.956364E+03	1.124781E-14	1.916576E-16
4.960854E+03	1.096090E-14	1.863517E-16
4.965344E+03	1.064417E-14	1.805524E-16
4.969834E+03	1.030135E-14	1.743271E-16
4.974325E+03	9.946000E-15	1.679089E-16
4.978815E+03	9.595790E-15	1.615981E-16
4.983305E+03	9.259105E-15	1.555357E-16
4.987795E+03	8.945801E-15	1.498860E-16
4.992285E+03	8.667608E-15	1.448431E-16
4.996775E+03	8.427882E-15	1.404589E-16
5.001265E+03	8.226072E-15	1.367197E-16
5.005755E+03	8.065908E-15	1.336828E-16
5.010246E+03	7.948886E-15	1.313675E-16
5.014736E+03	7.875194E-15	1.297713E-16
5.019226E+03	7.844471E-15	1.288822E-16
5.023716E+03	7.854494E-15	1.286577E-16
5.028206E+03	7.905635E-15	1.290979E-16
5.032696E+03	7.990646E-15	1.300786E-16
5.037186E+03	8.091105E-15	1.312956E-16
5.041676E+03	8.193237E-15	1.325237E-16
5.046166E+03	8.291087E-15	1.336665E-16
5.050656E+03	8.377776E-15	1.346140E-16
5.055146E+03	8.449012E-15	1.352994E-16
5.059637E+03	8.506848E-15	1.357579E-16
5.064127E+03	8.552208E-15	1.360065E-16
5.068617E+03	8.592543E-15	1.361655E-16
5.073107E+03	8.632510E-15	1.363093E-16
5.077597E+03	8.659253E-15	1.362359E-16
5.082087E+03	8.674452E-15	1.359739E-16
5.086577E+03	8.695798E-15	1.358019E-16
5.091067E+03	8.717518E-15	1.356291E-16
5.095557E+03	8.734030E-15	1.353691E-16
5.100047E+03	8.753893E-15	1.351551E-16
5.104538E+03	8.776926E-15	1.349839E-16
5.109028E+03	8.806852E-15	1.349124E-16
5.113518E+03	8.855779E-15	1.351240E-16
5.118008E+03	8.928740E-15	1.356921E-16
5.122498E+03	9.027226E-15	1.366350E-16
5.126988E+03	9.155714E-15	1.380157E-16
5.131478E+03	9.317001E-15	1.398707E-16
5.135968E+03	9.506434E-15	1.421246E-16
5.140458E+03	9.721600E-15	1.447362E-16
5.144948E+03	9.971440E-15	1.478339E-16
5.149438E+03	1.025056E-14	1.513315E-16
5.153928E+03	1.054667E-14	1.550431E-16
5.158418E+03	1.085809E-14	1.589414E-16
5.162908E+03	1.118595E-14	1.630401E-16
5.167398E+03	1.152393E-14	1.672449E-16
5.171888E+03	1.187537E-14	1.716026E-16
5.176378E+03	1.223767E-14	1.760740E-16
5.180868E+03	1.260003E-14	1.805026E-16
5.185358E+03	1.295741E-14	1.848173E-16
5.189849E+03	1.330629E-14	1.889697E-16
5.194339E+03	1.363790E-14	1.928382E-16
5.198829E+03	1.394385E-14	1.963089E-16
5.203319E+03	1.422135E-14	1.993480E-16
5.207809E+03	1.446890E-14	2.019408E-16
5.212299E+03	1.468836E-14	2.041195E-16
5.216789E+03	1.487619E-14	2.058412E-16
5.221279E+03	1.503108E-14	2.070943E-16
5.225769E+03	1.515825E-14	2.079573E-16
5.230260E+03	1.524892E-14	2.083160E-16
5.234750E+03	1.529283E-14	2.080383E-16
5.239240E+03	1.529819E-14	2.072441E-16
5.243730E+03	1.526890E-14	2.059933E-16
5.248220E+03	1.520513E-14	2.042948E-16
5.252710E+03	1.511546E-14	2.022697E-16
5.257200E+03	1.500363E-14	1.999725E-16
5.261690E+03	1.486681E-14	1.973697E-16
5.266180E+03	1.471713E-14	1.946260E-16
5.270671E+03	1.456002E-14	1.918150E-16
5.275161E+03	1.439881E-14	1.889822E-16
5.279651E+03	1.424509E-14	1.862797E-16
5.284141E+03	1.409680E-14	1.836800E-16
5.288631E+03	1.394386E-14	1.810514E-16
5.293121E+03	1.378533E-14	1.783826E-16
5.297611E+03	1.363671E-14	1.758746E-16
5.302101E+03	1.349745E-14	1.735187E-16
5.306591E+03	1.336400E-14	1.712687E-16
5.311081E+03	1.324851E-14	1.692791E-16
5.315572E+03	1.315771E-14	1.676337E-16
5.320062E+03	1.308507E-14	1.662471E-16
5.324552E+03	1.302480E-14	1.650444E-16
5.329042E+03	1.297373E-14	1.639847E-16
5.333532E+03	1.293337E-14	1.630863E-16
5.338022E+03	1.290389E-14	1.623511E-16
5.342512E+03	1.288009E-14	1.617130E-16
5.347002E+03	1.285970E-14	1.611439E-16
5.351492E+03	1.284087E-14	1.606207E-16
5.355982E+03	1.282154E-14	1.601180E-16
5.360473E+03	1.280245E-14	1.596457E-16
5.364963E+03	1.278510E-14	1.592228E-16
5.369453E+03	1.276707E-14	1.588195E-16
5.373943E+03	1.273505E-14	1.582709E-16
5.378433E+03	1.269203E-14	1.576143E-16
5.382923E+03	1.264682E-14	1.569587E-16
5.387413E+03	1.259846E-14	1.562915E-16
5.391903E+03	1.254697E-14	1.556119E-16
5.396394E+03	1.249251E-14	1.549213E-16
5.400884E+03	1.243228E-14	1.541839E-16
5.405374E+03	1.237152E-14	1.534638E-16
5.409864E+03	1.231399E-14	1.528065E-16
5.414354E+03	1.224560E-14	1.520364E-16
5.418844E+03	1.215921E-14	1.510636E-16
5.423334E+03	1.206044E-14	1.499563E-16
5.427824E+03	1.194628E-14	1.486755E-16
5.432314E+03	1.182158E-14	1.472801E-16
5.436804E+03	1.169124E-14	1.458293E-16
5.441294E+03	1.154847E-14	1.442368E-16
5.445785E+03	1.139627E-14	1.425385E-16
5.450275E+03	1.123933E-14	1.407912E-16
5.454765E+03	1.107971E-14	1.390192E-16
5.459255E+03	1.091572E-14	1.371998E-16
5.463745E+03	1.075620E-14	1.354428E-16
5.468235E+03	1.060942E-14	1.338517E-16
5.472725E+03	1.047203E-14	1.323840E-16
5.477215E+03	1.034871E-14	1.310988E-16
5.481706E+03	1.024102E-14	1.300157E-16
5.486196E+03	1.014253E-14	1.290536E-16
5.490686E+03	1.005798E-14	1.282728E-16
5.495176E+03	9.997004E-15	1.277969E-16
5.499666E+03	9.950552E-15	1.275114E-16
5.504156E+03	9.918466E-15	1.274150E-16
5.508646E+03	9.909433E-15	1.276203E-16
5.513136E+03	9.923487E-15	1.281296E-16
5.517626E+03	9.947042E-15	1.287687E-16
5.522116E+03	9.974991E-15	1.294719E-16
5.526607E+03	1.000546E-14	1.302148E-16
5.531097E+03	1.003220E-14	1.309157E-16
5.535587E+03	1.005540E-14	1.315762E-16
5.540077E+03	1.007391E-14	1.321803E-16
5.544567E+03	1.008452E-14	1.326850E-16
5.549057E+03	1.008682E-14	1.330835E-16
5.553547E+03	1.007798E-14	1.333370E-16
5.558037E+03	1.005740E-14	1.334360E-16
5.562527E+03	1.002146E-14	1.333305E-16
5.567017E+03	9.964465E-15	1.329423E-16
5.571507E+03	9.888648E-15	1.322987E-16
5.575997E+03	9.805395E-15	1.315499E-16
5.580487E+03	9.717541E-15	1.307328E-16
5.584977E+03	9.623559E-15	1.298259E-16
5.589467E+03	9.524013E-15	1.288359E-16
5.593957E+03	9.417561E-15	1.277437E-16
5.598447E+03	9.306667E-15	1.265816E-16
5.602937E+03	9.197040E-15	1.254269E-16
5.607427E+03	9.090962E-15	1.243107E-16
5.611917E+03	8.983675E-15	1.231679E-16
5.616408E+03	8.873843E-15	1.219798E-16
5.620898E+03	8.765648E-15	1.208036E-16
5.625388E+03	8.661012E-15	1.196659E-16
5.629878E+03	8.560695E-15	1.185774E-16
5.634368E+03	8.460310E-15	1.174777E-16
5.638858E+03	8.354502E-15	1.162920E-16
5.643348E+03	8.251300E-15	1.151317E-16
5.647838E+03	8.155477E-15	1.140639E-16
5.652328E+03	8.063416E-15	1.130385E-16
5.656819E+03	7.973776E-15	1.120370E-16
5.661309E+03	7.888860E-15	1.110920E-16
5.665799E+03	7.805412E-15	1.101580E-16
5.670289E+03	7.721906E-15	1.092136E-16
5.674779E+03	7.647155E-15	1.083836E-16
5.679269E+03	7.574073E-15	1.075681E-16
5.683759E+03	7.495375E-15	1.066637E-16
5.688249E+03	7.418151E-15	1.057711E-16
5.692739E+03	7.345479E-15	1.049343E-16
5.697229E+03	7.278705E-15	1.041730E-16
5.701720E+03	7.222268E-15	1.035514E-16
5.706210E+03	7.172514E-15	1.030177E-16
5.710700E+03	7.132737E-15	1.026200E-16
5.715190E+03	7.100245E-15	1.023202E-16
5.719680E+03	7.074279E-15	1.021078E-16
5.724170E+03	7.054270E-15	1.019750E-16
5.728660E+03	7.041967E-15	1.019475E-16
5.733150E+03	7.042391E-15	1.020986E-16
5.737640E+03	7.054974E-15	1.024208E-16
5.742130E+03	7.078393E-15	1.028954E-16
5.746621E+03	7.115559E-15	1.035655E-16
5.751111E+03	7.164748E-15	1.044064E-16
5.755601E+03	7.228680E-15	1.054583E-16
5.760091E+03	7.316093E-15	1.068494E-16
5.764581E+03	7.433587E-15	1.086771E-16
5.769071E+03	7.579478E-15	1.109178E-16
5.773561E+03	7.748173E-15	1.134903E-16
5.778051E+03	7.928668E-15	1.162340E-16
5.782542E+03	8.119422E-15	1.191262E-16
5.787032E+03	8.319478E-15	1.221526E-16
5.791522E+03	8.533898E-15	1.253877E-16
5.796012E+03	8.758628E-15	1.287716E-16
5.800502E+03	8.986485E-15	1.321984E-16
5.804992E+03	9.218260E-15	1.356794E-16
5.809482E+03	9.454339E-15	1.392199E-16
5.813972E+03	9.691235E-15	1.427680E-16
5.818462E+03	9.924070E-15	1.462513E-16
5.822952E+03	1.015051E-14	1.496349E-16
5.827442E+03	1.036917E-14	1.528979E-16
5.831933E+03	1.057420E-14	1.559535E-16
5.836423E+03	1.075992E-14	1.587173E-16
5.840913E+03	1.092923E-14	1.612316E-16
5.845403E+03	1.108053E-14	1.634726E-16
5.849893E+03	1.120600E-14	1.653246E-16
5.854383E+03	1.130657E-14	1.668010E-16
5.858873E+03	1.138298E-14	1.679131E-16
5.863363E+03	1.142855E-14	1.685621E-16
5.867854E+03	1.144833E-14	1.688229E-16
5.872344E+03	1.144579E-14	1.687469E-16
5.876834E+03	1.141581E-14	1.682592E-16
5.881324E+03	1.136169E-14	1.674088E-16
5.885814E+03	1.129182E-14	1.663200E-16
5.890304E+03	1.120637E-14	1.649960E-16
5.894794E+03	1.110846E-14	1.634831E-16
5.899284E+03	1.100142E-14	1.618310E-16
5.903774E+03	1.088935E-14	1.601006E-16
5.908264E+03	1.077912E-14	1.583936E-16
5.912755E+03	1.067291E-14	1.567419E-16
5.917245E+03	1.056855E-14	1.551144E-16
5.921735E+03	1.046232E-14	1.534565E-16
5.926225E+03	1.035379E-14	1.517627E-16
5.930715E+03	1.024830E-14	1.501114E-16
5.935205E+03	1.014467E-14	1.484858E-16
5.939695E+03	1.003679E-14	1.467968E-16
5.944185E+03	9.925229E-15	1.450533E-16
5.948675E+03	9.811979E-15	1.432848E-16
5.953165E+03	9.703346E-15	1.415839E-16
5.957656E+03	9.603681E-15	1.400141E-16
5.962146E+03	9.509245E-15	1.385210E-16
5.966636E+03	9.411345E-15	1.369784E-16
5.971126E+03	9.302057E-15	1.352713E-16
5.975616E+03	9.179393E-15	1.333719E-16
5.980106E+03	9.052636E-15	1.314156E-16
5.984596E+03	8.925352E-15	1.294546E-16
5.989086E+03	8.793575E-15	1.274319E-16
5.993576E+03	8.656507E-15	1.253365E-16
5.998065E+03	8.527231E-15	1.233579E-16
6.002556E+03	8.417075E-15	1.216601E-16
6.007046E+03	8.326053E-15	1.202428E-16
6.011536E+03	8.254402E-15	1.191090E-16
6.016026E+03	8.199358E-15	1.182185E-16
6.020516E+03	8.162927E-15	1.175998E-16
6.025006E+03	8.145146E-15	1.172532E-16
6.029496E+03	8.138865E-15	1.170756E-16
6.033986E+03	8.139125E-15	1.169956E-16
6.038477E+03	8.140953E-15	1.169421E-16
6.042967E+03	8.137385E-15	1.168153E-16
6.047457E+03	8.119839E-15	1.164928E-16
6.051947E+03	8.086104E-15	1.159434E-16
6.056437E+03	8.032367E-15	1.151134E-16
6.060927E+03	7.953027E-15	1.139231E-16
6.065417E+03	7.848043E-15	1.123727E-16
6.069907E+03	7.712992E-15	1.103996E-16
6.074397E+03	7.547040E-15	1.079923E-16
6.078887E+03	7.349760E-15	1.051450E-16
6.083377E+03	7.122305E-15	1.018744E-16
6.087868E+03	6.865245E-15	9.818855E-17
6.092358E+03	6.583157E-15	9.415253E-17
6.096848E+03	6.281809E-15	8.984829E-17
6.101338E+03	5.967992E-15	8.537223E-17
6.105828E+03	5.649712E-15	8.083802E-17
6.110318E+03	5.332979E-15	7.633070E-17
6.114808E+03	5.023208E-15	7.192691E-17
6.119298E+03	4.723620E-15	6.767189E-17
6.123788E+03	4.440046E-15	6.364847E-17
6.128279E+03	4.181740E-15	5.998878E-17
6.132769E+03	3.951340E-15	5.673051E-17
6.137259E+03	3.753898E-15	5.394642E-17
6.141749E+03	3.598695E-15	5.177054E-17
6.146239E+03	3.489191E-15	5.025406E-17
6.150729E+03	3.426036E-15	4.940828E-17
6.155219E+03	3.405862E-15	4.918696E-17
6.159709E+03	3.424082E-15	4.952649E-17
6.164199E+03	3.477112E-15	5.037777E-17
6.168690E+03	3.558345E-15	5.164791E-17
6.173180E+03	3.658943E-15	5.321124E-17
6.177670E+03	3.772882E-15	5.498240E-17
6.182160E+03	3.895540E-15	5.689595E-17
6.186650E+03	4.025308E-15	5.893017E-17
6.191140E+03	4.163401E-15	6.110464E-17
6.195630E+03	4.313253E-15	6.347188E-17
6.200120E+03	4.471443E-15	6.598397E-17
6.204610E+03	4.632326E-15	6.855964E-17
6.209100E+03	4.792268E-15	7.114646E-17
6.213590E+03	4.951670E-15	7.375124E-17
6.218081E+03	5.114569E-15	7.643523E-17
6.222571E+03	5.283187E-15	7.923308E-17
6.227061E+03	5.453081E-15	8.207987E-17
6.231551E+03	5.618994E-15	8.489727E-17
6.236041E+03	5.779507E-15	8.766396E-17
6.240531E+03	5.935625E-15	9.039508E-17
6.245021E+03	6.082690E-15	9.301935E-17
6.249511E+03	6.222717E-15	9.556667E-17
6.254001E+03	6.355497E-15	9.803304E-17
6.258492E+03	6.476573E-15	1.003486E-16
6.262982E+03	6.583905E-15	1.024793E-16
6.267472E+03	6.680116E-15	1.044638E-16
6.271962E+03	6.772898E-15	1.064207E-16
6.276452E+03	6.860626E-15	1.083238E-16
6.280942E+03	6.938229E-15	1.100918E-16
6.285432E+03	7.006505E-15	1.117349E-16
6.289922E+03	7.069513E-15	1.133162E-16
6.294412E+03	7.128866E-15	1.148603E-16
6.298903E+03	7.183144E-15	1.163434E-16
6.303393E+03	7.235173E-15	1.178099E-16
6.307883E+03	7.286385E-15	1.192828E-16
6.312373E+03	7.333120E-15	1.207015E-16
6.316863E+03	7.372529E-15	1.220176E-16
6.321353E+03	7.401980E-15	1.231851E-16
6.325843E+03	7.422680E-15	1.242212E-16
6.330333E+03	7.437874E-15	1.251780E-16
6.334823E+03	7.447763E-15	1.260569E-16
6.339313E+03	7.455193E-15	1.269048E-16
6.343804E+03	7.462183E-15	1.277552E-16
6.348294E+03	7.469343E-15	1.286180E-16
6.352784E+03	7.475263E-15	1.294687E-16
6.357274E+03	7.477694E-15	1.302674E-16
6.361764E+03	7.477660E-15	1.310308E-16
6.366254E+03	7.475362E-15	1.317613E-16
6.370744E+03	7.467746E-15	1.324039E-16
6.375234E+03	7.457459E-15	1.330037E-16
6.379724E+03	7.448767E-15	1.336362E-16
6.384214E+03	7.442685E-15	1.343198E-16
6.388705E+03	7.435757E-15	1.349926E-16
6.393195E+03	7.428397E-15	1.356613E-16
6.397685E+03	7.422023E-15	1.363515E-16
6.402175E+03	7.414398E-15	1.370221E-16
6.406665E+03	7.404300E-15	1.376496E-16
6.411155E+03	7.395798E-15	1.383091E-16
6.415645E+03	7.388900E-15	1.390009E-16
6.420135E+03	7.384619E-15	1.397445E-16
6.424625E+03	7.383157E-15	1.405446E-16
6.429115E+03	7.381057E-15	1.413354E-16
6.433605E+03	7.381369E-15	1.421752E-16
6.438095E+03	7.384509E-15	1.430729E-16
6.442585E+03	7.389451E-15	1.440090E-16
6.447075E+03	7.398040E-15	1.450202E-16
6.451565E+03	7.406392E-15	1.460309E-16
6.456055E+03	7.410036E-15	1.469522E-16
6.460545E+03	7.410193E-15	1.478066E-16
6.465035E+03	7.410525E-15	1.486663E-16
6.469525E+03	7.412875E-15	1.495681E-16
6.474016E+03	7.411124E-15	1.503887E-16
6.478506E+03	7.398955E-15	1.509971E-16
6.482996E+03	7.383918E-15	1.515447E-16
6.487486E+03	7.372715E-15	1.521685E-16
6.491976E+03	7.355792E-15	1.526716E-16
6.496466E+03	7.334154E-15	1.530726E-16
6.500956E+03	7.312086E-15	1.534597E-16
6.505446E+03	7.286526E-15	1.537679E-16
6.509937E+03	7.252593E-15	1.538926E-16
6.514427E+03	7.211308E-15	1.538519E-16
6.518917E+03	7.164494E-15	1.536825E-16
6.523407E+03	7.115208E-15	1.534483E-16
6.527897E+03	7.061629E-15	1.531088E-16
6.532387E+03	7.000690E-15	1.525955E-16
6.536877E+03	6.936682E-15	1.519998E-16
6.541367E+03	6.872034E-15	1.513740E-16
6.545857E+03	6.806556E-15	1.507136E-16
6.550347E+03	6.740242E-15	1.500181E-16
6.554838E+03	6.669431E-15	1.492054E-16
6.559328E+03	6.593102E-15	1.482505E-16
6.563818E+03	6.515941E-15	1.472576E-16
6.568308E+03	6.437543E-15	1.462172E-16
6.572798E+03	6.357298E-15	1.451148E-16
6.577288E+03	6.275207E-15	1.439499E-16
6.581778E+03	6.193510E-15	1.427733E-16
6.586268E+03	6.111395E-15	1.415665E-16
6.590758E+03	6.027842E-15	1.403055E-16
6.595248E+03	5.945705E-15	1.390566E-16
6.599739E+03	5.862542E-15	1.377630E-16
6.604229E+03	5.779369E-15	1.364481E-16
6.608719E+03	5.700464E-15	1.352135E-16
6.613209E+03	5.622977E-15	1.339927E-16
6.617699E+03	5.546908E-15	1.327863E-16
6.622189E+03	5.473885E-15	1.316339E-16
6.626679E+03	5.399432E-15	1.304284E-16
6.631169E+03	5.324975E-15	1.292039E-16
6.635659E+03	5.255804E-15	1.280894E-16
6.640149E+03	5.191309E-15	1.270718E-16
6.644640E+03	5.131082E-15	1.261426E-16
6.649130E+03	5.071258E-15	1.252076E-16
6.653620E+03	5.010819E-15	1.242418E-16
6.658110E+03	4.950988E-15	1.232755E-16
6.662600E+03	4.892170E-15	1.223192E-16
6.667090E+03	4.834368E-15	1.213731E-16
6.671580E+03	4.774326E-15	1.203557E-16
6.676070E+03	4.713065E-15	1.192920E-16
6.680560E+03	4.657088E-15	1.183472E-16
6.685051E+03	4.603754E-15	1.174555E-16
6.689541E+03	4.546963E-15	1.164614E-16
6.694031E+03	4.494035E-15	1.155521E-16
6.698521E+03	4.445171E-15	1.147342E-16
6.703011E+03	4.396510E-15	1.139088E-16
6.707501E+03	4.347037E-15	1.130497E-16
6.711991E+03	4.299392E-15	1.122256E-16
6.716481E+03	4.253577E-15	1.114371E-16
6.720971E+03	4.204310E-15	1.105459E-16
6.725461E+03	4.148749E-15	1.094762E-16
6.729952E+03	4.094411E-15	1.084253E-16
6.734442E+03	4.055303E-15	1.077658E-16
6.738932E+03	4.035074E-15	1.075994E-16
6.743422E+03	4.022757E-15	1.076378E-16
6.747912E+03	4.009621E-15	1.076487E-16
6.752402E+03	3.990800E-15	1.075009E-16
6.756892E+03	3.967713E-15	1.072312E-16
6.761382E+03	3.946652E-15	1.070091E-16
6.765872E+03	3.923965E-15	1.067359E-16
6.770362E+03	3.895599E-15	1.063004E-16
6.774853E+03	3.862163E-15	1.057180E-16
6.779343E+03	3.824066E-15	1.049986E-16
6.783833E+03	3.780297E-15	1.041133E-16
6.788323E+03	3.732480E-15	1.031056E-16
6.792813E+03	3.683454E-15	1.020533E-16
6.797303E+03	3.632207E-15	1.009280E-16
6.801793E+03	3.582387E-15	9.983089E-17
6.806283E+03	3.537842E-15	9.887008E-17
6.810774E+03	3.494925E-15	9.794472E-17
6.815264E+03	3.452014E-15	9.700962E-17
6.819754E+03	3.413564E-15	9.619043E-17
6.824244E+03	3.378360E-15	9.545392E-17
6.828734E+03	3.346398E-15	9.480083E-17
6.833224E+03	3.320105E-15	9.430090E-17
6.837714E+03	3.298265E-15	9.392076E-17
6.842204E+03	3.281686E-15	9.368451E-17
6.846694E+03	3.269555E-15	9.357003E-17
6.851184E+03	3.262880E-15	9.360725E-17
6.855673E+03	3.265702E-15	9.391348E-17
6.860164E+03	3.276802E-15	9.445560E-17
6.864654E+03	3.292136E-15	9.511826E-17
6.869144E+03	3.310487E-15	9.586710E-17
6.873634E+03	3.333672E-15	9.675536E-17
6.878124E+03	3.358659E-15	9.769573E-17
6.882614E+03	3.382621E-15	9.860601E-17
6.887104E+03	3.407979E-15	9.955669E-17
6.891594E+03	3.433928E-15	1.005243E-16
6.896085E+03	3.458244E-15	1.014437E-16
6.900575E+03	3.478107E-15	1.022316E-16
6.905065E+03	3.490089E-15	1.027861E-16
6.909555E+03	3.492783E-15	1.030643E-16
6.914045E+03	3.483374E-15	1.029814E-16
6.918535E+03	3.464490E-15	1.026132E-16
6.923025E+03	3.441980E-15	1.021317E-16
6.927515E+03	3.423505E-15	1.017642E-16
6.932005E+03	3.415908E-15	1.017150E-16
6.936495E+03	3.415156E-15	1.018656E-16
6.940986E+03	3.410976E-15	1.019101E-16
6.945476E+03	3.398942E-15	1.017155E-16
6.949966E+03	3.384291E-15	1.014377E-16
6.954456E+03	3.373062E-15	1.012576E-16
6.958946E+03	3.366460E-15	1.012119E-16
6.963436E+03	3.360860E-15	1.011922E-16
6.967926E+03	3.354857E-15	1.011561E-16
6.972416E+03	3.348448E-15	1.011037E-16
6.976906E+03	3.339224E-15	1.009620E-16
6.981396E+03	3.329597E-15	1.008036E-16
6.985887E+03	3.322581E-15	1.007200E-16
6.990377E+03	3.314560E-15	1.006017E-16
6.994867E+03	3.306939E-15	1.004913E-16
6.999357E+03	3.302729E-15	1.004804E-16
7.003847E+03	3.299922E-15	1.005083E-16
7.008337E+03	3.297111E-15	1.005321E-16
7.012827E+03	3.293695E-15	1.005337E-16
7.017317E+03	3.291279E-15	1.005619E-16
7.021807E+03	3.285651E-15	1.004881E-16
7.026297E+03	3.274611E-15	1.002444E-16
7.030788E+03	3.264573E-15	1.000273E-16
7.035278E+03	3.256539E-15	9.986728E-17
7.039768E+03	3.248706E-15	9.970933E-17
7.044258E+03	3.244877E-15	9.967031E-17
7.048748E+03	3.246651E-15	9.979963E-17
7.053238E+03	3.251622E-15	1.000237E-16
7.057728E+03	3.257987E-15	1.002871E-16
7.062218E+03	3.265146E-15	1.005715E-16
7.066709E+03	3.270296E-15	1.007906E-16
7.071199E+03	3.269442E-15	1.008209E-16
7.075689E+03	3.259191E-15	1.005574E-16
7.080179E+03	3.238950E-15	9.998152E-17
7.084669E+03	3.209526E-15	9.911771E-17
7.089159E+03	3.172925E-15	9.802763E-17
7.093649E+03	3.134941E-15	9.689030E-17
7.098139E+03	3.097773E-15	9.577367E-17
7.102629E+03	3.061021E-15	9.466559E-17
7.107119E+03	3.025282E-15	9.358467E-17
7.111609E+03	2.992552E-15	9.259275E-17
7.116100E+03	2.964222E-15	9.173312E-17
7.120590E+03	2.933912E-15	9.080843E-17
7.125080E+03	2.898832E-15	8.973244E-17
7.129570E+03	2.862972E-15	8.862867E-17
7.134060E+03	2.832506E-15	8.768845E-17
7.138550E+03	2.804644E-15	8.682545E-17
7.143040E+03	2.775002E-15	8.590413E-17
7.147530E+03	2.746170E-15	8.500472E-17
7.152021E+03	2.723917E-15	8.430588E-17
7.156511E+03	2.708835E-15	8.382592E-17
7.161001E+03	2.698530E-15	8.349076E-17
7.165491E+03	2.692404E-15	8.328180E-17
7.169981E+03	2.687671E-15	8.311282E-17
7.174471E+03	2.685917E-15	8.303287E-17
7.178961E+03	2.691512E-15	8.317688E-17
7.183451E+03	2.699682E-15	8.339716E-17
7.187941E+03	2.706258E-15	8.356480E-17
7.192431E+03	2.717193E-15	8.386362E-17
7.196922E+03	2.729312E-15	8.419537E-17
7.201412E+03	2.737850E-15	8.441316E-17
7.205902E+03	2.747968E-15	8.467609E-17
7.210392E+03	2.758078E-15	8.493515E-17
7.214882E+03	2.761840E-15	8.499518E-17
7.219372E+03	2.757276E-15	8.479577E-17
7.223862E+03	2.750337E-15	8.452030E-17
7.228352E+03	2.746964E-15	8.435142E-17
7.232842E+03	2.744778E-15	8.421589E-17
7.237332E+03	2.743582E-15	8.410756E-17
7.241822E+03	2.748121E-15	8.417174E-17
7.246313E+03	2.759775E-15	8.445015E-17
7.250803E+03	2.777155E-15	8.489966E-17
7.255293E+03	2.799069E-15	8.548333E-17
7.259783E+03	2.824327E-15	8.616438E-17
7.264273E+03	2.847791E-15	8.678579E-17
7.268763E+03	2.868081E-15	8.730563E-17
7.273253E+03	2.883619E-15	8.767623E-17
7.277743E+03	2.891449E-15	8.780828E-17
7.282232E+03	2.893750E-15	8.776864E-17
7.286723E+03	2.894273E-15	8.767157E-17
7.291213E+03	2.895188E-15	8.758297E-17
7.295703E+03	2.896693E-15	8.750876E-17
7.300193E+03	2.898195E-15	8.743099E-17
7.304683E+03	2.897529E-15	8.728440E-17
7.309173E+03	2.894696E-15	8.706932E-17
7.313663E+03	2.888517E-15	8.675067E-17
7.318153E+03	2.876435E-15	8.625228E-17
7.322643E+03	2.859637E-15	8.561055E-17
7.327134E+03	2.840291E-15	8.489097E-17
7.331624E+03	2.820366E-15	8.415284E-17
7.336114E+03	2.796521E-15	8.329675E-17
7.340604E+03	2.766989E-15	8.227090E-17
7.345094E+03	2.736492E-15	8.121641E-17
7.349584E+03	2.707191E-15	8.019757E-17
7.354074E+03	2.676533E-15	7.913881E-17
7.358564E+03	2.643145E-15	7.799995E-17
7.363054E+03	2.609776E-15	7.686255E-17
7.367544E+03	2.578976E-15	7.580171E-17
7.372035E+03	2.553295E-15	7.489179E-17
7.376525E+03	2.529589E-15	7.404001E-17
7.381015E+03	2.504721E-15	7.315446E-17
7.385505E+03	2.480847E-15	7.229829E-17
7.389995E+03	2.460905E-15	7.155680E-17
7.394485E+03	2.440780E-15	7.080989E-17
7.398975E+03	2.419100E-15	7.001805E-17
7.403465E+03	2.399977E-15	6.930035E-17
7.407955E+03	2.380866E-15	6.858303E-17
7.412445E+03	2.357659E-15	6.774813E-17
7.416936E+03	2.332510E-15	6.685832E-17
7.421426E+03	2.307768E-15	6.598133E-17
7.425916E+03	2.282649E-15	6.509478E-17
7.430406E+03	2.255593E-15	6.415444E-17
7.434896E+03	2.225623E-15	6.313317E-17
7.439386E+03	2.192742E-15	6.203184E-17
7.443876E+03	2.153246E-15	6.074669E-17
7.448366E+03	2.105383E-15	5.923014E-17
7.452857E+03	2.057940E-15	5.773078E-17
7.457347E+03	2.025930E-15	5.666873E-17
7.461837E+03	2.018114E-15	5.628460E-17
7.466327E+03	2.032520E-15	5.651768E-17
7.470817E+03	2.053932E-15	5.694056E-17
7.475307E+03	2.065204E-15	5.707756E-17
7.479797E+03	2.063034E-15	5.684027E-17
7.484287E+03	2.053079E-15	5.638755E-17
7.488777E+03	2.039044E-15	5.582293E-17
7.493267E+03	2.022490E-15	5.519008E-17
7.497757E+03	2.001083E-15	5.442632E-17
7.502248E+03	1.970356E-15	5.341190E-17
7.506738E+03	1.931195E-15	5.217341E-17
7.511228E+03	1.883098E-15	5.069981E-17
7.515718E+03	1.826250E-15	4.899866E-17
7.520208E+03	1.763065E-15	4.713717E-17
7.524698E+03	1.693531E-15	4.511694E-17
7.529188E+03	1.619148E-15	4.297981E-17
7.533678E+03	1.541568E-15	4.077112E-17
7.538169E+03	1.462987E-15	3.854981E-17
7.542659E+03	1.386140E-15	3.638825E-17
7.547149E+03	1.311508E-15	3.429872E-17
7.551639E+03	1.241146E-15	3.233427E-17
7.556129E+03	1.178400E-15	3.058064E-17
7.560619E+03	1.128068E-15	2.915972E-17
7.565109E+03	1.092580E-15	2.813037E-17
7.569599E+03	1.071205E-15	2.746944E-17
7.574089E+03	1.064630E-15	2.719012E-17
7.578579E+03	1.075006E-15	2.734259E-17
7.583070E+03	1.102844E-15	2.793437E-17
7.587560E+03	1.147334E-15	2.893959E-17
7.592050E+03	1.205217E-15	3.027093E-17
7.596540E+03	1.273619E-15	3.185220E-17
7.601030E+03	1.353498E-15	3.370371E-17
7.605520E+03	1.444923E-15	3.582335E-17
7.610010E+03	1.543075E-15	3.808825E-17
7.614500E+03	1.642256E-15	4.035605E-17
7.618990E+03	1.739703E-15	4.255870E-17
7.623480E+03	1.831464E-15	4.460042E-17
7.627971E+03	1.911738E-15	4.634230E-17
7.632461E+03	1.975907E-15	4.767678E-17
7.636951E+03	2.018934E-15	4.848819E-17
7.641441E+03	2.037848E-15	4.871265E-17
7.645931E+03	2.040570E-15	4.854673E-17
7.650421E+03	2.041752E-15	4.834295E-17
7.654911E+03	2.051793E-15	4.834690E-17
7.659401E+03	2.068568E-15	4.850576E-17
7.663891E+03	2.082449E-15	4.859263E-17
7.668381E+03	2.084973E-15	4.841201E-17
7.672872E+03	2.073071E-15	4.789690E-17
7.677362E+03	2.054062E-15	4.722075E-17
7.681852E+03	2.038526E-15	4.662801E-17
7.686342E+03	2.029342E-15	4.618311E-17
7.690832E+03	2.024585E-15	4.584029E-17
7.695322E+03	2.022715E-15	4.556341E-17
7.699812E+03	2.022769E-15	4.532993E-17
7.704302E+03	2.024361E-15	4.513070E-17
7.708792E+03	2.028066E-15	4.497790E-17
7.713282E+03	2.036186E-15	4.492178E-17
7.717772E+03	2.047566E-15	4.493548E-17
7.722262E+03	2.061436E-15	4.500116E-17
7.726752E+03	2.077027E-15	4.510134E-17
7.731242E+03	2.094722E-15	4.524377E-17
7.735732E+03	2.112795E-15	4.539074E-17
7.740222E+03	2.130861E-15	4.553404E-17
7.744712E+03	2.151604E-15	4.573077E-17
7.749202E+03	2.174446E-15	4.596796E-17
7.753692E+03	2.196705E-15	4.618862E-17
7.758183E+03	2.217808E-15	4.638103E-17
7.762673E+03	2.239287E-15	4.657772E-17
7.767163E+03	2.260950E-15	4.677468E-17
7.771653E+03	2.282797E-15	4.697200E-17
7.776143E+03	2.304446E-15	4.716196E-17
7.780633E+03	2.324367E-15	4.731368E-17
7.785123E+03	2.340650E-15	4.738923E-17
7.789613E+03	2.355019E-15	4.742466E-17
7.794103E+03	2.367091E-15	4.741315E-17
7.798593E+03	2.377824E-15	4.737469E-17
7.803084E+03	2.387792E-15	4.732119E-17
7.807574E+03	2.394132E-15	4.719676E-17
7.812064E+03	2.398944E-15	4.704386E-17
7.816554E+03	2.406240E-15	4.694138E-17
7.821044E+03	2.414683E-15	4.686280E-17
7.825534E+03	2.422934E-15	4.678215E-17
7.830024E+03	2.431376E-15	4.670705E-17
7.834514E+03	2.439248E-15	4.662307E-17
7.839005E+03	2.444832E-15	4.649791E-17
7.843495E+03	2.448512E-15	4.633978E-17
7.847985E+03	2.452004E-15	4.618170E-17
7.852475E+03	2.455308E-15	4.602393E-17
7.856965E+03	2.457854E-15	4.585607E-17
7.861455E+03	2.460021E-15	4.568562E-17
7.865945E+03	2.462955E-15	4.553402E-17
7.870435E+03	2.464559E-15	4.536274E-17
7.874925E+03	2.462931E-15	4.513747E-17
7.879415E+03	2.460547E-15	4.490433E-17
7.883905E+03	2.458740E-15	4.468792E-17
7.888396E+03	2.455226E-15	4.444696E-17
7.892886E+03	2.450007E-15	4.418206E-17
7.897376E+03	2.442322E-15	4.388008E-17
7.901866E+03	2.431792E-15	4.353488E-17
7.906356E+03	2.420132E-15	4.317770E-17
7.910846E+03	2.407339E-15	4.280884E-17
7.915336E+03	2.392657E-15	4.241516E-17
7.919826E+03	2.376275E-15	4.200041E-17
7.924317E+03	2.358763E-15	4.157494E-17
7.928807E+03	2.339933E-15	4.113569E-17
7.933297E+03	2.318836E-15	4.066618E-17
7.937787E+03	2.297371E-15	4.019992E-17
7.942277E+03	2.278006E-15	3.978002E-17
7.946767E+03	2.259223E-15	3.937976E-17
7.951257E+03	2.237794E-15	3.894292E-17
7.955747E+03	2.215238E-15	3.849605E-17
7.960237E+03	2.194971E-15	3.809844E-17
7.964727E+03	2.177371E-15	3.775641E-17
7.969218E+03	2.160730E-15	3.744022E-17
7.973708E+03	2.142771E-15	3.711034E-17
7.978198E+03	2.122168E-15	3.674377E-17
7.982688E+03	2.101387E-15	3.638313E-17
7.987178E+03	2.082322E-15	3.606109E-17
7.991668E+03	2.062511E-15	3.573488E-17
7.996158E+03	2.041572E-15	3.539775E-17
8.000648E+03	2.021403E-15	3.508240E-17
8.005138E+03	2.002380E-15	3.479526E-17
8.009628E+03	1.985262E-15	3.454942E-17
8.014119E+03	1.969667E-15	3.433829E-17
8.018609E+03	1.955787E-15	3.416507E-17
8.023099E+03	1.943051E-15	3.401975E-17
8.027589E+03	1.928808E-15	3.385570E-17
8.032079E+03	1.911544E-15	3.364582E-17
8.036569E+03	1.892436E-15	3.341012E-17
8.041059E+03	1.871916E-15	3.315564E-17
8.045549E+03	1.850289E-15	3.288723E-17
8.050039E+03	1.827726E-15	3.260732E-17
8.054529E+03	1.806023E-15	3.234755E-17
8.059020E+03	1.784727E-15	3.209959E-17
8.063510E+03	1.761359E-15	3.181833E-17
8.068000E+03	1.735806E-15	3.150088E-17
8.072490E+03	1.708446E-15	3.115316E-17
8.076980E+03	1.680907E-15	3.080410E-17
8.081470E+03	1.657727E-15	3.053681E-17
8.085960E+03	1.640377E-15	3.037943E-17
8.090450E+03	1.625681E-15	3.027419E-17
8.094941E+03	1.609876E-15	3.015124E-17
8.099431E+03	1.591111E-15	2.997494E-17
8.103921E+03	1.568779E-15	2.973260E-17
8.108411E+03	1.544981E-15	2.946268E-17
8.112901E+03	1.520415E-15	2.917770E-17
8.117391E+03	1.492851E-15	2.883398E-17
8.121881E+03	1.462385E-15	2.843186E-17
8.126371E+03	1.429697E-15	2.798315E-17
8.130861E+03	1.395543E-15	2.750146E-17
8.135351E+03	1.361057E-15	2.700827E-17
8.139841E+03	1.325954E-15	2.649741E-17
8.144331E+03	1.289063E-15	2.594453E-17
8.148821E+03	1.250027E-15	2.534125E-17
8.153311E+03	1.210582E-15	2.472166E-17
8.157801E+03	1.171937E-15	2.411006E-17
8.162291E+03	1.132637E-15	2.347625E-17
8.166781E+03	1.090228E-15	2.276825E-17
8.171271E+03	1.045293E-15	2.199652E-17
8.175761E+03	1.001064E-15	2.122793E-17
8.180251E+03	9.584827E-16	2.048257E-17
8.184742E+03	9.166816E-16	1.974223E-17
8.189232E+03	8.773018E-16	1.904250E-17
8.193722E+03	8.437606E-16	1.845908E-17
8.198212E+03	8.168889E-16	1.801301E-17
8.202702E+03	7.932102E-16	1.763028E-17
8.207192E+03	7.721972E-16	1.730057E-17
8.211682E+03	7.587566E-16	1.713592E-17
8.216172E+03	7.559666E-16	1.721038E-17
8.220662E+03	7.610697E-16	1.746642E-17
8.225153E+03	7.697985E-16	1.780968E-17
8.229643E+03	7.820971E-16	1.824083E-17
8.234133E+03	7.989650E-16	1.878543E-17
8.238623E+03	8.199118E-16	1.943450E-17
8.243113E+03	8.452210E-16	2.019722E-17
8.247603E+03	8.743064E-16	2.106207E-17
8.252093E+03	9.045646E-16	2.196812E-17
8.256583E+03	9.329555E-16	2.284174E-17
8.261073E+03	9.578185E-16	2.364091E-17
8.265564E+03	9.790402E-16	2.436083E-17
8.270054E+03	9.983193E-16	2.504189E-17
8.274544E+03	1.018337E-15	2.575078E-17
8.279034E+03	1.040717E-15	2.652938E-17
8.283524E+03	1.063515E-15	2.732924E-17
8.288014E+03	1.082766E-15	2.804795E-17
8.292504E+03	1.097773E-15	2.866511E-17
8.296994E+03	1.110101E-15	2.921933E-17
8.301484E+03	1.120148E-15	2.971943E-17
8.305974E+03	1.127705E-15	3.015844E-17
8.310464E+03	1.132810E-15	3.053574E-17
8.314955E+03	1.135049E-15	3.083855E-17
8.319445E+03	1.134909E-15	3.107829E-17
8.323935E+03	1.134470E-15	3.131081E-17
8.328425E+03	1.135393E-15	3.158207E-17
8.332915E+03	1.139453E-15	3.194272E-17
8.337405E+03	1.146140E-15	3.238033E-17
8.341895E+03	1.153585E-15	3.284344E-17
8.346385E+03	1.162525E-15	3.335365E-17
8.350875E+03	1.173601E-15	3.393050E-17
8.355366E+03	1.187117E-15	3.458429E-17
8.359856E+03	1.202846E-15	3.530985E-17
8.364346E+03	1.219731E-15	3.607749E-17
8.368836E+03	1.238736E-15	3.691667E-17
8.373326E+03	1.261239E-15	3.787027E-17
8.377816E+03	1.286354E-15	3.891379E-17
8.382306E+03	1.313344E-15	4.002656E-17
8.386796E+03	1.345063E-15	4.129754E-17
8.391286E+03	1.383476E-15	4.279070E-17
8.395777E+03	1.425921E-15	4.442781E-17
8.400267E+03	1.470829E-15	4.616225E-17
8.404757E+03	1.520490E-15	4.806817E-17
8.409247E+03	1.575696E-15	5.017417E-17
8.413737E+03	1.636280E-15	5.247871E-17
8.418227E+03	1.700296E-15	5.492271E-17
8.422717E+03	1.764192E-15	5.739300E-17
8.427207E+03	1.829612E-15	5.994346E-17
8.431697E+03	1.900375E-15	6.270120E-17
8.436187E+03	1.975766E-15	6.564618E-17
8.440677E+03	2.054007E-15	6.872224E-17
8.445168E+03	2.135856E-15	7.195703E-17
8.449658E+03	2.220370E-15	7.532091E-17
8.454148E+03	2.306035E-15	7.876423E-17
8.458638E+03	2.390962E-15	8.222281E-17
8.463128E+03	2.474204E-15	8.566350E-17
8.467618E+03	2.556897E-15	8.912465E-17
8.472108E+03	2.638283E-15	9.257941E-17
8.476598E+03	2.714958E-15	9.590656E-17
8.481089E+03	2.786732E-15	9.909624E-17
8.485579E+03	2.856252E-15	1.022395E-16
8.490069E+03	2.925600E-15	1.054098E-16
8.494559E+03	2.992315E-15	1.085180E-16
8.499049E+03	3.053181E-15	1.114447E-16
8.503539E+03	3.109329E-15	1.142273E-16
8.508029E+03	3.162464E-15	1.169256E-16
8.512519E+03	3.210880E-15	1.194740E-16
8.517009E+03	3.255714E-15	1.219115E-16
8.521499E+03	3.297910E-15	1.242714E-16
8.525990E+03	3.337279E-15	1.265446E-16
8.530480E+03	3.374766E-15	1.287650E-16
8.534970E+03	3.409803E-15	1.309094E-16
8.539460E+03	3.442580E-15	1.329835E-16
8.543950E+03	3.475558E-15	1.350813E-16
8.548440E+03	3.506843E-15	1.371288E-16
8.552930E+03	3.536435E-15	1.391248E-16
8.557420E+03	3.566986E-15	1.411731E-16
8.561910E+03	3.596980E-15	1.432140E-16
8.566399E+03	3.625848E-15	1.452242E-16
8.570890E+03	3.654350E-15	1.472337E-16
8.575380E+03	3.681536E-15	1.492034E-16
8.579870E+03	3.706077E-15	1.510783E-16
8.584360E+03	3.730821E-15	1.529732E-16
8.588850E+03	3.756712E-15	1.549274E-16
8.593340E+03	3.782996E-15	1.569101E-16
8.597830E+03	3.811948E-15	1.590166E-16
8.602320E+03	3.842811E-15	1.612169E-16
8.606810E+03	3.872547E-15	1.633844E-16
8.611301E+03	3.900588E-15	1.654942E-16
8.615791E+03	3.926173E-15	1.675123E-16
8.620281E+03	3.949491E-15	1.694451E-16
8.624771E+03	3.972821E-15	1.713894E-16
8.629261E+03	3.996352E-15	1.733532E-16
8.633751E+03	4.019324E-15	1.753037E-16
8.638241E+03	4.043828E-15	1.773320E-16
8.642731E+03	4.071955E-15	1.795314E-16
8.647221E+03	4.099524E-15	1.817192E-16
8.651712E+03	4.123115E-15	1.837426E-16
8.656202E+03	4.144245E-15	1.856665E-16
8.660692E+03	4.164437E-15	1.875577E-16
8.665182E+03	4.185399E-15	1.894931E-16
8.669672E+03	4.205612E-15	1.914039E-16
8.674162E+03	4.220510E-15	1.930806E-16
8.678652E+03	4.230661E-15	1.945456E-16
8.683142E+03	4.242152E-15	1.960770E-16
8.687632E+03	4.258789E-15	1.978523E-16
8.692122E+03	4.274485E-15	1.995911E-16
8.696612E+03	4.285621E-15	2.011228E-16
8.701103E+03	4.295624E-15	2.026059E-16
8.705593E+03	4.303540E-15	2.039940E-16
8.710083E+03	4.308606E-15	2.052495E-16
8.714573E+03	4.312344E-15	2.064432E-16
8.719063E+03	4.315327E-15	2.076017E-16
8.723553E+03	4.316600E-15	2.086783E-16
8.728043E+03	4.315591E-15	2.096440E-16
8.732533E+03	4.315158E-15	2.106366E-16
8.737024E+03	4.314731E-15	2.116288E-16
8.741514E+03	4.310302E-15	2.124227E-16
8.746004E+03	4.302253E-15	2.130345E-16
8.750494E+03	4.296113E-15	2.137368E-16
8.754984E+03	4.294364E-15	2.146549E-16
8.759474E+03	4.293763E-15	2.156291E-16
8.763964E+03	4.291639E-15	2.165254E-16
8.768454E+03	4.286274E-15	2.172556E-16
8.772944E+03	4.279574E-15	2.179145E-16
8.777434E+03	4.272686E-15	2.185598E-16
8.781925E+03	4.266373E-15	2.192309E-16
8.786415E+03	4.261398E-15	2.199670E-16
8.790905E+03	4.256234E-15	2.206901E-16
8.795395E+03	4.250308E-15	2.213703E-16
8.799885E+03	4.241517E-15	2.218969E-16
8.804375E+03	4.230433E-15	2.222981E-16
8.808865E+03	4.219349E-15	2.226932E-16
8.813355E+03	4.204823E-15	2.228997E-16
8.817845E+03	4.185897E-15	2.228644E-16
8.822335E+03	4.167923E-15	2.228704E-16
8.826826E+03	4.144399E-15	2.225691E-16
8.831316E+03	4.113406E-15	2.218531E-16
8.835806E+03	4.078386E-15	2.209037E-16
8.840296E+03	4.037422E-15	2.196140E-16
8.844786E+03	3.993382E-15	2.181364E-16
8.849276E+03	3.939754E-15	2.161116E-16
8.853766E+03	3.875574E-15	2.134801E-16
8.858256E+03	3.807350E-15	2.105945E-16
8.862746E+03	3.734312E-15	2.074094E-16
8.867237E+03	3.653967E-15	2.037825E-16
8.871727E+03	3.565926E-15	1.996869E-16
8.876217E+03	3.475552E-15	1.954190E-16
8.880707E+03	3.389557E-15	1.913562E-16
8.885197E+03	3.304681E-15	1.873169E-16
8.889687E+03	3.212676E-15	1.828323E-16
8.894177E+03	3.116416E-15	1.780619E-16
8.898667E+03	3.024342E-15	1.734872E-16
8.903157E+03	2.935113E-15	1.690338E-16
8.907647E+03	2.849882E-15	1.647703E-16
8.912138E+03	2.775565E-15	1.611011E-16
8.916628E+03	2.713896E-15	1.581344E-16
8.921118E+03	2.665651E-15	1.559244E-16
8.925608E+03	2.633720E-15	1.546499E-16
8.930098E+03	2.619076E-15	1.543791E-16
8.934588E+03	2.617689E-15	1.548856E-16
8.939078E+03	2.626110E-15	1.559731E-16
8.943568E+03	2.643574E-15	1.576029E-16
8.948058E+03	2.668549E-15	1.596891E-16
8.952548E+03	2.699884E-15	1.621678E-16
8.957039E+03	2.734312E-15	1.648463E-16
8.961529E+03	2.771066E-15	1.676801E-16
8.966019E+03	2.807259E-15	1.704953E-16
8.970509E+03	2.842699E-15	1.732800E-16
8.974999E+03	2.872957E-15	1.757625E-16
8.979489E+03	2.891478E-15	1.775370E-16
8.983979E+03	2.904615E-15	1.789870E-16
8.988469E+03	2.920264E-15	1.805973E-16
8.992958E+03	2.929946E-15	1.818435E-16
8.997449E+03	2.921898E-15	1.819887E-16
9.001939E+03	2.900349E-15	1.812856E-16
9.006429E+03	2.879757E-15	1.806322E-16
9.010919E+03	2.861087E-15	1.800898E-16
9.015409E+03	2.835078E-15	1.790748E-16
9.019899E+03	2.799024E-15	1.774107E-16
9.024389E+03	2.755233E-15	1.752381E-16
9.028879E+03	2.714129E-15	1.732168E-16
9.033369E+03	2.678264E-15	1.715123E-16
9.037860E+03	2.641970E-15	1.697638E-16
9.042350E+03	2.604308E-15	1.679104E-16
9.046840E+03	2.559480E-15	1.655763E-16
9.051330E+03	2.512121E-15	1.630576E-16
9.055820E+03	2.468997E-15	1.607933E-16
9.060310E+03	2.428369E-15	1.586728E-16
9.064800E+03	2.395268E-15	1.570273E-16
9.069290E+03	2.375698E-15	1.562568E-16
9.073780E+03	2.367734E-15	1.562429E-16
9.078270E+03	2.365188E-15	1.565836E-16
9.082760E+03	2.358964E-15	1.566781E-16
9.087251E+03	2.350027E-15	1.565885E-16
9.091741E+03	2.346325E-15	1.568441E-16
9.096231E+03	2.348831E-15	1.575137E-16
9.100721E+03	2.352503E-15	1.582621E-16
9.105211E+03	2.357537E-15	1.591032E-16
9.109701E+03	2.364709E-15	1.600904E-16
9.114191E+03	2.370917E-15	1.610144E-16
9.118681E+03	2.375772E-15	1.618482E-16
9.123172E+03	2.378498E-15	1.625378E-16
9.127662E+03	2.379286E-15	1.630948E-16
9.132152E+03	2.381825E-15	1.637718E-16
9.136642E+03	2.387086E-15	1.646368E-16
9.141132E+03	2.391575E-15	1.654499E-16
9.145622E+03	2.394903E-15	1.661834E-16
9.150112E+03	2.400373E-15	1.670667E-16
9.154602E+03	2.407599E-15	1.680740E-16
9.159092E+03	2.416580E-15	1.692064E-16
9.163582E+03	2.421289E-15	1.700418E-16
9.168073E+03	2.420166E-15	1.704677E-16
9.172563E+03	2.409704E-15	1.702323E-16
9.177053E+03	2.389505E-15	1.693020E-16
9.181543E+03	2.370076E-15	1.684172E-16
9.186033E+03	2.350446E-15	1.675092E-16
9.190523E+03	2.318338E-15	1.657004E-16
9.195013E+03	2.274913E-15	1.630664E-16
9.199503E+03	2.228153E-15	1.601740E-16
9.203993E+03	2.180591E-15	1.572037E-16
9.208483E+03	2.127350E-15	1.538025E-16
9.212974E+03	2.058475E-15	1.492453E-16
9.217464E+03	1.980004E-15	1.439614E-16
9.221954E+03	1.905512E-15	1.389349E-16
9.226444E+03	1.833637E-15	1.340686E-16
9.230934E+03	1.760065E-15	1.290479E-16
9.235424E+03	1.685907E-15	1.239535E-16
9.239914E+03	1.608388E-15	1.185807E-16
9.244404E+03	1.522149E-15	1.125312E-16
9.248894E+03	1.424779E-15	1.056210E-16
9.253385E+03	1.323777E-15	9.840113E-17
9.257875E+03	1.227845E-15	9.151781E-17
9.262365E+03	1.142994E-15	8.542353E-17
9.266855E+03	1.070623E-15	8.022996E-17
9.271345E+03	1.005828E-15	7.557623E-17
9.275835E+03	9.499662E-16	7.156916E-17
9.280325E+03	9.061599E-16	6.845006E-17
9.284815E+03	8.728916E-16	6.611126E-17
9.289305E+03	8.526785E-16	6.475027E-17
9.293796E+03	8.568833E-16	6.524006E-17
9.298286E+03	8.801155E-16	6.718366E-17
9.302776E+03	9.063623E-16	6.936687E-17
9.307266E+03	9.342151E-16	7.168341E-17
9.311756E+03	9.656768E-16	7.428825E-17
9.316246E+03	9.953116E-16	7.676428E-17
9.320736E+03	1.021567E-15	7.899031E-17
9.325226E+03	1.044655E-15	8.098085E-17
9.329716E+03	1.066993E-15	8.292170E-17
9.334206E+03	1.091191E-15	8.501595E-17
9.338696E+03	1.108031E-15	8.654452E-17
9.343187E+03	1.111980E-15	8.706990E-17
9.347677E+03	1.116049E-15	8.760586E-17
9.352167E+03	1.129175E-15	8.885568E-17
9.356657E+03	1.139435E-15	8.988417E-17
9.361147E+03	1.136488E-15	8.987183E-17
9.365637E+03	1.122983E-15	8.902093E-17
9.370127E+03	1.102553E-15	8.761420E-17
9.374617E+03	1.081441E-15	8.614490E-17
9.379107E+03	1.062349E-15	8.482830E-17
9.383598E+03	1.042851E-15	8.347163E-17
9.388088E+03	1.024053E-15	8.216315E-17
9.392578E+03	1.007690E-15	8.104302E-17
9.397068E+03	9.904697E-16	7.984712E-17
9.401558E+03	9.702976E-16	7.840580E-17
9.406048E+03	9.534313E-16	7.722422E-17
9.410538E+03	9.406064E-16	7.636399E-17
9.415028E+03	9.338622E-16	7.599339E-17
9.419517E+03	9.375733E-16	7.647269E-17
9.424008E+03	9.468248E-16	7.740604E-17
9.428498E+03	9.572698E-16	7.844031E-17
9.432988E+03	9.689285E-16	7.957786E-17
9.437478E+03	9.777852E-16	8.048878E-17
9.441968E+03	9.844691E-16	8.122343E-17
9.446458E+03	9.887814E-16	8.176411E-17
9.450948E+03	9.923242E-16	8.224229E-17
9.455438E+03	9.958505E-16	8.272005E-17
9.459928E+03	9.998151E-16	8.323527E-17
9.464418E+03	1.001364E-15	8.355005E-17
9.468908E+03	9.987669E-16	8.351837E-17
9.473399E+03	9.987499E-16	8.370164E-17
9.477889E+03	1.002803E-15	8.422634E-17
9.482379E+03	1.002987E-15	8.442651E-17
9.486869E+03	1.003747E-15	8.467502E-17
9.491359E+03	1.013491E-15	8.568295E-17
9.495849E+03	1.022228E-15	8.660880E-17
9.500339E+03	1.023137E-15	8.687280E-17
9.504829E+03	1.023729E-15	8.710976E-17
9.509320E+03	1.028201E-15	8.767759E-17
9.513810E+03	1.035981E-15	8.852926E-17
9.518300E+03	1.047073E-15	8.966696E-17
9.522790E+03	1.055005E-15	9.053721E-17
9.527280E+03	1.059198E-15	9.108838E-17
9.531770E+03	1.063952E-15	9.168900E-17
9.536260E+03	1.062091E-15	9.171975E-17
9.540750E+03	1.055542E-15	9.134378E-17
9.545240E+03	1.059863E-15	9.190764E-17
9.549730E+03	1.073586E-15	9.328976E-17
9.554221E+03	1.079853E-15	9.402716E-17
9.558711E+03	1.078197E-15	9.407505E-17
9.563201E+03	1.076900E-15	9.415337E-17
9.567691E+03	1.079439E-15	9.456696E-17
9.572181E+03	1.087038E-15	9.542527E-17
9.576671E+03	1.093243E-15	9.616319E-17
9.581161E+03	1.097692E-15	9.674825E-17
9.585651E+03	1.105828E-15	9.766001E-17
9.590141E+03	1.114910E-15	9.865798E-17
9.594631E+03	1.124679E-15	9.971971E-17
9.599122E+03	1.137221E-15	1.010308E-16
9.603612E+03	1.155341E-15	1.028424E-16
9.608102E+03	1.178928E-15	1.051475E-16
9.612592E+03	1.204916E-15	1.076750E-16
9.617082E+03	1.230041E-15	1.101338E-16
9.621572E+03	1.247578E-15	1.119202E-16
9.626062E+03	1.258365E-15	1.131055E-16
9.630552E+03	1.268999E-15	1.142802E-16
9.635042E+03	1.280001E-15	1.154915E-16
9.639533E+03	1.293826E-15	1.169613E-16
9.644023E+03	1.304826E-15	1.181796E-16
9.648513E+03	1.310526E-15	1.189202E-16
9.653003E+03	1.314864E-15	1.195384E-16
9.657493E+03	1.313652E-15	1.196522E-16
9.661983E+03	1.301268E-15	1.187456E-16
9.666473E+03	1.286359E-15	1.176035E-16
9.670963E+03	1.276719E-15	1.169385E-16
9.675453E+03	1.267313E-15	1.162912E-16
9.679944E+03	1.254334E-15	1.153120E-16
9.684434E+03	1.237192E-15	1.139445E-16
9.688924E+03	1.216914E-15	1.122813E-16
9.693414E+03	1.196601E-15	1.106078E-16
9.697904E+03	1.176899E-15	1.089836E-16
9.702394E+03	1.157487E-15	1.073794E-16
9.706884E+03	1.139961E-15	1.059435E-16
9.711374E+03	1.124565E-15	1.046997E-16
9.715864E+03	1.112756E-15	1.037849E-16
9.720354E+03	1.104943E-15	1.032392E-16
9.724844E+03	1.098318E-15	1.028017E-16
9.729335E+03	1.094704E-15	1.026441E-16
9.733825E+03	1.093517E-15	1.027127E-16
9.738315E+03	1.095448E-15	1.030740E-16
9.742805E+03	1.103457E-15	1.040085E-16
9.747295E+03	1.115323E-15	1.053094E-16
9.751785E+03	1.126691E-15	1.065667E-16
9.756275E+03	1.138271E-15	1.078473E-16
9.760765E+03	1.146512E-15	1.088145E-16
9.765256E+03	1.153299E-15	1.096457E-16
9.769746E+03	1.156071E-15	1.100964E-16
9.774236E+03	1.154053E-15	1.100906E-16
9.778726E+03	1.155935E-15	1.104564E-16
9.783216E+03	1.157514E-15	1.107934E-16
9.787706E+03	1.151673E-15	1.104193E-16
9.792196E+03	1.147029E-15	1.101577E-16
9.796686E+03	1.146735E-15	1.103127E-16
9.801176E+03	1.144509E-15	1.102811E-16
9.805666E+03	1.139757E-15	1.100045E-16
9.810157E+03	1.130337E-15	1.092749E-16
9.814647E+03	1.116714E-15	1.081348E-16
9.819137E+03	1.101878E-15	1.068724E-16
9.823627E+03	1.083770E-15	1.052871E-16
9.828117E+03	1.064996E-15	1.036309E-16
9.832607E+03	1.050514E-15	1.023867E-16
9.837097E+03	1.037960E-15	1.013259E-16
9.841587E+03	1.027175E-15	1.004337E-16
9.846076E+03	1.016974E-15	9.959504E-17
9.850566E+03	1.007256E-15	9.880020E-17
9.855057E+03	9.949561E-16	9.774835E-17
9.859547E+03	9.812558E-16	9.655455E-17
9.864037E+03	9.732133E-16	9.591376E-17
9.868527E+03	9.696666E-16	9.571394E-17
9.873017E+03	9.667123E-16	9.557127E-17
9.877507E+03	9.661927E-16	9.566843E-17
9.881997E+03	9.662667E-16	9.582398E-17
9.886487E+03	9.670383E-16	9.604852E-17
9.890977E+03	9.709687E-16	9.658720E-17
9.895468E+03	9.769118E-16	9.732730E-17
9.899958E+03	9.810137E-16	9.788514E-17
9.904448E+03	9.803972E-16	9.797238E-17
9.908938E+03	9.769266E-16	9.777346E-17
9.913428E+03	9.758361E-16	9.781174E-17
9.917918E+03	9.774787E-16	9.812373E-17
9.922408E+03	9.761004E-16	9.813218E-17
9.926898E+03	9.732200E-16	9.798866E-17
9.931388E+03	9.722513E-16	9.803671E-17
9.935805E+03	9.816716E-16	9.913089E-17
9.975548E+03	9.663887E-16	9.885191E-17
1.001529E+04	9.517812E-16	9.857859E-17
1.005503E+04	9.380386E-16	9.833477E-17
1.009478E+04	9.249972E-16	9.810768E-17
1.013452E+04	9.128533E-16	9.792219E-17
1.017426E+04	9.014549E-16	9.776624E-17
1.021401E+04	8.906395E-16	9.762578E-17
1.025375E+04	8.805900E-16	9.752414E-17
