#wls	flux	fluxerr
1.572591E+03	1.356360E-02	5.524214E-04
1.611906E+03	1.336454E-02	5.436314E-04
1.651221E+03	1.315078E-02	5.342457E-04
1.690536E+03	1.292512E-02	5.243813E-04
1.729850E+03	1.268684E-02	5.140107E-04
1.769165E+03	1.243919E-02	5.032685E-04
1.808480E+03	1.218338E-02	4.922058E-04
1.847795E+03	1.192315E-02	4.809762E-04
1.887110E+03	1.166151E-02	4.697016E-04
1.926424E+03	1.140187E-02	4.585208E-04
1.965739E+03	1.114641E-02	4.475217E-04
2.005054E+03	1.089957E-02	4.368827E-04
2.044369E+03	1.066528E-02	4.267595E-04
2.083683E+03	1.044567E-02	4.172354E-04
2.122998E+03	1.024331E-02	4.084115E-04
2.162313E+03	1.005917E-02	4.003223E-04
2.201628E+03	9.893872E-03	3.929899E-04
2.240943E+03	9.750087E-03	3.865159E-04
2.280257E+03	9.630717E-03	3.810107E-04
2.319572E+03	9.542273E-03	3.767257E-04
2.358887E+03	9.489007E-03	3.738209E-04
2.398202E+03	9.473326E-03	3.723820E-04
2.437517E+03	9.497504E-03	3.724880E-04
2.476831E+03	9.561814E-03	3.741383E-04
2.516146E+03	9.665439E-03	3.772893E-04
2.555461E+03	9.808651E-03	3.819392E-04
2.594776E+03	9.989917E-03	3.880156E-04
2.634090E+03	1.020876E-02	3.954869E-04
2.673405E+03	1.046371E-02	4.042834E-04
2.712720E+03	1.075490E-02	4.143955E-04
2.752035E+03	1.108164E-02	4.257833E-04
2.791350E+03	1.144459E-02	4.384571E-04
2.830664E+03	1.184537E-02	4.524633E-04
2.869979E+03	1.228687E-02	4.678951E-04
2.909294E+03	1.277359E-02	4.849045E-04
2.948609E+03	1.331157E-02	5.036991E-04
2.958437E+03	1.345479E-02	5.087010E-04
2.968266E+03	1.360192E-02	5.138393E-04
2.978095E+03	1.375272E-02	5.191042E-04
2.987923E+03	1.390786E-02	5.245211E-04
2.997752E+03	1.406711E-02	5.300804E-04
3.007581E+03	1.423055E-02	5.357844E-04
3.017410E+03	1.439824E-02	5.416354E-04
3.027238E+03	1.457088E-02	5.476588E-04
3.037067E+03	1.474795E-02	5.538345E-04
3.046896E+03	1.493012E-02	5.601873E-04
3.056724E+03	1.511719E-02	5.667093E-04
3.066553E+03	1.530956E-02	5.734142E-04
3.076382E+03	1.550732E-02	5.803053E-04
3.086210E+03	1.571057E-02	5.873855E-04
3.096039E+03	1.591942E-02	5.946580E-04
3.105868E+03	1.613427E-02	6.021375E-04
3.115697E+03	1.635493E-02	6.098156E-04
3.125525E+03	1.658182E-02	6.177075E-04
3.135354E+03	1.681504E-02	6.258165E-04
3.145183E+03	1.705473E-02	6.341462E-04
3.155011E+03	1.730129E-02	6.427113E-04
3.164840E+03	1.755425E-02	6.514932E-04
3.174669E+03	1.781463E-02	6.605292E-04
3.184497E+03	1.808166E-02	6.697894E-04
3.194326E+03	1.835637E-02	6.793111E-04
3.204155E+03	1.863828E-02	6.890755E-04
3.213983E+03	1.892782E-02	6.990979E-04
3.223812E+03	1.922513E-02	7.093819E-04
3.233641E+03	1.953001E-02	7.199197E-04
3.243470E+03	1.984320E-02	7.307374E-04
3.253298E+03	2.016423E-02	7.418161E-04
3.263127E+03	2.049321E-02	7.531593E-04
3.272956E+03	2.083089E-02	7.647928E-04
3.282784E+03	2.117676E-02	7.766975E-04
3.292613E+03	2.153095E-02	7.888762E-04
3.302442E+03	2.189356E-02	8.013323E-04
3.312270E+03	2.226503E-02	8.140798E-04
3.322099E+03	2.264485E-02	8.270990E-04
3.331928E+03	2.303312E-02	8.403928E-04
3.341757E+03	2.343026E-02	8.539749E-04
3.351585E+03	2.383607E-02	8.678369E-04
3.361414E+03	2.425065E-02	8.819811E-04
3.371243E+03	2.467348E-02	8.963870E-04
3.381071E+03	2.510497E-02	9.110687E-04
3.390900E+03	2.554524E-02	9.260287E-04
3.400729E+03	2.599373E-02	9.412460E-04
3.410557E+03	2.645058E-02	9.567236E-04
3.420386E+03	2.691555E-02	9.724519E-04
3.430215E+03	2.738907E-02	9.884455E-04
3.440043E+03	2.787029E-02	1.004672E-03
3.449872E+03	2.835964E-02	1.021145E-03
3.459701E+03	2.885659E-02	1.037845E-03
3.469530E+03	2.936091E-02	1.054762E-03
3.479358E+03	2.987239E-02	1.071888E-03
3.489187E+03	3.039048E-02	1.089200E-03
3.499016E+03	3.091530E-02	1.106703E-03
3.508844E+03	3.144592E-02	1.124363E-03
3.518673E+03	3.198213E-02	1.142169E-03
3.528502E+03	3.252401E-02	1.160125E-03
3.538330E+03	3.307098E-02	1.178208E-03
3.548159E+03	3.362277E-02	1.196407E-03
3.557988E+03	3.417875E-02	1.214700E-03
3.567817E+03	3.473827E-02	1.233062E-03
3.577645E+03	3.530101E-02	1.251481E-03
3.587474E+03	3.586590E-02	1.269918E-03
3.597303E+03	3.643291E-02	1.288372E-03
3.607131E+03	3.700090E-02	1.306801E-03
3.616960E+03	3.756939E-02	1.325189E-03
3.626789E+03	3.813825E-02	1.343529E-03
3.636617E+03	3.870618E-02	1.361776E-03
3.646446E+03	3.927257E-02	1.379908E-03
3.656275E+03	3.983747E-02	1.397927E-03
3.666103E+03	4.039978E-02	1.415794E-03
3.675932E+03	4.095869E-02	1.433480E-03
3.685761E+03	4.151408E-02	1.450981E-03
3.695590E+03	4.206462E-02	1.468251E-03
3.705418E+03	4.260966E-02	1.485268E-03
3.715247E+03	4.314886E-02	1.502020E-03
3.725076E+03	4.368103E-02	1.518466E-03
3.734904E+03	4.420529E-02	1.534577E-03
3.744733E+03	4.472067E-02	1.550318E-03
3.754562E+03	4.522614E-02	1.565657E-03
3.764390E+03	4.572095E-02	1.580567E-03
3.774219E+03	4.620355E-02	1.594996E-03
3.784048E+03	4.667305E-02	1.608915E-03
3.793877E+03	4.712855E-02	1.622295E-03
3.803705E+03	4.756829E-02	1.635077E-03
3.813534E+03	4.799088E-02	1.647215E-03
3.823363E+03	4.839569E-02	1.658690E-03
3.833191E+03	4.878130E-02	1.669455E-03
3.843020E+03	4.914588E-02	1.679451E-03
3.852849E+03	4.948884E-02	1.688661E-03
3.862677E+03	4.980924E-02	1.697054E-03
3.872506E+03	5.010497E-02	1.704564E-03
3.882335E+03	5.037563E-02	1.711179E-03
3.892163E+03	5.062055E-02	1.716881E-03
3.901992E+03	5.083872E-02	1.721640E-03
3.911821E+03	5.102892E-02	1.725417E-03
3.921650E+03	5.119172E-02	1.728237E-03
3.931478E+03	5.132628E-02	1.730076E-03
3.941307E+03	5.143238E-02	1.730929E-03
3.951136E+03	5.151093E-02	1.730833E-03
3.960964E+03	5.156194E-02	1.729792E-03
3.970793E+03	5.158701E-02	1.727864E-03
3.980622E+03	5.158647E-02	1.725064E-03
3.990450E+03	5.156310E-02	1.721489E-03
4.000279E+03	5.151838E-02	1.717193E-03
4.010108E+03	5.145453E-02	1.712251E-03
4.019937E+03	5.137487E-02	1.706779E-03
4.029765E+03	5.128129E-02	1.700841E-03
4.039594E+03	5.117790E-02	1.694576E-03
4.049423E+03	5.106691E-02	1.688058E-03
4.059251E+03	5.095179E-02	1.681404E-03
4.069080E+03	5.083609E-02	1.674731E-03
4.078909E+03	5.072250E-02	1.668128E-03
4.088737E+03	5.061453E-02	1.661710E-03
4.098566E+03	5.051521E-02	1.655574E-03
4.108395E+03	5.042711E-02	1.649805E-03
4.118223E+03	5.035389E-02	1.644519E-03
4.128052E+03	5.029752E-02	1.639778E-03
4.137881E+03	5.026142E-02	1.635691E-03
4.147710E+03	5.024727E-02	1.632309E-03
4.157538E+03	5.025780E-02	1.629717E-03
4.167367E+03	5.029521E-02	1.627980E-03
4.177196E+03	5.036077E-02	1.627137E-03
4.187024E+03	5.045723E-02	1.627269E-03
4.196853E+03	5.058604E-02	1.628420E-03
4.206682E+03	5.074855E-02	1.630625E-03
4.216510E+03	5.094601E-02	1.633919E-03
4.226339E+03	5.118035E-02	1.638358E-03
4.236168E+03	5.145306E-02	1.643981E-03
4.245997E+03	5.176416E-02	1.650784E-03
4.255825E+03	5.211563E-02	1.658821E-03
4.265654E+03	5.250717E-02	1.668075E-03
4.275483E+03	5.294039E-02	1.678590E-03
4.285311E+03	5.341495E-02	1.690347E-03
4.295140E+03	5.393152E-02	1.703360E-03
4.304969E+03	5.449052E-02	1.717633E-03
4.314797E+03	5.509205E-02	1.733161E-03
4.324626E+03	5.573580E-02	1.749926E-03
4.334455E+03	5.642153E-02	1.767913E-03
4.344283E+03	5.714851E-02	1.787089E-03
4.354112E+03	5.791498E-02	1.807393E-03
4.363941E+03	5.871903E-02	1.828756E-03
4.373770E+03	5.955714E-02	1.851061E-03
4.383598E+03	6.042660E-02	1.874217E-03
4.393427E+03	6.132253E-02	1.898067E-03
4.403256E+03	6.223989E-02	1.922450E-03
4.413084E+03	6.317309E-02	1.947187E-03
4.422913E+03	6.411588E-02	1.972083E-03
4.432742E+03	6.506154E-02	1.996931E-03
4.442570E+03	6.600302E-02	2.021511E-03
4.452399E+03	6.693193E-02	2.045569E-03
4.462228E+03	6.784170E-02	2.068906E-03
4.472057E+03	6.872375E-02	2.091263E-03
4.481885E+03	6.957054E-02	2.112418E-03
4.491714E+03	7.037422E-02	2.132138E-03
4.501543E+03	7.112863E-02	2.150246E-03
4.511371E+03	7.182676E-02	2.166540E-03
4.521200E+03	7.246161E-02	2.180819E-03
4.531029E+03	7.302938E-02	2.192983E-03
4.540857E+03	7.352451E-02	2.202878E-03
4.550686E+03	7.394292E-02	2.210396E-03
4.560515E+03	7.428270E-02	2.215496E-03
4.570343E+03	7.454230E-02	2.218148E-03
4.580172E+03	7.471921E-02	2.218293E-03
4.590001E+03	7.481510E-02	2.215999E-03
4.599830E+03	7.483073E-02	2.211304E-03
4.609658E+03	7.476783E-02	2.204276E-03
4.619487E+03	7.462957E-02	2.195025E-03
4.629316E+03	7.441940E-02	2.183668E-03
4.639144E+03	7.414202E-02	2.170358E-03
4.648973E+03	7.380087E-02	2.155209E-03
4.658802E+03	7.340181E-02	2.138406E-03
4.668630E+03	7.295124E-02	2.120148E-03
4.678459E+03	7.245303E-02	2.100558E-03
4.688288E+03	7.191473E-02	2.079865E-03
4.698117E+03	7.134192E-02	2.058239E-03
4.707945E+03	7.074010E-02	2.035846E-03
4.717774E+03	7.011681E-02	2.012909E-03
4.727603E+03	6.947606E-02	1.989549E-03
4.737431E+03	6.882598E-02	1.966001E-03
4.747260E+03	6.817093E-02	1.942393E-03
4.757089E+03	6.751811E-02	1.918930E-03
4.766917E+03	6.687198E-02	1.895739E-03
4.776746E+03	6.623904E-02	1.873003E-03
4.786575E+03	6.562314E-02	1.850829E-03
4.796403E+03	6.502953E-02	1.829359E-03
4.806232E+03	6.446266E-02	1.808716E-03
4.816061E+03	6.392599E-02	1.788990E-03
4.825890E+03	6.342328E-02	1.770279E-03
4.835718E+03	6.295793E-02	1.752672E-03
4.845547E+03	6.253381E-02	1.736267E-03
4.855376E+03	6.215245E-02	1.721098E-03
4.865204E+03	6.181777E-02	1.707265E-03
4.875033E+03	6.153089E-02	1.694787E-03
4.884862E+03	6.129478E-02	1.683736E-03
4.894690E+03	6.111092E-02	1.674142E-03
4.904519E+03	6.098143E-02	1.666051E-03
4.914348E+03	6.090837E-02	1.659506E-03
4.924177E+03	6.089434E-02	1.654567E-03
4.934005E+03	6.094000E-02	1.651237E-03
4.943834E+03	6.104775E-02	1.649569E-03
4.953663E+03	6.121873E-02	1.649579E-03
4.963491E+03	6.145492E-02	1.651305E-03
4.973320E+03	6.175688E-02	1.654749E-03
4.983149E+03	6.212476E-02	1.659899E-03
4.992977E+03	6.255969E-02	1.666770E-03
5.002806E+03	6.306167E-02	1.675347E-03
5.012635E+03	6.362971E-02	1.685588E-03
5.022463E+03	6.426243E-02	1.697442E-03
5.032292E+03	6.495972E-02	1.710891E-03
5.042121E+03	6.571871E-02	1.725844E-03
5.051950E+03	6.653718E-02	1.742229E-03
5.061778E+03	6.741256E-02	1.759965E-03
5.071607E+03	6.834179E-02	1.778959E-03
5.081436E+03	6.932068E-02	1.799090E-03
5.091264E+03	7.034594E-02	1.820261E-03
5.101093E+03	7.141172E-02	1.842309E-03
5.110922E+03	7.251390E-02	1.865121E-03
5.120750E+03	7.364566E-02	1.888511E-03
5.130579E+03	7.480280E-02	1.912366E-03
5.140408E+03	7.597782E-02	1.936489E-03
5.150237E+03	7.716501E-02	1.960729E-03
5.160065E+03	7.835618E-02	1.984878E-03
5.169894E+03	7.954518E-02	2.008777E-03
5.179723E+03	8.072499E-02	2.032253E-03
5.189551E+03	8.188679E-02	2.055084E-03
5.199380E+03	8.302341E-02	2.077096E-03
5.209209E+03	8.412846E-02	2.098136E-03
5.219037E+03	8.519427E-02	2.118021E-03
5.228866E+03	8.621323E-02	2.136571E-03
5.238695E+03	8.717900E-02	2.153642E-03
5.248523E+03	8.808558E-02	2.169098E-03
5.258352E+03	8.892744E-02	2.182818E-03
5.268181E+03	8.969870E-02	2.194674E-03
5.278010E+03	9.039579E-02	2.204596E-03
5.287838E+03	9.101394E-02	2.212486E-03
5.297667E+03	9.155071E-02	2.218304E-03
5.307496E+03	9.200267E-02	2.221987E-03
5.317324E+03	9.236954E-02	2.223550E-03
5.327153E+03	9.265112E-02	2.223008E-03
5.336982E+03	9.284583E-02	2.220345E-03
5.346810E+03	9.295674E-02	2.215654E-03
5.356639E+03	9.298483E-02	2.208981E-03
5.366468E+03	9.292793E-02	2.200292E-03
5.376297E+03	9.279123E-02	2.189734E-03
5.386125E+03	9.257584E-02	2.177350E-03
5.395954E+03	9.228344E-02	2.163200E-03
5.405783E+03	9.191725E-02	2.147378E-03
5.415611E+03	9.147983E-02	2.129963E-03
5.425440E+03	9.097428E-02	2.111042E-03
5.435269E+03	9.040581E-02	2.090754E-03
5.445097E+03	8.977798E-02	2.069197E-03
5.454926E+03	8.909727E-02	2.046534E-03
5.464755E+03	8.836952E-02	2.022911E-03
5.474583E+03	8.759960E-02	1.998452E-03
5.484412E+03	8.679426E-02	1.973321E-03
5.494241E+03	8.595928E-02	1.947658E-03
5.504070E+03	8.510044E-02	1.921600E-03
5.513898E+03	8.422416E-02	1.895298E-03
5.523727E+03	8.333583E-02	1.868878E-03
5.533556E+03	8.244053E-02	1.842456E-03
5.543384E+03	8.154398E-02	1.816163E-03
5.553213E+03	8.065061E-02	1.790097E-03
5.563042E+03	7.976534E-02	1.764367E-03
5.572870E+03	7.889168E-02	1.739049E-03
5.582699E+03	7.803279E-02	1.714210E-03
5.592528E+03	7.719228E-02	1.689926E-03
5.602357E+03	7.637235E-02	1.666241E-03
5.612185E+03	7.557471E-02	1.643189E-03
5.622014E+03	7.480152E-02	1.620812E-03
5.631843E+03	7.405364E-02	1.599123E-03
5.641671E+03	7.333229E-02	1.578143E-03
5.651500E+03	7.263664E-02	1.557849E-03
5.661329E+03	7.196783E-02	1.538260E-03
5.671157E+03	7.132406E-02	1.519333E-03
5.680986E+03	7.070419E-02	1.501038E-03
5.690815E+03	7.010805E-02	1.483367E-03
5.700643E+03	6.953230E-02	1.466244E-03
5.710472E+03	6.897625E-02	1.449653E-03
5.720301E+03	6.843767E-02	1.433541E-03
5.730130E+03	6.791431E-02	1.417860E-03
5.739958E+03	6.740303E-02	1.402541E-03
5.749787E+03	6.690310E-02	1.387567E-03
5.759616E+03	6.641160E-02	1.372875E-03
5.769444E+03	6.592731E-02	1.358441E-03
5.779273E+03	6.544843E-02	1.344224E-03
5.789102E+03	6.497274E-02	1.330181E-03
5.798930E+03	6.449960E-02	1.316297E-03
5.808759E+03	6.402861E-02	1.302564E-03
5.818588E+03	6.355751E-02	1.288937E-03
5.828417E+03	6.308630E-02	1.275416E-03
5.838245E+03	6.261448E-02	1.261991E-03
5.848074E+03	6.214227E-02	1.248667E-03
5.857903E+03	6.166800E-02	1.235412E-03
5.867731E+03	6.119307E-02	1.222254E-03
5.877560E+03	6.071609E-02	1.209166E-03
5.887389E+03	6.023799E-02	1.196167E-03
5.897217E+03	5.975924E-02	1.183266E-03
5.907046E+03	5.928007E-02	1.170469E-03
5.916875E+03	5.880214E-02	1.157808E-03
5.926703E+03	5.832569E-02	1.145288E-03
5.936532E+03	5.785388E-02	1.132972E-03
5.946361E+03	5.738692E-02	1.120861E-03
5.956190E+03	5.692876E-02	1.109034E-03
5.966018E+03	5.648079E-02	1.097514E-03
5.975847E+03	5.604663E-02	1.086372E-03
5.985676E+03	5.562794E-02	1.075637E-03
5.995504E+03	5.522767E-02	1.065364E-03
6.005333E+03	5.484801E-02	1.055593E-03
6.015162E+03	5.449168E-02	1.046373E-03
6.024990E+03	5.415983E-02	1.037724E-03
6.034819E+03	5.385409E-02	1.029674E-03
6.044648E+03	5.357644E-02	1.022258E-03
6.054477E+03	5.332793E-02	1.015493E-03
6.064305E+03	5.310799E-02	1.009365E-03
6.074134E+03	5.291766E-02	1.003892E-03
6.083963E+03	5.275701E-02	9.990722E-04
6.093791E+03	5.262637E-02	9.949103E-04
6.103620E+03	5.252641E-02	9.914166E-04
6.113449E+03	5.245743E-02	9.885953E-04
6.123277E+03	5.242009E-02	9.864571E-04
6.133106E+03	5.241611E-02	9.850331E-04
6.142935E+03	5.244490E-02	9.843110E-04
6.152763E+03	5.250493E-02	9.842617E-04
6.162592E+03	5.259709E-02	9.849014E-04
6.172421E+03	5.271999E-02	9.862039E-04
6.182250E+03	5.287055E-02	9.881121E-04
6.192078E+03	5.304892E-02	9.906298E-04
6.201907E+03	5.325087E-02	9.936790E-04
6.211736E+03	5.347553E-02	9.972449E-04
6.221564E+03	5.371914E-02	1.001259E-03
6.231393E+03	5.397937E-02	1.005681E-03
6.241222E+03	5.425339E-02	1.010460E-03
6.251050E+03	5.453861E-02	1.015551E-03
6.260879E+03	5.483289E-02	1.020916E-03
6.270708E+03	5.513382E-02	1.026514E-03
6.280537E+03	5.543958E-02	1.032313E-03
6.290365E+03	5.575051E-02	1.038320E-03
6.300194E+03	5.606524E-02	1.044511E-03
6.310023E+03	5.638527E-02	1.050913E-03
6.319851E+03	5.671096E-02	1.057535E-03
6.329680E+03	5.704329E-02	1.064394E-03
6.339509E+03	5.738242E-02	1.071496E-03
6.349337E+03	5.772621E-02	1.078800E-03
6.359166E+03	5.807006E-02	1.086221E-03
6.368995E+03	5.841010E-02	1.093687E-03
6.378823E+03	5.874226E-02	1.101122E-03
6.388652E+03	5.906084E-02	1.108417E-03
6.398481E+03	5.936272E-02	1.115515E-03
6.408310E+03	5.964328E-02	1.122326E-03
6.418138E+03	5.989703E-02	1.128745E-03
6.427967E+03	6.012165E-02	1.134725E-03
6.437796E+03	6.031233E-02	1.140173E-03
6.447624E+03	6.046475E-02	1.145003E-03
6.457453E+03	6.057775E-02	1.149188E-03
6.467282E+03	6.064802E-02	1.152659E-03
6.477110E+03	6.067369E-02	1.155376E-03
6.486939E+03	6.065446E-02	1.157325E-03
6.496768E+03	6.058773E-02	1.158451E-03
6.506597E+03	6.047327E-02	1.158741E-03
6.516425E+03	6.031366E-02	1.158237E-03
6.526254E+03	6.010790E-02	1.156911E-03
6.536083E+03	5.985753E-02	1.154784E-03
6.545911E+03	5.956558E-02	1.151906E-03
6.555740E+03	5.923357E-02	1.148299E-03
6.565569E+03	5.886441E-02	1.144009E-03
6.575397E+03	5.846228E-02	1.139110E-03
6.585226E+03	5.802863E-02	1.133622E-03
6.595055E+03	5.756725E-02	1.127613E-03
6.604883E+03	5.708389E-02	1.121186E-03
6.614712E+03	5.658056E-02	1.114375E-03
6.624541E+03	5.606117E-02	1.107250E-03
6.634370E+03	5.553061E-02	1.099904E-03
6.644198E+03	5.499166E-02	1.092385E-03
6.654027E+03	5.444795E-02	1.084763E-03
6.663856E+03	5.390290E-02	1.077101E-03
6.673684E+03	5.335972E-02	1.069460E-03
6.683513E+03	5.282044E-02	1.061879E-03
6.693342E+03	5.228872E-02	1.054429E-03
6.703170E+03	5.176706E-02	1.047161E-03
6.712999E+03	5.125674E-02	1.040098E-03
6.722828E+03	5.076069E-02	1.033301E-03
6.732657E+03	5.027966E-02	1.026786E-03
6.742485E+03	4.981511E-02	1.020582E-03
6.752314E+03	4.936816E-02	1.014714E-03
6.762143E+03	4.893879E-02	1.009182E-03
6.771971E+03	4.852942E-02	1.004039E-03
6.781800E+03	4.813948E-02	9.992752E-04
6.791629E+03	4.776814E-02	9.948751E-04
6.801457E+03	4.741618E-02	9.908568E-04
6.811286E+03	4.708231E-02	9.871962E-04
6.821115E+03	4.676596E-02	9.838836E-04
6.830943E+03	4.646730E-02	9.809246E-04
6.840772E+03	4.618456E-02	9.782841E-04
6.850601E+03	4.591676E-02	9.759433E-04
6.860430E+03	4.566284E-02	9.738817E-04
6.870258E+03	4.542169E-02	9.720775E-04
6.880087E+03	4.519130E-02	9.704891E-04
6.889916E+03	4.497230E-02	9.691310E-04
6.899744E+03	4.476179E-02	9.679422E-04
6.909573E+03	4.455866E-02	9.668996E-04
6.919402E+03	4.436272E-02	9.659996E-04
6.929230E+03	4.417209E-02	9.652019E-04
6.939059E+03	4.398583E-02	9.644859E-04
6.948888E+03	4.380309E-02	9.638332E-04
6.958717E+03	4.362312E-02	9.632272E-04
6.968545E+03	4.344615E-02	9.626727E-04
6.978374E+03	4.326993E-02	9.621195E-04
6.988203E+03	4.309405E-02	9.615582E-04
6.998031E+03	4.291915E-02	9.610021E-04
7.007860E+03	4.274508E-02	9.604473E-04
7.017689E+03	4.257093E-02	9.598730E-04
7.027517E+03	4.239762E-02	9.592994E-04
7.037346E+03	4.222351E-02	9.586885E-04
7.047175E+03	4.205046E-02	9.580819E-04
7.057003E+03	4.187769E-02	9.574615E-04
7.066832E+03	4.170526E-02	9.568280E-04
7.076661E+03	4.153227E-02	9.561605E-04
7.086490E+03	4.136034E-02	9.554955E-04
7.096318E+03	4.118753E-02	9.547877E-04
7.106147E+03	4.101439E-02	9.540492E-04
7.115976E+03	4.083966E-02	9.532501E-04
7.125804E+03	4.066370E-02	9.523983E-04
7.135633E+03	4.048514E-02	9.514601E-04
7.145462E+03	4.030338E-02	9.504208E-04
7.155290E+03	4.011866E-02	9.492848E-04
7.165119E+03	3.992951E-02	9.480160E-04
7.174948E+03	3.973620E-02	9.466193E-04
7.184777E+03	3.953649E-02	9.450401E-04
7.194605E+03	3.933080E-02	9.432861E-04
7.204434E+03	3.911965E-02	9.413685E-04
7.214263E+03	3.890122E-02	9.392415E-04
7.224091E+03	3.867641E-02	9.369247E-04
7.233920E+03	3.844464E-02	9.344025E-04
7.243749E+03	3.820726E-02	9.317056E-04
7.253577E+03	3.796418E-02	9.288302E-04
7.263406E+03	3.771636E-02	9.257982E-04
7.273235E+03	3.746500E-02	9.226378E-04
7.283063E+03	3.721065E-02	9.193618E-04
7.292892E+03	3.695488E-02	9.160079E-04
7.302721E+03	3.669938E-02	9.126178E-04
7.312550E+03	3.644595E-02	9.092360E-04
7.322378E+03	3.619725E-02	9.059294E-04
7.332207E+03	3.595435E-02	9.027263E-04
7.342036E+03	3.572076E-02	8.997160E-04
7.351864E+03	3.549834E-02	8.969477E-04
7.361693E+03	3.528890E-02	8.944697E-04
7.371522E+03	3.509418E-02	8.923295E-04
7.381350E+03	3.491585E-02	8.905729E-04
7.391179E+03	3.475706E-02	8.892841E-04
7.401008E+03	3.461766E-02	8.884643E-04
7.410837E+03	3.449980E-02	8.881730E-04
7.420665E+03	3.440471E-02	8.884470E-04
7.430494E+03	3.433430E-02	8.893414E-04
7.440323E+03	3.428797E-02	8.908461E-04
7.450151E+03	3.426738E-02	8.930099E-04
7.459980E+03	3.427324E-02	8.958572E-04
7.469809E+03	3.430691E-02	8.994301E-04
7.479637E+03	3.436715E-02	9.037025E-04
7.489466E+03	3.445576E-02	9.087277E-04
7.499295E+03	3.457186E-02	9.144888E-04
7.509123E+03	3.471423E-02	9.209602E-04
7.518952E+03	3.488377E-02	9.281717E-04
7.528781E+03	3.507849E-02	9.360760E-04
7.538610E+03	3.529674E-02	9.446351E-04
7.548438E+03	3.553642E-02	9.537976E-04
7.558267E+03	3.579501E-02	9.635004E-04
7.568096E+03	3.606959E-02	9.736694E-04
7.577924E+03	3.635782E-02	9.842442E-04
7.587753E+03	3.665444E-02	9.950852E-04
7.597582E+03	3.695748E-02	1.006140E-03
7.607410E+03	3.726211E-02	1.017279E-03
7.617239E+03	3.756426E-02	1.028390E-03
7.627068E+03	3.785976E-02	1.039358E-03
7.636897E+03	3.814529E-02	1.050091E-03
7.646725E+03	3.841572E-02	1.060443E-03
7.656554E+03	3.866684E-02	1.070295E-03
7.666383E+03	3.889458E-02	1.079529E-03
7.676211E+03	3.909605E-02	1.088060E-03
7.686040E+03	3.926662E-02	1.095751E-03
7.695869E+03	3.940292E-02	1.102502E-03
7.705697E+03	3.950292E-02	1.108249E-03
7.715526E+03	3.956197E-02	1.112851E-03
7.725355E+03	3.957986E-02	1.116295E-03
7.735183E+03	3.955381E-02	1.118491E-03
7.745012E+03	3.948252E-02	1.119394E-03
7.754841E+03	3.936518E-02	1.118970E-03
7.764670E+03	3.920149E-02	1.117201E-03
7.774498E+03	3.899064E-02	1.114053E-03
7.784327E+03	3.873330E-02	1.109536E-03
7.794156E+03	3.843165E-02	1.103702E-03
7.803984E+03	3.808531E-02	1.096529E-03
7.813813E+03	3.769631E-02	1.088068E-03
7.823642E+03	3.726806E-02	1.078407E-03
7.833470E+03	3.680226E-02	1.067588E-03
7.843299E+03	3.630071E-02	1.055655E-03
7.853128E+03	3.576884E-02	1.042759E-03
7.862957E+03	3.520835E-02	1.028943E-03
7.872785E+03	3.462210E-02	1.014284E-03
7.882614E+03	3.401412E-02	9.988974E-04
7.892443E+03	3.338856E-02	9.828990E-04
7.902271E+03	3.274705E-02	9.663346E-04
7.912100E+03	3.209581E-02	9.493846E-04
7.921929E+03	3.143586E-02	9.320777E-04
7.931757E+03	3.077349E-02	9.145991E-04
7.941586E+03	3.011065E-02	8.970074E-04
7.951415E+03	2.945263E-02	8.794600E-04
7.961243E+03	2.880132E-02	8.620154E-04
7.971072E+03	2.816012E-02	8.447773E-04
7.980901E+03	2.753378E-02	8.278911E-04
7.990730E+03	2.692375E-02	8.114037E-04
8.000558E+03	2.633354E-02	7.954248E-04
8.010387E+03	2.576492E-02	7.800128E-04
8.020216E+03	2.522088E-02	7.652631E-04
8.030044E+03	2.470275E-02	7.512213E-04
8.039873E+03	2.421300E-02	7.379684E-04
8.049702E+03	2.375250E-02	7.255372E-04
8.059530E+03	2.332262E-02	7.139756E-04
8.069359E+03	2.292516E-02	7.033455E-04
8.079188E+03	2.255981E-02	6.936439E-04
8.089017E+03	2.222866E-02	6.849421E-04
8.098845E+03	2.193113E-02	6.772291E-04
8.108674E+03	2.166899E-02	6.705667E-04
8.118503E+03	2.144144E-02	6.649371E-04
8.128331E+03	2.125000E-02	6.603948E-04
8.138160E+03	2.109367E-02	6.569157E-04
8.147989E+03	2.097257E-02	6.545102E-04
8.157817E+03	2.088730E-02	6.532048E-04
8.167646E+03	2.083781E-02	6.530040E-04
8.177475E+03	2.082333E-02	6.538914E-04
8.187303E+03	2.084424E-02	6.558853E-04
8.197132E+03	2.089966E-02	6.589647E-04
8.206961E+03	2.098923E-02	6.631250E-04
8.216790E+03	2.111316E-02	6.683792E-04
8.226618E+03	2.127039E-02	6.746998E-04
8.236447E+03	2.146039E-02	6.820767E-04
8.246276E+03	2.168259E-02	6.904976E-04
8.256104E+03	2.193570E-02	6.999271E-04
8.265933E+03	2.222027E-02	7.103883E-04
8.275762E+03	2.253485E-02	7.218403E-04
8.285590E+03	2.287852E-02	7.342592E-04
8.295419E+03	2.324956E-02	7.475949E-04
8.305248E+03	2.364750E-02	7.618366E-04
8.315077E+03	2.407034E-02	7.769245E-04
8.324905E+03	2.451735E-02	7.928392E-04
8.334734E+03	2.498696E-02	8.095342E-04
8.344563E+03	2.547671E-02	8.269331E-04
8.354391E+03	2.598469E-02	8.449769E-04
8.364220E+03	2.650964E-02	8.636275E-04
8.374049E+03	2.704776E-02	8.827638E-04
8.383877E+03	2.759830E-02	9.023629E-04
8.393706E+03	2.815796E-02	9.223189E-04
8.403535E+03	2.872412E-02	9.425464E-04
8.413363E+03	2.929403E-02	9.629559E-04
8.423192E+03	2.986484E-02	9.834541E-04
8.433021E+03	3.043273E-02	1.003914E-03
8.442850E+03	3.099562E-02	1.024267E-03
8.452678E+03	3.155054E-02	1.044412E-03
8.462507E+03	3.209353E-02	1.064218E-03
8.472336E+03	3.262160E-02	1.083581E-03
8.482164E+03	3.313282E-02	1.102435E-03
8.491993E+03	3.362335E-02	1.120649E-03
8.501822E+03	3.409046E-02	1.138128E-03
8.511650E+03	3.453157E-02	1.154780E-03
8.521479E+03	3.494427E-02	1.170521E-03
8.531308E+03	3.532532E-02	1.185236E-03
8.541137E+03	3.567498E-02	1.198930E-03
8.550965E+03	3.598831E-02	1.211430E-03
8.560794E+03	3.626734E-02	1.222798E-03
8.570623E+03	3.650769E-02	1.232882E-03
8.580451E+03	3.670984E-02	1.241690E-03
8.590280E+03	3.687467E-02	1.249246E-03
8.600109E+03	3.699993E-02	1.255467E-03
8.609937E+03	3.708721E-02	1.260402E-03
8.619766E+03	3.713611E-02	1.264030E-03
8.629595E+03	3.714774E-02	1.266384E-03
8.639423E+03	3.712353E-02	1.267505E-03
8.649252E+03	3.706396E-02	1.267406E-03
8.659081E+03	3.697218E-02	1.266188E-03
8.668910E+03	3.684914E-02	1.263878E-03
8.678738E+03	3.669713E-02	1.260552E-03
8.688567E+03	3.651734E-02	1.256245E-03
8.698396E+03	3.631228E-02	1.251040E-03
8.708224E+03	3.608568E-02	1.245061E-03
8.718053E+03	3.584007E-02	1.238394E-03
8.727882E+03	3.557915E-02	1.231164E-03
8.737710E+03	3.530534E-02	1.223451E-03
8.747539E+03	3.502216E-02	1.215378E-03
8.757368E+03	3.473179E-02	1.207018E-03
8.767197E+03	3.443628E-02	1.198442E-03
8.777025E+03	3.413753E-02	1.189714E-03
8.786854E+03	3.383965E-02	1.180981E-03
8.796683E+03	3.354178E-02	1.172210E-03
8.806511E+03	3.324769E-02	1.163534E-03
8.816340E+03	3.295854E-02	1.154995E-03
8.826169E+03	3.267535E-02	1.146629E-03
8.835997E+03	3.239773E-02	1.138424E-03
8.845826E+03	3.212874E-02	1.130488E-03
8.885141E+03	3.113817E-02	1.101437E-03
8.924456E+03	3.029812E-02	1.077252E-03
8.963770E+03	2.960003E-02	1.057720E-03
9.003085E+03	2.902190E-02	1.042137E-03
9.042400E+03	2.853308E-02	1.029468E-03
9.081715E+03	2.809693E-02	1.018437E-03
9.121030E+03	2.769568E-02	1.008429E-03
9.160344E+03	2.732351E-02	9.992549E-04
9.199659E+03	2.699074E-02	9.913129E-04
9.238974E+03	2.670004E-02	9.847246E-04
9.278289E+03	2.644551E-02	9.792958E-04
9.317603E+03	2.621115E-02	9.744514E-04
9.356918E+03	2.597800E-02	9.694962E-04
9.396233E+03	2.573309E-02	9.639495E-04
9.435548E+03	2.546093E-02	9.572267E-04
9.474863E+03	2.515326E-02	9.490094E-04
9.514177E+03	2.481225E-02	9.393703E-04
9.553492E+03	2.444161E-02	9.284412E-04
9.592807E+03	2.404387E-02	9.163122E-04
9.632122E+03	2.362436E-02	9.031820E-04
9.671437E+03	2.318451E-02	8.891022E-04
9.710751E+03	2.273077E-02	8.743192E-04
9.750066E+03	2.226427E-02	8.588768E-04
9.789381E+03	2.178784E-02	8.428849E-04
9.828696E+03	2.130603E-02	8.265223E-04
9.868010E+03	2.081963E-02	8.098226E-04
9.907325E+03	2.033098E-02	7.928807E-04
9.946640E+03	1.984582E-02	7.759253E-04
9.985955E+03	1.936219E-02	7.588852E-04
1.002527E+04	1.888329E-02	7.418915E-04
1.006458E+04	1.841201E-02	7.250633E-04
1.010390E+04	1.794905E-02	7.084351E-04
1.014321E+04	1.749485E-02	6.920302E-04
