#wls	flux	fluxerr
1.581966E+03	2.414928E-03	0.000000E+00
1.621515E+03	2.474825E-03	0.000000E+00
1.661064E+03	2.536654E-03	0.000000E+00
1.700613E+03	2.600204E-03	0.000000E+00
1.740162E+03	2.665455E-03	0.000000E+00
1.779711E+03	2.732562E-03	0.000000E+00
1.819260E+03	2.800713E-03	0.000000E+00
1.858810E+03	2.870186E-03	0.000000E+00
1.898359E+03	2.940524E-03	0.000000E+00
1.937908E+03	3.011225E-03	0.000000E+00
1.977457E+03	3.081531E-03	0.000000E+00
2.017006E+03	3.150878E-03	0.000000E+00
2.056555E+03	3.218271E-03	0.000000E+00
2.096104E+03	3.282321E-03	0.000000E+00
2.135654E+03	3.342297E-03	0.000000E+00
2.175203E+03	3.396722E-03	0.000000E+00
2.214752E+03	3.444427E-03	0.000000E+00
2.254301E+03	3.484698E-03	0.000000E+00
2.293850E+03	3.517249E-03	0.000000E+00
2.333399E+03	3.542329E-03	0.000000E+00
2.372948E+03	3.560327E-03	0.000000E+00
2.412498E+03	3.571578E-03	0.000000E+00
2.452047E+03	3.576816E-03	0.000000E+00
2.491596E+03	3.576228E-03	0.000000E+00
2.531145E+03	3.570232E-03	0.000000E+00
2.570694E+03	3.558760E-03	0.000000E+00
2.610243E+03	3.541861E-03	0.000000E+00
2.649792E+03	3.519311E-03	0.000000E+00
2.689342E+03	3.490901E-03	0.000000E+00
2.728891E+03	3.456442E-03	0.000000E+00
2.768440E+03	3.415668E-03	0.000000E+00
2.807989E+03	3.368344E-03	0.000000E+00
2.847538E+03	3.314456E-03	0.000000E+00
2.887087E+03	3.253816E-03	0.000000E+00
2.926636E+03	3.186666E-03	0.000000E+00
2.966185E+03	3.113003E-03	0.000000E+00
2.976073E+03	3.093680E-03	0.000000E+00
2.985960E+03	3.073920E-03	0.000000E+00
2.995847E+03	3.053724E-03	0.000000E+00
3.005735E+03	3.033227E-03	0.000000E+00
3.015622E+03	3.012358E-03	0.000000E+00
3.025509E+03	2.991118E-03	0.000000E+00
3.035396E+03	2.969571E-03	0.000000E+00
3.045284E+03	2.947653E-03	0.000000E+00
3.055171E+03	2.925367E-03	0.000000E+00
3.065058E+03	2.902839E-03	0.000000E+00
3.074946E+03	2.879952E-03	0.000000E+00
3.084833E+03	2.856774E-03	0.000000E+00
3.094720E+03	2.833252E-03	0.000000E+00
3.104607E+03	2.809569E-03	0.000000E+00
3.114495E+03	2.785564E-03	0.000000E+00
3.124382E+03	2.761306E-03	0.000000E+00
3.134269E+03	2.736867E-03	0.000000E+00
3.144157E+03	2.712255E-03	0.000000E+00
3.154044E+03	2.687390E-03	0.000000E+00
3.163931E+03	2.662444E-03	0.000000E+00
3.173818E+03	2.637335E-03	0.000000E+00
3.183706E+03	2.612140E-03	0.000000E+00
3.193593E+03	2.586836E-03	0.000000E+00
3.203480E+03	2.561500E-03	0.000000E+00
3.213368E+03	2.536160E-03	0.000000E+00
3.223255E+03	2.510847E-03	0.000000E+00
3.233142E+03	2.485553E-03	0.000000E+00
3.243029E+03	2.460358E-03	0.000000E+00
3.252917E+03	2.435295E-03	0.000000E+00
3.262804E+03	2.410353E-03	0.000000E+00
3.272691E+03	2.385607E-03	0.000000E+00
3.282579E+03	2.361046E-03	0.000000E+00
3.292466E+03	2.336728E-03	0.000000E+00
3.302353E+03	2.312642E-03	0.000000E+00
3.312240E+03	2.288808E-03	0.000000E+00
3.322128E+03	2.265244E-03	0.000000E+00
3.332015E+03	2.241970E-03	0.000000E+00
3.341902E+03	2.219000E-03	0.000000E+00
3.351790E+03	2.196322E-03	0.000000E+00
3.361677E+03	2.173985E-03	0.000000E+00
3.371564E+03	2.151936E-03	0.000000E+00
3.381451E+03	2.130250E-03	0.000000E+00
3.391339E+03	2.108869E-03	0.000000E+00
3.401226E+03	2.087796E-03	0.000000E+00
3.411113E+03	2.067025E-03	0.000000E+00
3.421001E+03	2.046517E-03	0.000000E+00
3.430888E+03	2.026284E-03	0.000000E+00
3.440775E+03	2.006278E-03	0.000000E+00
3.450662E+03	1.986452E-03	0.000000E+00
3.460550E+03	1.966786E-03	0.000000E+00
3.470437E+03	1.947234E-03	0.000000E+00
3.480324E+03	1.927806E-03	0.000000E+00
3.490212E+03	1.908421E-03	0.000000E+00
3.500099E+03	1.889104E-03	0.000000E+00
3.509986E+03	1.869839E-03	0.000000E+00
3.519873E+03	1.850648E-03	0.000000E+00
3.529761E+03	1.831514E-03	0.000000E+00
3.539648E+03	1.812459E-03	0.000000E+00
3.549535E+03	1.793557E-03	0.000000E+00
3.559423E+03	1.774805E-03	0.000000E+00
3.569310E+03	1.756294E-03	0.000000E+00
3.579197E+03	1.738077E-03	0.000000E+00
3.589084E+03	1.720190E-03	0.000000E+00
3.598972E+03	1.702693E-03	0.000000E+00
3.608859E+03	1.685661E-03	0.000000E+00
3.618746E+03	1.669130E-03	0.000000E+00
3.628634E+03	1.653187E-03	0.000000E+00
3.638521E+03	1.637839E-03	0.000000E+00
3.648408E+03	1.623142E-03	0.000000E+00
3.658295E+03	1.609125E-03	0.000000E+00
3.668183E+03	1.595827E-03	0.000000E+00
3.678070E+03	1.583242E-03	0.000000E+00
3.687957E+03	1.571392E-03	0.000000E+00
3.697845E+03	1.560271E-03	0.000000E+00
3.707732E+03	1.549883E-03	0.000000E+00
3.717619E+03	1.540210E-03	0.000000E+00
3.727506E+03	1.531241E-03	0.000000E+00
3.737394E+03	1.522946E-03	0.000000E+00
3.747281E+03	1.515288E-03	0.000000E+00
3.757168E+03	1.508272E-03	0.000000E+00
3.767056E+03	1.501823E-03	0.000000E+00
3.776943E+03	1.495923E-03	0.000000E+00
3.786830E+03	1.490548E-03	0.000000E+00
3.796717E+03	1.485631E-03	0.000000E+00
3.806605E+03	1.481131E-03	0.000000E+00
3.816492E+03	1.477021E-03	0.000000E+00
3.826379E+03	1.473260E-03	0.000000E+00
3.836267E+03	1.469804E-03	0.000000E+00
3.846154E+03	1.466597E-03	0.000000E+00
3.856041E+03	1.463609E-03	0.000000E+00
3.865928E+03	1.460794E-03	0.000000E+00
3.875816E+03	1.458105E-03	0.000000E+00
3.885703E+03	1.455492E-03	0.000000E+00
3.895590E+03	1.452902E-03	0.000000E+00
3.905478E+03	1.450291E-03	0.000000E+00
3.915365E+03	1.447597E-03	0.000000E+00
3.925252E+03	1.444742E-03	0.000000E+00
3.935139E+03	1.441685E-03	0.000000E+00
3.945027E+03	1.438343E-03	0.000000E+00
3.954914E+03	1.434661E-03	0.000000E+00
3.964801E+03	1.430573E-03	0.000000E+00
3.974689E+03	1.426008E-03	0.000000E+00
3.984576E+03	1.420938E-03	0.000000E+00
3.994463E+03	1.415309E-03	0.000000E+00
4.004350E+03	1.409104E-03	0.000000E+00
4.014238E+03	1.402308E-03	0.000000E+00
4.024125E+03	1.394919E-03	0.000000E+00
4.034012E+03	1.386952E-03	0.000000E+00
4.043900E+03	1.378446E-03	0.000000E+00
4.053787E+03	1.369432E-03	0.000000E+00
4.063674E+03	1.359963E-03	0.000000E+00
4.073561E+03	1.350129E-03	0.000000E+00
4.083449E+03	1.339977E-03	0.000000E+00
4.093336E+03	1.329597E-03	0.000000E+00
4.103223E+03	1.319072E-03	0.000000E+00
4.113111E+03	1.308485E-03	0.000000E+00
4.122998E+03	1.297921E-03	0.000000E+00
4.132885E+03	1.287461E-03	0.000000E+00
4.142772E+03	1.277182E-03	0.000000E+00
4.152660E+03	1.267153E-03	0.000000E+00
4.162547E+03	1.257436E-03	0.000000E+00
4.172434E+03	1.248078E-03	0.000000E+00
4.182322E+03	1.239106E-03	0.000000E+00
4.192209E+03	1.230543E-03	0.000000E+00
4.202096E+03	1.222409E-03	0.000000E+00
4.211983E+03	1.214699E-03	0.000000E+00
4.221871E+03	1.207376E-03	0.000000E+00
4.231758E+03	1.200422E-03	0.000000E+00
4.241645E+03	1.193801E-03	0.000000E+00
4.251533E+03	1.187468E-03	0.000000E+00
4.261420E+03	1.181371E-03	0.000000E+00
4.271307E+03	1.175445E-03	0.000000E+00
4.281194E+03	1.169650E-03	0.000000E+00
4.291082E+03	1.163906E-03	0.000000E+00
4.300969E+03	1.158174E-03	0.000000E+00
4.310856E+03	1.152398E-03	0.000000E+00
4.320744E+03	1.146537E-03	0.000000E+00
4.330631E+03	1.140549E-03	0.000000E+00
4.340518E+03	1.134411E-03	0.000000E+00
4.350405E+03	1.128102E-03	0.000000E+00
4.360293E+03	1.121635E-03	0.000000E+00
4.370180E+03	1.115012E-03	0.000000E+00
4.380067E+03	1.108250E-03	0.000000E+00
4.389955E+03	1.101394E-03	0.000000E+00
4.399842E+03	1.094479E-03	0.000000E+00
4.409729E+03	1.087557E-03	0.000000E+00
4.419616E+03	1.080691E-03	0.000000E+00
4.429504E+03	1.073921E-03	0.000000E+00
4.439391E+03	1.067313E-03	0.000000E+00
4.449278E+03	1.060921E-03	0.000000E+00
4.459166E+03	1.054782E-03	0.000000E+00
4.469053E+03	1.048941E-03	0.000000E+00
4.478940E+03	1.043433E-03	0.000000E+00
4.488827E+03	1.038288E-03	0.000000E+00
4.498715E+03	1.033532E-03	0.000000E+00
4.508602E+03	1.029174E-03	0.000000E+00
4.518489E+03	1.025218E-03	0.000000E+00
4.528377E+03	1.021689E-03	0.000000E+00
4.538264E+03	1.018560E-03	0.000000E+00
4.548151E+03	1.015803E-03	0.000000E+00
4.558038E+03	1.013393E-03	0.000000E+00
4.567926E+03	1.011280E-03	0.000000E+00
4.577813E+03	1.009370E-03	0.000000E+00
4.587700E+03	1.007618E-03	0.000000E+00
4.597588E+03	1.005899E-03	0.000000E+00
4.607475E+03	1.004144E-03	0.000000E+00
4.617362E+03	1.002253E-03	0.000000E+00
4.627249E+03	1.000129E-03	0.000000E+00
4.637137E+03	9.976802E-04	0.000000E+00
4.647024E+03	9.948233E-04	0.000000E+00
4.656911E+03	9.915042E-04	0.000000E+00
4.666798E+03	9.876530E-04	0.000000E+00
4.676686E+03	9.832258E-04	0.000000E+00
4.686573E+03	9.782087E-04	0.000000E+00
4.696460E+03	9.725832E-04	0.000000E+00
4.706348E+03	9.664065E-04	0.000000E+00
4.716235E+03	9.597047E-04	0.000000E+00
4.726122E+03	9.525764E-04	0.000000E+00
4.736009E+03	9.451200E-04	0.000000E+00
4.745897E+03	9.374284E-04	0.000000E+00
4.755784E+03	9.296284E-04	0.000000E+00
4.765671E+03	9.218459E-04	0.000000E+00
4.775559E+03	9.141723E-04	0.000000E+00
4.785446E+03	9.067161E-04	0.000000E+00
4.795333E+03	8.995624E-04	0.000000E+00
4.805220E+03	8.927716E-04	0.000000E+00
4.815108E+03	8.863968E-04	0.000000E+00
4.824995E+03	8.804838E-04	0.000000E+00
4.834882E+03	8.750445E-04	0.000000E+00
4.844770E+03	8.700957E-04	0.000000E+00
4.854657E+03	8.656161E-04	0.000000E+00
4.864544E+03	8.616018E-04	0.000000E+00
4.874431E+03	8.580339E-04	0.000000E+00
4.884319E+03	8.548817E-04	0.000000E+00
4.894206E+03	8.521308E-04	0.000000E+00
4.904093E+03	8.497515E-04	0.000000E+00
4.913981E+03	8.477331E-04	0.000000E+00
4.923868E+03	8.460502E-04	0.000000E+00
4.933755E+03	8.446872E-04	0.000000E+00
4.943642E+03	8.436180E-04	0.000000E+00
4.953530E+03	8.428382E-04	0.000000E+00
4.963417E+03	8.423036E-04	0.000000E+00
4.973304E+03	8.419809E-04	0.000000E+00
4.983192E+03	8.418390E-04	0.000000E+00
4.993079E+03	8.418258E-04	0.000000E+00
5.002966E+03	8.418959E-04	0.000000E+00
5.012853E+03	8.420052E-04	0.000000E+00
5.022741E+03	8.421125E-04	0.000000E+00
5.032628E+03	8.421751E-04	0.000000E+00
5.042515E+03	8.421673E-04	0.000000E+00
5.052403E+03	8.420801E-04	0.000000E+00
5.062290E+03	8.418889E-04	0.000000E+00
5.072177E+03	8.416109E-04	0.000000E+00
5.082064E+03	8.412269E-04	0.000000E+00
5.091952E+03	8.407647E-04	0.000000E+00
5.101839E+03	8.402290E-04	0.000000E+00
5.111726E+03	8.396349E-04	0.000000E+00
5.121614E+03	8.389974E-04	0.000000E+00
5.131501E+03	8.383233E-04	0.000000E+00
5.141388E+03	8.376257E-04	0.000000E+00
5.151275E+03	8.369077E-04	0.000000E+00
5.161163E+03	8.361942E-04	0.000000E+00
5.171050E+03	8.354634E-04	0.000000E+00
5.180937E+03	8.347217E-04	0.000000E+00
5.190825E+03	8.339615E-04	0.000000E+00
5.200712E+03	8.331675E-04	0.000000E+00
5.210599E+03	8.323010E-04	0.000000E+00
5.220486E+03	8.313415E-04	0.000000E+00
5.230374E+03	8.302458E-04	0.000000E+00
5.240261E+03	8.289751E-04	0.000000E+00
5.250148E+03	8.274796E-04	0.000000E+00
5.260036E+03	8.257271E-04	0.000000E+00
5.269923E+03	8.236629E-04	0.000000E+00
5.279810E+03	8.212550E-04	0.000000E+00
5.289697E+03	8.184707E-04	0.000000E+00
5.299585E+03	8.153030E-04	0.000000E+00
5.309472E+03	8.117231E-04	0.000000E+00
5.319359E+03	8.077465E-04	0.000000E+00
5.329247E+03	8.033826E-04	0.000000E+00
5.339134E+03	7.986515E-04	0.000000E+00
5.349021E+03	7.935670E-04	0.000000E+00
5.358908E+03	7.881656E-04	0.000000E+00
5.368796E+03	7.824897E-04	0.000000E+00
5.378683E+03	7.765534E-04	0.000000E+00
5.388570E+03	7.704033E-04	0.000000E+00
5.398458E+03	7.640628E-04	0.000000E+00
5.408345E+03	7.575698E-04	0.000000E+00
5.418232E+03	7.509982E-04	0.000000E+00
5.428119E+03	7.443891E-04	0.000000E+00
5.438007E+03	7.378115E-04	0.000000E+00
5.447894E+03	7.313185E-04	0.000000E+00
5.457781E+03	7.249834E-04	0.000000E+00
5.467669E+03	7.188416E-04	0.000000E+00
5.477556E+03	7.129503E-04	0.000000E+00
5.487443E+03	7.073516E-04	0.000000E+00
5.497330E+03	7.021094E-04	0.000000E+00
5.507218E+03	6.972579E-04	0.000000E+00
5.517105E+03	6.928455E-04	0.000000E+00
5.526992E+03	6.889110E-04	0.000000E+00
5.536880E+03	6.855037E-04	0.000000E+00
5.546767E+03	6.826452E-04	0.000000E+00
5.556654E+03	6.803625E-04	0.000000E+00
5.566541E+03	6.786707E-04	0.000000E+00
5.576429E+03	6.775640E-04	0.000000E+00
5.586316E+03	6.770276E-04	0.000000E+00
5.596203E+03	6.770174E-04	0.000000E+00
5.606091E+03	6.774875E-04	0.000000E+00
5.615978E+03	6.783793E-04	0.000000E+00
5.625865E+03	6.796164E-04	0.000000E+00
5.635752E+03	6.811146E-04	0.000000E+00
5.645640E+03	6.827837E-04	0.000000E+00
5.655527E+03	6.845452E-04	0.000000E+00
5.665414E+03	6.862907E-04	0.000000E+00
5.675302E+03	6.879418E-04	0.000000E+00
5.685189E+03	6.894096E-04	0.000000E+00
5.695076E+03	6.906028E-04	0.000000E+00
5.704963E+03	6.914537E-04	0.000000E+00
5.714851E+03	6.919051E-04	0.000000E+00
5.724738E+03	6.918970E-04	0.000000E+00
5.734625E+03	6.913918E-04	0.000000E+00
5.744513E+03	6.903821E-04	0.000000E+00
5.754400E+03	6.888447E-04	0.000000E+00
5.764287E+03	6.867931E-04	0.000000E+00
5.774174E+03	6.842446E-04	0.000000E+00
5.784062E+03	6.812248E-04	0.000000E+00
5.793949E+03	6.777719E-04	0.000000E+00
5.803836E+03	6.739040E-04	0.000000E+00
5.813724E+03	6.696688E-04	0.000000E+00
5.823611E+03	6.650891E-04	0.000000E+00
5.833498E+03	6.601917E-04	0.000000E+00
5.843385E+03	6.549995E-04	0.000000E+00
5.853273E+03	6.495327E-04	0.000000E+00
5.863160E+03	6.438182E-04	0.000000E+00
5.873047E+03	6.378608E-04	0.000000E+00
5.882935E+03	6.316835E-04	0.000000E+00
5.892822E+03	6.253208E-04	0.000000E+00
5.902709E+03	6.188065E-04	0.000000E+00
5.912596E+03	6.121668E-04	0.000000E+00
5.922484E+03	6.054635E-04	0.000000E+00
5.932371E+03	5.987296E-04	0.000000E+00
5.942258E+03	5.920445E-04	0.000000E+00
5.952146E+03	5.854482E-04	0.000000E+00
5.962033E+03	5.790016E-04	0.000000E+00
5.971920E+03	5.727693E-04	0.000000E+00
5.981807E+03	5.667983E-04	0.000000E+00
5.991695E+03	5.611356E-04	0.000000E+00
6.001582E+03	5.558079E-04	0.000000E+00
6.011469E+03	5.508625E-04	0.000000E+00
6.021357E+03	5.463063E-04	0.000000E+00
6.031244E+03	5.421739E-04	0.000000E+00
6.041131E+03	5.384752E-04	0.000000E+00
6.051018E+03	5.352151E-04	0.000000E+00
6.060906E+03	5.324007E-04	0.000000E+00
6.070793E+03	5.300418E-04	0.000000E+00
6.080680E+03	5.281310E-04	0.000000E+00
6.090568E+03	5.266630E-04	0.000000E+00
6.100455E+03	5.256425E-04	0.000000E+00
6.110342E+03	5.250440E-04	0.000000E+00
6.120229E+03	5.248579E-04	0.000000E+00
6.130117E+03	5.250721E-04	0.000000E+00
6.140004E+03	5.256711E-04	0.000000E+00
6.149891E+03	5.266236E-04	0.000000E+00
6.159779E+03	5.279039E-04	0.000000E+00
6.169666E+03	5.294918E-04	0.000000E+00
6.179553E+03	5.313534E-04	0.000000E+00
6.189440E+03	5.334698E-04	0.000000E+00
6.199328E+03	5.358172E-04	0.000000E+00
6.209215E+03	5.383813E-04	0.000000E+00
6.219102E+03	5.411436E-04	0.000000E+00
6.228990E+03	5.440888E-04	0.000000E+00
6.238877E+03	5.472119E-04	0.000000E+00
6.248764E+03	5.505115E-04	0.000000E+00
6.258651E+03	5.539727E-04	0.000000E+00
6.268539E+03	5.575979E-04	0.000000E+00
6.278426E+03	5.613907E-04	0.000000E+00
6.288313E+03	5.653399E-04	0.000000E+00
6.298201E+03	5.694572E-04	0.000000E+00
6.308088E+03	5.737378E-04	0.000000E+00
6.317975E+03	5.781760E-04	0.000000E+00
6.327862E+03	5.827629E-04	0.000000E+00
6.337750E+03	5.875053E-04	0.000000E+00
6.347637E+03	5.923808E-04	0.000000E+00
6.357524E+03	5.973898E-04	0.000000E+00
6.367412E+03	6.025124E-04	0.000000E+00
6.377299E+03	6.077243E-04	0.000000E+00
6.387186E+03	6.130066E-04	0.000000E+00
6.397073E+03	6.183286E-04	0.000000E+00
6.406961E+03	6.236658E-04	0.000000E+00
6.416848E+03	6.289648E-04	0.000000E+00
6.426735E+03	6.342088E-04	0.000000E+00
6.436623E+03	6.393620E-04	0.000000E+00
6.446510E+03	6.443800E-04	0.000000E+00
6.456397E+03	6.492379E-04	0.000000E+00
6.466284E+03	6.539021E-04	0.000000E+00
6.476172E+03	6.583386E-04	0.000000E+00
6.486059E+03	6.625136E-04	0.000000E+00
6.495946E+03	6.664025E-04	0.000000E+00
6.505833E+03	6.699587E-04	0.000000E+00
6.515721E+03	6.731449E-04	0.000000E+00
6.525608E+03	6.759352E-04	0.000000E+00
6.535495E+03	6.782948E-04	0.000000E+00
6.545383E+03	6.801802E-04	0.000000E+00
6.555270E+03	6.815758E-04	0.000000E+00
6.565157E+03	6.824489E-04	0.000000E+00
6.575044E+03	6.828084E-04	0.000000E+00
6.584932E+03	6.826241E-04	0.000000E+00
6.594819E+03	6.818959E-04	0.000000E+00
6.604706E+03	6.806426E-04	0.000000E+00
6.614594E+03	6.788771E-04	0.000000E+00
6.624481E+03	6.766057E-04	0.000000E+00
6.634368E+03	6.738501E-04	0.000000E+00
6.644255E+03	6.706473E-04	0.000000E+00
6.654143E+03	6.670121E-04	0.000000E+00
6.664030E+03	6.629845E-04	0.000000E+00
6.673917E+03	6.585712E-04	0.000000E+00
6.683805E+03	6.538282E-04	0.000000E+00
6.693692E+03	6.487674E-04	0.000000E+00
6.703579E+03	6.434507E-04	0.000000E+00
6.713466E+03	6.378968E-04	0.000000E+00
6.723354E+03	6.321623E-04	0.000000E+00
6.733241E+03	6.262938E-04	0.000000E+00
6.743128E+03	6.203290E-04	0.000000E+00
6.753016E+03	6.143282E-04	0.000000E+00
6.762903E+03	6.083281E-04	0.000000E+00
6.772790E+03	6.023859E-04	0.000000E+00
6.782677E+03	5.965219E-04	0.000000E+00
6.792565E+03	5.907965E-04	0.000000E+00
6.802452E+03	5.852313E-04	0.000000E+00
6.812339E+03	5.798533E-04	0.000000E+00
6.822227E+03	5.746737E-04	0.000000E+00
6.832114E+03	5.697311E-04	0.000000E+00
6.842001E+03	5.650057E-04	0.000000E+00
6.851888E+03	5.605392E-04	0.000000E+00
6.861776E+03	5.563152E-04	0.000000E+00
6.871663E+03	5.523360E-04	0.000000E+00
6.881550E+03	5.486117E-04	0.000000E+00
6.891438E+03	5.451275E-04	0.000000E+00
6.901325E+03	5.418763E-04	0.000000E+00
6.911212E+03	5.388486E-04	0.000000E+00
6.921099E+03	5.360323E-04	0.000000E+00
6.930987E+03	5.334127E-04	0.000000E+00
6.940874E+03	5.309632E-04	0.000000E+00
6.950761E+03	5.286871E-04	0.000000E+00
6.960649E+03	5.265335E-04	0.000000E+00
6.970536E+03	5.245139E-04	0.000000E+00
6.980423E+03	5.225758E-04	0.000000E+00
6.990310E+03	5.207193E-04	0.000000E+00
7.000198E+03	5.189133E-04	0.000000E+00
7.010085E+03	5.171382E-04	0.000000E+00
7.019972E+03	5.153865E-04	0.000000E+00
7.029860E+03	5.136212E-04	0.000000E+00
7.039747E+03	5.118397E-04	0.000000E+00
7.049634E+03	5.100205E-04	0.000000E+00
7.059521E+03	5.081657E-04	0.000000E+00
7.069409E+03	5.062698E-04	0.000000E+00
7.079296E+03	5.043189E-04	0.000000E+00
7.089183E+03	5.023219E-04	0.000000E+00
7.099071E+03	5.002590E-04	0.000000E+00
7.108958E+03	4.981525E-04	0.000000E+00
7.118845E+03	4.959952E-04	0.000000E+00
7.128732E+03	4.937820E-04	0.000000E+00
7.138620E+03	4.915280E-04	0.000000E+00
7.148507E+03	4.892398E-04	0.000000E+00
7.158394E+03	4.869139E-04	0.000000E+00
7.168282E+03	4.845571E-04	0.000000E+00
7.178169E+03	4.821755E-04	0.000000E+00
7.188056E+03	4.797759E-04	0.000000E+00
7.197943E+03	4.773629E-04	0.000000E+00
7.207831E+03	4.749211E-04	0.000000E+00
7.217718E+03	4.724735E-04	0.000000E+00
7.227605E+03	4.700121E-04	0.000000E+00
7.237493E+03	4.675286E-04	0.000000E+00
7.247380E+03	4.650335E-04	0.000000E+00
7.257267E+03	4.625097E-04	0.000000E+00
7.267154E+03	4.599593E-04	0.000000E+00
7.277042E+03	4.573869E-04	0.000000E+00
7.286929E+03	4.547890E-04	0.000000E+00
7.296816E+03	4.521823E-04	0.000000E+00
7.306704E+03	4.495471E-04	0.000000E+00
7.316591E+03	4.469117E-04	0.000000E+00
7.326478E+03	4.442656E-04	0.000000E+00
7.336365E+03	4.416262E-04	0.000000E+00
7.346253E+03	4.389895E-04	0.000000E+00
7.356140E+03	4.363592E-04	0.000000E+00
7.366027E+03	4.337459E-04	0.000000E+00
7.375915E+03	4.311397E-04	0.000000E+00
7.385802E+03	4.285654E-04	0.000000E+00
7.395689E+03	4.260007E-04	0.000000E+00
7.405576E+03	4.234592E-04	0.000000E+00
7.415464E+03	4.209264E-04	0.000000E+00
7.425351E+03	4.184241E-04	0.000000E+00
7.435238E+03	4.159383E-04	0.000000E+00
7.445126E+03	4.134643E-04	0.000000E+00
7.455013E+03	4.110084E-04	0.000000E+00
7.464900E+03	4.085683E-04	0.000000E+00
7.474787E+03	4.061610E-04	0.000000E+00
7.484675E+03	4.037686E-04	0.000000E+00
7.494562E+03	4.014012E-04	0.000000E+00
7.504449E+03	3.990691E-04	0.000000E+00
7.514337E+03	3.967653E-04	0.000000E+00
7.524224E+03	3.945007E-04	0.000000E+00
7.534111E+03	3.922685E-04	0.000000E+00
7.543998E+03	3.900876E-04	0.000000E+00
7.553886E+03	3.879423E-04	0.000000E+00
7.563773E+03	3.858513E-04	0.000000E+00
7.573660E+03	3.837978E-04	0.000000E+00
7.583548E+03	3.818003E-04	0.000000E+00
7.593435E+03	3.798416E-04	0.000000E+00
7.603322E+03	3.779393E-04	0.000000E+00
7.613209E+03	3.760852E-04	0.000000E+00
7.623097E+03	3.742792E-04	0.000000E+00
7.632984E+03	3.725211E-04	0.000000E+00
7.642871E+03	3.708114E-04	0.000000E+00
7.652759E+03	3.691500E-04	0.000000E+00
7.662646E+03	3.675286E-04	0.000000E+00
7.672533E+03	3.659648E-04	0.000000E+00
7.682420E+03	3.644417E-04	0.000000E+00
7.692308E+03	3.629594E-04	0.000000E+00
7.702195E+03	3.615272E-04	0.000000E+00
7.712082E+03	3.601370E-04	0.000000E+00
7.721970E+03	3.587896E-04	0.000000E+00
7.731857E+03	3.574777E-04	0.000000E+00
7.741744E+03	3.562119E-04	0.000000E+00
7.751631E+03	3.549857E-04	0.000000E+00
7.761519E+03	3.537937E-04	0.000000E+00
7.771406E+03	3.526478E-04	0.000000E+00
7.781293E+03	3.515351E-04	0.000000E+00
7.791181E+03	3.504678E-04	0.000000E+00
7.801068E+03	3.494415E-04	0.000000E+00
7.810955E+03	3.484509E-04	0.000000E+00
7.820842E+03	3.474994E-04	0.000000E+00
7.830730E+03	3.465720E-04	0.000000E+00
7.840617E+03	3.456709E-04	0.000000E+00
7.850504E+03	3.448052E-04	0.000000E+00
7.860392E+03	3.439509E-04	0.000000E+00
7.870279E+03	3.431251E-04	0.000000E+00
7.880166E+03	3.423115E-04	0.000000E+00
7.890053E+03	3.415268E-04	0.000000E+00
7.899941E+03	3.407719E-04	0.000000E+00
7.909828E+03	3.400475E-04	0.000000E+00
7.919715E+03	3.393625E-04	0.000000E+00
7.929603E+03	3.387344E-04	0.000000E+00
7.939490E+03	3.381552E-04	0.000000E+00
7.949377E+03	3.376340E-04	0.000000E+00
7.959264E+03	3.371793E-04	0.000000E+00
7.969152E+03	3.367995E-04	0.000000E+00
7.979039E+03	3.364945E-04	0.000000E+00
7.988926E+03	3.362640E-04	0.000000E+00
7.998814E+03	3.361158E-04	0.000000E+00
8.008701E+03	3.360402E-04	0.000000E+00
8.018588E+03	3.360525E-04	0.000000E+00
8.028475E+03	3.361507E-04	0.000000E+00
8.038363E+03	3.363218E-04	0.000000E+00
8.048250E+03	3.365690E-04	0.000000E+00
8.058137E+03	3.368856E-04	0.000000E+00
8.068025E+03	3.372634E-04	0.000000E+00
8.077912E+03	3.376926E-04	0.000000E+00
8.087799E+03	3.381629E-04	0.000000E+00
8.097686E+03	3.386635E-04	0.000000E+00
8.107574E+03	3.391919E-04	0.000000E+00
8.117461E+03	3.397193E-04	0.000000E+00
8.127348E+03	3.402537E-04	0.000000E+00
8.137236E+03	3.407760E-04	0.000000E+00
8.147123E+03	3.412869E-04	0.000000E+00
8.157010E+03	3.417602E-04	0.000000E+00
8.166897E+03	3.421992E-04	0.000000E+00
8.176785E+03	3.426086E-04	0.000000E+00
8.186672E+03	3.429666E-04	0.000000E+00
8.196559E+03	3.432908E-04	0.000000E+00
8.206447E+03	3.435626E-04	0.000000E+00
8.216334E+03	3.437939E-04	0.000000E+00
8.226221E+03	3.439892E-04	0.000000E+00
8.236108E+03	3.441443E-04	0.000000E+00
8.245996E+03	3.442761E-04	0.000000E+00
8.255883E+03	3.443837E-04	0.000000E+00
8.265770E+03	3.444859E-04	0.000000E+00
8.275658E+03	3.445931E-04	0.000000E+00
8.285545E+03	3.446955E-04	0.000000E+00
8.295432E+03	3.448235E-04	0.000000E+00
8.305319E+03	3.449769E-04	0.000000E+00
8.315207E+03	3.451648E-04	0.000000E+00
8.325094E+03	3.453952E-04	0.000000E+00
8.334981E+03	3.456758E-04	0.000000E+00
8.344868E+03	3.460121E-04	0.000000E+00
8.354756E+03	3.463993E-04	0.000000E+00
8.364643E+03	3.468515E-04	0.000000E+00
8.374530E+03	3.473616E-04	0.000000E+00
8.384418E+03	3.479420E-04	0.000000E+00
8.394305E+03	3.485955E-04	0.000000E+00
8.404192E+03	3.493029E-04	0.000000E+00
8.414079E+03	3.500876E-04	0.000000E+00
8.423967E+03	3.509306E-04	0.000000E+00
8.433854E+03	3.518563E-04	0.000000E+00
8.443741E+03	3.528472E-04	0.000000E+00
8.453629E+03	3.539183E-04	0.000000E+00
8.463516E+03	3.550745E-04	0.000000E+00
8.473403E+03	3.563111E-04	0.000000E+00
8.483290E+03	3.576449E-04	0.000000E+00
8.493178E+03	3.590611E-04	0.000000E+00
8.503065E+03	3.605888E-04	0.000000E+00
8.512952E+03	3.622248E-04	0.000000E+00
8.522840E+03	3.639773E-04	0.000000E+00
8.532727E+03	3.658436E-04	0.000000E+00
8.542614E+03	3.678550E-04	0.000000E+00
8.552501E+03	3.699868E-04	0.000000E+00
8.562389E+03	3.722712E-04	0.000000E+00
8.572276E+03	3.747064E-04	0.000000E+00
8.582163E+03	3.772899E-04	0.000000E+00
8.592051E+03	3.800548E-04	0.000000E+00
8.601938E+03	3.829856E-04	0.000000E+00
8.611825E+03	3.861024E-04	0.000000E+00
8.621712E+03	3.893990E-04	0.000000E+00
8.631600E+03	3.928796E-04	0.000000E+00
8.641487E+03	3.965461E-04	0.000000E+00
8.651374E+03	4.003988E-04	0.000000E+00
8.661262E+03	4.044219E-04	0.000000E+00
8.671149E+03	4.086241E-04	0.000000E+00
8.681036E+03	4.129867E-04	0.000000E+00
8.690923E+03	4.175161E-04	0.000000E+00
8.700811E+03	4.221776E-04	0.000000E+00
8.710698E+03	4.269758E-04	0.000000E+00
8.720585E+03	4.319024E-04	0.000000E+00
8.730473E+03	4.369483E-04	0.000000E+00
8.740360E+03	4.420890E-04	0.000000E+00
8.750247E+03	4.473451E-04	0.000000E+00
8.760134E+03	4.526920E-04	0.000000E+00
8.770022E+03	4.581196E-04	0.000000E+00
8.779909E+03	4.636179E-04	0.000000E+00
8.789796E+03	4.691921E-04	0.000000E+00
8.799684E+03	4.748160E-04	0.000000E+00
8.809571E+03	4.805120E-04	0.000000E+00
8.819458E+03	4.862361E-04	0.000000E+00
8.829345E+03	4.920292E-04	0.000000E+00
8.839233E+03	4.978462E-04	0.000000E+00
8.849120E+03	5.036940E-04	0.000000E+00
8.859007E+03	5.095623E-04	0.000000E+00
8.868895E+03	5.154593E-04	0.000000E+00
8.878782E+03	5.213756E-04	0.000000E+00
8.888669E+03	5.273016E-04	0.000000E+00
8.898556E+03	5.332076E-04	0.000000E+00
8.938106E+03	5.568324E-04	0.000000E+00
8.977655E+03	5.800644E-04	0.000000E+00
9.017204E+03	6.026986E-04	0.000000E+00
9.056753E+03	6.244818E-04	0.000000E+00
9.096302E+03	6.451905E-04	0.000000E+00
9.135851E+03	6.646022E-04	0.000000E+00
9.175400E+03	6.825709E-04	0.000000E+00
9.214950E+03	6.987921E-04	0.000000E+00
9.254499E+03	7.129807E-04	0.000000E+00
9.294048E+03	7.248547E-04	0.000000E+00
9.333597E+03	7.341591E-04	0.000000E+00
9.373146E+03	7.406086E-04	0.000000E+00
9.412695E+03	7.440328E-04	0.000000E+00
9.452244E+03	7.444108E-04	0.000000E+00
9.491794E+03	7.416566E-04	0.000000E+00
9.531343E+03	7.359374E-04	0.000000E+00
9.570892E+03	7.275317E-04	0.000000E+00
9.610441E+03	7.167031E-04	0.000000E+00
9.649990E+03	7.038657E-04	0.000000E+00
9.689539E+03	6.893515E-04	0.000000E+00
9.729088E+03	6.735879E-04	0.000000E+00
9.768638E+03	6.569260E-04	0.000000E+00
9.808187E+03	6.396828E-04	0.000000E+00
9.847736E+03	6.220865E-04	0.000000E+00
9.887285E+03	6.043830E-04	0.000000E+00
9.926834E+03	5.868874E-04	0.000000E+00
9.966383E+03	5.697187E-04	0.000000E+00
1.000593E+04	5.530087E-04	0.000000E+00
1.004548E+04	5.368494E-04	0.000000E+00
1.008503E+04	5.213498E-04	0.000000E+00
1.012458E+04	5.065360E-04	0.000000E+00
1.016413E+04	4.924101E-04	0.000000E+00
1.020368E+04	4.790078E-04	0.000000E+00
