#wls	flux	fluxerr
1.581966E+03	7.522772E-03	9.681693E-04
1.621515E+03	7.690776E-03	9.887293E-04
1.661064E+03	7.856919E-03	1.008975E-03
1.700613E+03	8.022011E-03	1.029008E-03
1.740162E+03	8.186913E-03	1.048937E-03
1.779711E+03	8.347929E-03	1.068287E-03
1.819260E+03	8.508935E-03	1.087552E-03
1.858810E+03	8.664524E-03	1.106039E-03
1.898359E+03	8.818624E-03	1.124250E-03
1.937908E+03	8.968859E-03	1.141879E-03
1.977457E+03	9.116015E-03	1.159026E-03
2.017006E+03	9.255929E-03	1.175161E-03
2.056555E+03	9.392624E-03	1.190796E-03
2.096104E+03	9.523524E-03	1.205604E-03
2.135654E+03	9.647643E-03	1.219460E-03
2.175203E+03	9.767347E-03	1.232666E-03
2.214752E+03	9.878223E-03	1.244664E-03
2.254301E+03	9.980884E-03	1.255536E-03
2.293850E+03	1.007760E-02	1.265568E-03
2.333399E+03	1.016553E-02	1.274407E-03
2.372948E+03	1.024516E-02	1.282117E-03
2.412498E+03	1.031527E-02	1.288548E-03
2.452047E+03	1.037624E-02	1.293754E-03
2.491596E+03	1.042838E-02	1.297778E-03
2.531145E+03	1.047030E-02	1.300450E-03
2.570694E+03	1.050216E-02	1.301798E-03
2.610243E+03	1.052559E-02	1.302029E-03
2.649792E+03	1.053742E-02	1.300758E-03
2.689342E+03	1.053909E-02	1.298170E-03
2.728891E+03	1.053179E-02	1.294419E-03
2.768440E+03	1.051367E-02	1.289284E-03
2.807989E+03	1.048564E-02	1.282887E-03
2.847538E+03	1.044843E-02	1.275324E-03
2.887087E+03	1.040122E-02	1.266505E-03
2.926636E+03	1.034444E-02	1.256490E-03
2.966185E+03	1.027950E-02	1.245459E-03
2.976073E+03	1.026298E-02	1.242664E-03
2.985960E+03	1.024396E-02	1.239565E-03
2.995847E+03	1.022586E-02	1.236576E-03
3.005735E+03	1.020747E-02	1.233552E-03
3.015622E+03	1.018764E-02	1.230353E-03
3.025509E+03	1.016747E-02	1.227111E-03
3.035396E+03	1.014690E-02	1.223821E-03
3.045284E+03	1.012590E-02	1.220479E-03
3.055171E+03	1.010548E-02	1.217207E-03
3.065058E+03	1.008348E-02	1.213743E-03
3.074946E+03	1.006092E-02	1.210212E-03
3.084833E+03	1.003880E-02	1.206734E-03
3.094720E+03	1.001603E-02	1.203178E-03
3.104607E+03	9.992583E-03	1.199541E-03
3.114495E+03	9.969408E-03	1.195936E-03
3.124382E+03	9.945468E-03	1.192240E-03
3.134269E+03	9.920733E-03	1.188449E-03
3.144157E+03	9.896127E-03	1.184673E-03
3.154044E+03	9.871585E-03	1.180906E-03
3.163931E+03	9.846123E-03	1.177030E-03
3.173818E+03	9.820637E-03	1.173151E-03
3.183706E+03	9.795062E-03	1.169262E-03
3.193593E+03	9.768466E-03	1.165253E-03
3.203480E+03	9.742571E-03	1.161328E-03
3.213368E+03	9.715579E-03	1.157273E-03
3.223255E+03	9.689160E-03	1.153287E-03
3.233142E+03	9.662404E-03	1.149263E-03
3.243029E+03	9.635265E-03	1.145194E-03
3.252917E+03	9.607701E-03	1.141075E-03
3.262804E+03	9.580465E-03	1.136997E-03
3.272691E+03	9.552700E-03	1.132858E-03
3.282579E+03	9.525140E-03	1.128745E-03
3.292466E+03	9.496958E-03	1.124559E-03
3.302353E+03	9.468868E-03	1.120386E-03
3.312240E+03	9.440806E-03	1.116217E-03
3.322128E+03	9.411988E-03	1.111961E-03
3.332015E+03	9.383813E-03	1.107783E-03
3.341902E+03	9.355491E-03	1.103590E-03
3.351790E+03	9.326972E-03	1.099374E-03
3.361677E+03	9.298211E-03	1.095133E-03
3.371564E+03	9.269828E-03	1.090938E-03
3.381451E+03	9.241104E-03	1.086704E-03
3.391339E+03	9.212646E-03	1.082504E-03
3.401226E+03	9.183770E-03	1.078258E-03
3.411113E+03	9.155079E-03	1.074035E-03
3.421001E+03	9.126529E-03	1.069830E-03
3.430888E+03	9.098092E-03	1.065641E-03
3.440775E+03	9.070328E-03	1.061534E-03
3.450662E+03	9.042041E-03	1.057367E-03
3.460550E+03	9.014391E-03	1.053277E-03
3.470437E+03	8.986800E-03	1.049196E-03
3.480324E+03	8.959832E-03	1.045190E-03
3.490212E+03	8.933488E-03	1.041259E-03
3.500099E+03	8.907251E-03	1.037342E-03
3.509986E+03	8.882205E-03	1.033567E-03
3.519873E+03	8.857343E-03	1.029814E-03
3.529761E+03	8.833734E-03	1.026209E-03
3.539648E+03	8.810920E-03	1.022699E-03
3.549535E+03	8.789441E-03	1.019344E-03
3.559423E+03	8.768884E-03	1.016098E-03
3.569310E+03	8.749798E-03	1.013024E-03
3.579197E+03	8.732256E-03	1.010129E-03
3.589084E+03	8.716338E-03	1.007422E-03
3.598972E+03	8.702140E-03	1.004915E-03
3.608859E+03	8.689759E-03	1.002618E-03
3.618746E+03	8.679730E-03	1.000591E-03
3.628634E+03	8.671731E-03	9.987979E-04
3.638521E+03	8.666287E-03	9.972978E-04
3.648408E+03	8.663504E-03	9.961020E-04
3.658295E+03	8.663487E-03	9.952221E-04
3.668183E+03	8.666339E-03	9.946690E-04
3.678070E+03	8.672168E-03	9.944543E-04
3.687957E+03	8.681445E-03	9.946310E-04
3.697845E+03	8.693878E-03	9.951646E-04
3.707732E+03	8.709913E-03	9.961052E-04
3.717619E+03	8.729249E-03	9.974173E-04
3.727506E+03	8.752642E-03	9.991863E-04
3.737394E+03	8.779409E-03	1.001333E-03
3.747281E+03	8.810254E-03	1.003936E-03
3.757168E+03	8.844802E-03	1.006953E-03
3.767056E+03	8.883012E-03	1.010376E-03
3.776943E+03	8.925137E-03	1.014234E-03
3.786830E+03	8.970739E-03	1.018476E-03
3.796717E+03	9.020326E-03	1.023159E-03
3.806605E+03	9.073077E-03	1.028187E-03
3.816492E+03	9.128786E-03	1.033537E-03
3.826379E+03	9.187841E-03	1.039251E-03
3.836267E+03	9.249646E-03	1.045262E-03
3.846154E+03	9.313884E-03	1.051533E-03
3.856041E+03	9.380513E-03	1.058057E-03
3.865928E+03	9.448546E-03	1.064723E-03
3.875816E+03	9.518180E-03	1.071554E-03
3.885703E+03	9.588684E-03	1.078465E-03
3.895590E+03	9.659890E-03	1.085438E-03
3.905478E+03	9.731037E-03	1.092388E-03
3.915365E+03	9.801646E-03	1.099260E-03
3.925252E+03	9.871512E-03	1.106032E-03
3.935139E+03	9.939860E-03	1.112617E-03
3.945027E+03	1.000648E-02	1.118993E-03
3.954914E+03	1.007063E-02	1.125077E-03
3.964801E+03	1.013187E-02	1.130819E-03
3.974689E+03	1.018976E-02	1.136174E-03
3.984576E+03	1.024392E-02	1.141100E-03
3.994463E+03	1.029425E-02	1.145586E-03
4.004350E+03	1.033993E-02	1.149543E-03
4.014238E+03	1.038097E-02	1.152973E-03
4.024125E+03	1.041691E-02	1.155828E-03
4.034012E+03	1.044787E-02	1.158121E-03
4.043900E+03	1.047352E-02	1.159818E-03
4.053787E+03	1.049385E-02	1.160920E-03
4.063674E+03	1.050891E-02	1.161434E-03
4.073561E+03	1.051882E-02	1.161376E-03
4.083449E+03	1.052332E-02	1.160717E-03
4.093336E+03	1.052310E-02	1.159537E-03
4.103223E+03	1.051802E-02	1.157821E-03
4.113111E+03	1.050844E-02	1.155611E-03
4.122998E+03	1.049478E-02	1.152955E-03
4.132885E+03	1.047748E-02	1.149901E-03
4.142772E+03	1.045681E-02	1.146482E-03
4.152660E+03	1.043330E-02	1.142756E-03
4.162547E+03	1.040727E-02	1.138759E-03
4.172434E+03	1.037928E-02	1.134554E-03
4.182322E+03	1.034970E-02	1.130180E-03
4.192209E+03	1.031889E-02	1.125680E-03
4.202096E+03	1.028761E-02	1.121135E-03
4.211983E+03	1.025604E-02	1.116566E-03
4.221871E+03	1.022471E-02	1.112030E-03
4.231758E+03	1.019414E-02	1.107585E-03
4.241645E+03	1.016449E-02	1.103245E-03
4.251533E+03	1.013622E-02	1.099063E-03
4.261420E+03	1.010963E-02	1.095070E-03
4.271307E+03	1.008497E-02	1.091293E-03
4.281194E+03	1.006265E-02	1.087774E-03
4.291082E+03	1.004270E-02	1.084518E-03
4.300969E+03	1.002547E-02	1.081562E-03
4.310856E+03	1.001111E-02	1.078918E-03
4.320744E+03	9.999729E-03	1.076600E-03
4.330631E+03	9.991416E-03	1.074616E-03
4.340518E+03	9.986212E-03	1.072970E-03
4.350405E+03	9.984276E-03	1.071677E-03
4.360293E+03	9.985280E-03	1.070701E-03
4.370180E+03	9.989442E-03	1.070066E-03
4.380067E+03	9.996638E-03	1.069756E-03
4.389955E+03	1.000670E-02	1.069752E-03
4.399842E+03	1.001940E-02	1.070032E-03
4.409729E+03	1.003463E-02	1.070579E-03
4.419616E+03	1.005219E-02	1.071375E-03
4.429504E+03	1.007171E-02	1.072378E-03
4.439391E+03	1.009277E-02	1.073544E-03
4.449278E+03	1.011504E-02	1.074836E-03
4.459166E+03	1.013827E-02	1.076228E-03
4.469053E+03	1.016190E-02	1.077660E-03
4.478940E+03	1.018546E-02	1.079084E-03
4.488827E+03	1.020834E-02	1.080434E-03
4.498715E+03	1.023028E-02	1.081684E-03
4.508602E+03	1.025050E-02	1.082750E-03
4.518489E+03	1.026861E-02	1.083593E-03
4.528377E+03	1.028408E-02	1.084158E-03
4.538264E+03	1.029641E-02	1.084393E-03
4.548151E+03	1.030501E-02	1.084238E-03
4.558038E+03	1.030960E-02	1.083662E-03
4.567926E+03	1.030979E-02	1.082628E-03
4.577813E+03	1.030516E-02	1.081094E-03
4.587700E+03	1.029560E-02	1.079049E-03
4.597588E+03	1.028109E-02	1.076491E-03
4.607475E+03	1.026130E-02	1.073389E-03
4.617362E+03	1.023650E-02	1.069773E-03
4.627249E+03	1.020668E-02	1.065643E-03
4.637137E+03	1.017225E-02	1.061043E-03
4.647024E+03	1.013359E-02	1.056015E-03
4.656911E+03	1.009093E-02	1.050583E-03
4.666798E+03	1.004501E-02	1.044826E-03
4.676686E+03	9.996390E-03	1.038804E-03
4.686573E+03	9.945898E-03	1.032602E-03
4.696460E+03	9.894162E-03	1.026288E-03
4.706348E+03	9.842371E-03	1.019983E-03
4.716235E+03	9.791160E-03	1.013755E-03
4.726122E+03	9.741586E-03	1.007712E-03
4.736009E+03	9.693828E-03	1.001873E-03
4.745897E+03	9.648159E-03	9.962642E-04
4.755784E+03	9.604728E-03	9.909018E-04
4.765671E+03	9.563458E-03	9.857769E-04
4.775559E+03	9.524857E-03	9.809413E-04
4.785446E+03	9.488878E-03	9.763894E-04
4.795333E+03	9.455727E-03	9.721418E-04
4.805220E+03	9.425660E-03	9.682241E-04
4.815108E+03	9.398867E-03	9.646551E-04
4.824995E+03	9.375272E-03	9.614262E-04
4.834882E+03	9.355139E-03	9.585637E-04
4.844770E+03	9.338259E-03	9.560454E-04
4.854657E+03	9.324665E-03	9.538741E-04
4.864544E+03	9.314227E-03	9.520356E-04
4.874431E+03	9.306860E-03	9.505206E-04
4.884319E+03	9.302228E-03	9.492943E-04
4.894206E+03	9.300257E-03	9.483486E-04
4.904093E+03	9.300540E-03	9.476413E-04
4.913981E+03	9.302943E-03	9.471587E-04
4.923868E+03	9.306922E-03	9.468449E-04
4.933755E+03	9.312428E-03	9.466949E-04
4.943642E+03	9.318926E-03	9.466540E-04
4.953530E+03	9.326287E-03	9.467092E-04
4.963417E+03	9.334215E-03	9.468303E-04
4.973304E+03	9.342444E-03	9.469906E-04
4.983192E+03	9.350844E-03	9.471768E-04
4.993079E+03	9.359126E-03	9.473600E-04
5.002966E+03	9.367340E-03	9.475455E-04
5.012853E+03	9.375278E-03	9.477124E-04
5.022741E+03	9.382878E-03	9.478545E-04
5.032628E+03	9.390298E-03	9.479883E-04
5.042515E+03	9.397340E-03	9.480940E-04
5.052403E+03	9.404222E-03	9.481937E-04
5.062290E+03	9.410982E-03	9.482916E-04
5.072177E+03	9.417576E-03	9.483834E-04
5.082064E+03	9.424159E-03	9.484849E-04
5.091952E+03	9.430792E-03	9.486025E-04
5.101839E+03	9.437525E-03	9.487414E-04
5.111726E+03	9.444403E-03	9.489063E-04
5.121614E+03	9.451552E-03	9.491100E-04
5.131501E+03	9.458891E-03	9.493445E-04
5.141388E+03	9.466413E-03	9.496094E-04
5.151275E+03	9.474185E-03	9.499114E-04
5.161163E+03	9.482162E-03	9.502463E-04
5.171050E+03	9.490175E-03	9.505974E-04
5.180937E+03	9.498227E-03	9.509651E-04
5.190825E+03	9.506106E-03	9.513284E-04
5.200712E+03	9.513777E-03	9.516839E-04
5.210599E+03	9.521082E-03	9.520163E-04
5.220486E+03	9.527854E-03	9.523091E-04
5.230374E+03	9.533907E-03	9.525438E-04
5.240261E+03	9.538948E-03	9.526917E-04
5.250148E+03	9.542964E-03	9.527515E-04
5.260036E+03	9.545547E-03	9.526829E-04
5.269923E+03	9.546668E-03	9.524836E-04
5.279810E+03	9.546009E-03	9.521219E-04
5.289697E+03	9.543336E-03	9.515748E-04
5.299585E+03	9.538501E-03	9.508277E-04
5.309472E+03	9.531245E-03	9.498549E-04
5.319359E+03	9.521245E-03	9.486240E-04
5.329247E+03	9.508117E-03	9.470970E-04
5.339134E+03	9.491528E-03	9.452404E-04
5.349021E+03	9.471138E-03	9.430206E-04
5.358908E+03	9.446439E-03	9.403871E-04
5.368796E+03	9.417240E-03	9.373205E-04
5.378683E+03	9.383195E-03	9.337867E-04
5.388570E+03	9.344114E-03	9.297664E-04
5.398458E+03	9.299663E-03	9.252264E-04
5.408345E+03	9.249953E-03	9.201776E-04
5.418232E+03	9.194688E-03	9.145904E-04
5.428119E+03	9.134021E-03	9.084797E-04
5.438007E+03	9.067980E-03	9.018482E-04
5.447894E+03	8.996500E-03	8.946888E-04
5.457781E+03	8.919949E-03	8.870381E-04
5.467669E+03	8.838496E-03	8.789123E-04
5.477556E+03	8.752479E-03	8.703447E-04
5.487443E+03	8.662213E-03	8.613661E-04
5.497330E+03	8.568084E-03	8.520144E-04
5.507218E+03	8.470707E-03	8.423502E-04
5.517105E+03	8.370491E-03	8.324139E-04
5.526992E+03	8.268143E-03	8.222750E-04
5.536880E+03	8.164238E-03	8.119902E-04
5.546767E+03	8.059368E-03	8.016179E-04
5.556654E+03	7.954310E-03	7.912349E-04
5.566541E+03	7.849679E-03	7.809018E-04
5.576429E+03	7.746159E-03	7.706862E-04
5.586316E+03	7.644346E-03	7.606471E-04
5.596203E+03	7.544959E-03	7.508554E-04
5.606091E+03	7.448528E-03	7.413638E-04
5.615978E+03	7.355699E-03	7.322360E-04
5.625865E+03	7.266908E-03	7.235152E-04
5.635752E+03	7.182619E-03	7.152477E-04
5.645640E+03	7.103238E-03	7.074735E-04
5.655527E+03	7.029173E-03	7.002332E-04
5.665414E+03	6.960625E-03	6.935471E-04
5.675302E+03	6.897809E-03	6.874362E-04
5.685189E+03	6.840864E-03	6.819147E-04
5.695076E+03	6.789871E-03	6.769908E-04
5.704963E+03	6.744847E-03	6.726665E-04
5.714851E+03	6.705753E-03	6.689377E-04
5.724738E+03	6.672485E-03	6.657948E-04
5.734625E+03	6.644963E-03	6.632297E-04
5.744513E+03	6.622860E-03	6.612102E-04
5.754400E+03	6.606002E-03	6.597193E-04
5.764287E+03	6.594188E-03	6.587371E-04
5.774174E+03	6.586986E-03	6.582209E-04
5.784062E+03	6.584203E-03	6.581518E-04
5.793949E+03	6.585369E-03	6.584829E-04
5.803836E+03	6.590204E-03	6.591866E-04
5.813724E+03	6.598354E-03	6.602279E-04
5.823611E+03	6.609468E-03	6.615718E-04
5.833498E+03	6.623210E-03	6.631850E-04
5.843385E+03	6.639253E-03	6.650350E-04
5.853273E+03	6.657227E-03	6.670848E-04
5.863160E+03	6.676915E-03	6.693131E-04
5.873047E+03	6.698004E-03	6.716885E-04
5.882935E+03	6.720339E-03	6.741955E-04
5.892822E+03	6.743676E-03	6.768100E-04
5.902709E+03	6.767932E-03	6.795236E-04
5.912596E+03	6.792941E-03	6.823197E-04
5.922484E+03	6.818640E-03	6.851921E-04
5.932371E+03	6.845004E-03	6.881384E-04
5.942258E+03	6.872049E-03	6.911603E-04
5.952146E+03	6.899828E-03	6.942631E-04
5.962033E+03	6.928362E-03	6.974492E-04
5.971920E+03	6.957841E-03	7.007376E-04
5.981807E+03	6.988345E-03	7.041366E-04
5.991695E+03	7.020110E-03	7.076701E-04
6.001582E+03	7.053187E-03	7.113435E-04
6.011469E+03	7.087768E-03	7.151764E-04
6.021357E+03	7.124130E-03	7.191967E-04
6.031244E+03	7.162394E-03	7.234173E-04
6.041131E+03	7.202751E-03	7.278576E-04
6.051018E+03	7.245363E-03	7.325343E-04
6.060906E+03	7.290304E-03	7.374553E-04
6.070793E+03	7.337747E-03	7.426385E-04
6.080680E+03	7.387765E-03	7.480916E-04
6.090568E+03	7.440297E-03	7.538090E-04
6.100455E+03	7.495311E-03	7.597879E-04
6.110342E+03	7.552561E-03	7.660038E-04
6.120229E+03	7.611957E-03	7.724479E-04
6.130117E+03	7.673355E-03	7.791060E-04
6.140004E+03	7.736540E-03	7.859567E-04
6.149891E+03	7.801084E-03	7.929568E-04
6.159779E+03	7.866658E-03	8.000731E-04
6.169666E+03	7.932795E-03	8.072584E-04
6.179553E+03	7.999083E-03	8.144707E-04
6.189440E+03	8.064843E-03	8.216409E-04
6.199328E+03	8.129594E-03	8.287199E-04
6.209215E+03	8.192833E-03	8.356562E-04
6.219102E+03	8.253872E-03	8.423793E-04
6.228990E+03	8.312247E-03	8.488414E-04
6.238877E+03	8.367157E-03	8.549602E-04
6.248764E+03	8.418056E-03	8.606791E-04
6.258651E+03	8.464321E-03	8.659339E-04
6.268539E+03	8.505360E-03	8.706627E-04
6.278426E+03	8.540616E-03	8.748077E-04
6.288313E+03	8.569664E-03	8.783241E-04
6.298201E+03	8.591876E-03	8.811464E-04
6.308088E+03	8.607038E-03	8.832510E-04
6.317975E+03	8.614747E-03	8.845954E-04
6.327862E+03	8.614852E-03	8.851625E-04
6.337750E+03	8.607027E-03	8.849171E-04
6.347637E+03	8.591285E-03	8.838590E-04
6.357524E+03	8.567737E-03	8.819980E-04
6.367412E+03	8.536212E-03	8.793148E-04
6.377299E+03	8.497164E-03	8.758547E-04
6.387186E+03	8.450672E-03	8.716239E-04
6.397073E+03	8.397070E-03	8.666555E-04
6.406961E+03	8.336750E-03	8.609886E-04
6.416848E+03	8.270159E-03	8.546676E-04
6.426735E+03	8.197792E-03	8.477425E-04
6.436623E+03	8.120172E-03	8.402661E-04
6.446510E+03	8.037767E-03	8.322856E-04
6.456397E+03	7.951312E-03	8.238762E-04
6.466284E+03	7.861371E-03	8.150954E-04
6.476172E+03	7.768428E-03	8.059924E-04
6.486059E+03	7.673280E-03	7.966496E-04
6.495946E+03	7.576287E-03	7.871034E-04
6.505833E+03	7.478119E-03	7.774231E-04
6.515721E+03	7.379252E-03	7.676581E-04
6.525608E+03	7.280134E-03	7.578545E-04
6.535495E+03	7.181262E-03	7.480640E-04
6.545383E+03	7.082948E-03	7.383191E-04
6.555270E+03	6.985784E-03	7.286817E-04
6.565157E+03	6.889878E-03	7.191631E-04
6.575044E+03	6.795774E-03	7.098202E-04
6.584932E+03	6.703685E-03	7.006757E-04
6.594819E+03	6.613963E-03	6.917668E-04
6.604706E+03	6.526796E-03	6.831136E-04
6.614594E+03	6.442573E-03	6.747571E-04
6.624481E+03	6.361378E-03	6.667070E-04
6.634368E+03	6.283650E-03	6.590097E-04
6.644255E+03	6.209381E-03	6.516650E-04
6.654143E+03	6.138983E-03	6.447172E-04
6.664030E+03	6.072567E-03	6.381784E-04
6.673917E+03	6.010247E-03	6.320615E-04
6.683805E+03	5.952393E-03	6.264062E-04
6.693692E+03	5.898958E-03	6.212087E-04
6.703579E+03	5.850296E-03	6.165071E-04
6.713466E+03	5.806407E-03	6.123023E-04
6.723354E+03	5.767491E-03	6.086166E-04
6.733241E+03	5.733668E-03	6.054636E-04
6.743128E+03	5.705111E-03	6.028627E-04
6.753016E+03	5.681788E-03	6.008116E-04
6.762903E+03	5.663919E-03	5.993347E-04
6.772790E+03	5.651577E-03	5.984410E-04
6.782677E+03	5.644753E-03	5.981307E-04
6.792565E+03	5.643494E-03	5.984100E-04
6.802452E+03	5.647958E-03	5.992968E-04
6.812339E+03	5.658018E-03	6.007788E-04
6.822227E+03	5.673665E-03	6.028564E-04
6.832114E+03	5.694997E-03	6.055413E-04
6.842001E+03	5.721890E-03	6.088213E-04
6.851888E+03	5.754193E-03	6.126819E-04
6.861776E+03	5.791943E-03	6.171279E-04
6.871663E+03	5.834875E-03	6.221325E-04
6.881550E+03	5.882908E-03	6.276881E-04
6.891438E+03	5.935943E-03	6.337852E-04
6.901325E+03	5.993654E-03	6.403902E-04
6.911212E+03	6.055980E-03	6.474977E-04
6.921099E+03	6.122565E-03	6.550703E-04
6.930987E+03	6.193254E-03	6.630927E-04
6.940874E+03	6.267901E-03	6.715501E-04
6.950761E+03	6.346118E-03	6.804017E-04
6.960649E+03	6.427758E-03	6.896327E-04
6.970536E+03	6.512587E-03	6.992186E-04
6.980423E+03	6.600304E-03	7.091279E-04
6.990310E+03	6.690759E-03	7.193450E-04
7.000198E+03	6.783735E-03	7.298474E-04
7.010085E+03	6.879002E-03	7.406108E-04
7.019972E+03	6.976239E-03	7.516011E-04
7.029860E+03	7.075278E-03	7.628007E-04
7.039747E+03	7.175678E-03	7.741626E-04
7.049634E+03	7.277402E-03	7.856830E-04
7.059521E+03	7.379855E-03	7.972979E-04
7.069409E+03	7.482756E-03	8.089772E-04
7.079296E+03	7.585780E-03	8.206859E-04
7.089183E+03	7.688283E-03	8.323543E-04
7.099071E+03	7.789842E-03	8.439364E-04
7.108958E+03	7.889896E-03	8.553713E-04
7.118845E+03	7.987733E-03	8.665816E-04
7.128732E+03	8.082695E-03	8.774952E-04
7.138620E+03	8.174184E-03	8.880464E-04
7.148507E+03	8.261375E-03	8.981451E-04
7.158394E+03	8.343525E-03	9.077093E-04
7.168282E+03	8.419879E-03	9.166558E-04
7.178169E+03	8.489707E-03	9.249037E-04
7.188056E+03	8.552290E-03	9.323733E-04
7.197943E+03	8.606855E-03	9.389786E-04
7.207831E+03	8.652900E-03	9.446628E-04
7.217718E+03	8.689895E-03	9.493664E-04
7.227605E+03	8.717175E-03	9.530144E-04
7.237493E+03	8.734747E-03	9.556056E-04
7.247380E+03	8.742047E-03	9.570758E-04
7.257267E+03	8.739322E-03	9.574499E-04
7.267154E+03	8.726371E-03	9.567035E-04
7.277042E+03	8.703343E-03	9.548507E-04
7.286929E+03	8.670741E-03	9.519444E-04
7.296816E+03	8.628719E-03	9.479991E-04
7.306704E+03	8.577880E-03	9.430791E-04
7.316591E+03	8.519027E-03	9.372707E-04
7.326478E+03	8.452477E-03	9.306069E-04
7.336365E+03	8.379287E-03	9.232024E-04
7.346253E+03	8.300103E-03	9.151268E-04
7.356140E+03	8.215616E-03	9.064549E-04
7.366027E+03	8.126749E-03	8.972876E-04
7.375915E+03	8.034114E-03	8.876912E-04
7.385802E+03	7.938528E-03	8.777551E-04
7.395689E+03	7.840796E-03	8.675679E-04
7.405576E+03	7.741586E-03	8.572030E-04
7.415464E+03	7.641646E-03	8.467427E-04
7.425351E+03	7.541680E-03	8.362649E-04
7.435238E+03	7.442347E-03	8.258425E-04
7.445126E+03	7.344160E-03	8.155327E-04
7.455013E+03	7.247787E-03	8.054097E-04
7.464900E+03	7.153756E-03	7.955329E-04
7.474787E+03	7.062452E-03	7.859453E-04
7.484675E+03	6.974393E-03	7.767054E-04
7.494562E+03	6.889842E-03	7.678429E-04
7.504449E+03	6.809184E-03	7.594019E-04
7.514337E+03	6.732640E-03	7.514078E-04
7.524224E+03	6.660366E-03	7.438788E-04
7.534111E+03	6.592359E-03	7.368158E-04
7.543998E+03	6.528825E-03	7.302426E-04
7.553886E+03	6.469552E-03	7.241366E-04
7.563773E+03	6.414618E-03	7.185075E-04
7.573660E+03	6.363790E-03	7.133302E-04
7.583548E+03	6.316863E-03	7.085827E-04
7.593435E+03	6.273680E-03	7.042481E-04
7.603322E+03	6.233861E-03	7.002849E-04
7.613209E+03	6.197158E-03	6.966657E-04
7.623097E+03	6.163127E-03	6.933414E-04
7.632984E+03	6.131464E-03	6.902784E-04
7.642871E+03	6.101746E-03	6.874297E-04
7.652759E+03	6.073467E-03	6.847384E-04
7.662646E+03	6.046267E-03	6.821644E-04
7.672533E+03	6.019705E-03	6.796581E-04
7.682420E+03	5.993340E-03	6.771699E-04
7.692308E+03	5.966744E-03	6.746512E-04
7.702195E+03	5.939503E-03	6.720553E-04
7.712082E+03	5.911144E-03	6.693284E-04
7.721970E+03	5.881459E-03	6.664465E-04
7.731857E+03	5.850037E-03	6.633628E-04
7.741744E+03	5.816499E-03	6.600337E-04
7.751631E+03	5.780741E-03	6.564470E-04
7.761519E+03	5.742382E-03	6.525588E-04
7.771406E+03	5.701405E-03	6.483663E-04
7.781293E+03	5.657512E-03	6.438351E-04
7.791181E+03	5.610767E-03	6.389720E-04
7.801068E+03	5.560973E-03	6.337533E-04
7.810955E+03	5.508268E-03	6.281945E-04
7.820842E+03	5.452618E-03	6.222907E-04
7.830730E+03	5.394024E-03	6.160412E-04
7.840617E+03	5.332751E-03	6.094758E-04
7.850504E+03	5.268875E-03	6.026024E-04
7.860392E+03	5.202653E-03	5.954498E-04
7.870279E+03	5.134229E-03	5.880340E-04
7.880166E+03	5.063919E-03	5.803906E-04
7.890053E+03	4.991988E-03	5.725494E-04
7.899941E+03	4.918720E-03	5.645428E-04
7.909828E+03	4.844419E-03	5.564053E-04
7.919715E+03	4.769526E-03	5.481874E-04
7.929603E+03	4.694295E-03	5.399181E-04
7.939490E+03	4.619169E-03	5.316485E-04
7.949377E+03	4.544412E-03	5.234087E-04
7.959264E+03	4.470332E-03	5.152345E-04
7.969152E+03	4.397310E-03	5.071700E-04
7.979039E+03	4.325584E-03	4.992430E-04
7.988926E+03	4.255452E-03	4.914880E-04
7.998814E+03	4.187140E-03	4.839319E-04
8.008701E+03	4.120924E-03	4.766067E-04
8.018588E+03	4.057129E-03	4.695507E-04
8.028475E+03	3.995834E-03	4.627736E-04
8.038363E+03	3.937394E-03	4.563171E-04
8.048250E+03	3.882040E-03	4.502087E-04
8.058137E+03	3.829885E-03	4.444625E-04
8.068025E+03	3.781194E-03	4.391096E-04
8.077912E+03	3.736124E-03	4.341694E-04
8.087799E+03	3.694921E-03	4.296712E-04
8.097686E+03	3.657729E-03	4.256328E-04
8.107574E+03	3.624794E-03	4.220837E-04
8.117461E+03	3.596199E-03	4.190347E-04
8.127348E+03	3.572234E-03	4.165204E-04
8.137236E+03	3.552996E-03	4.145535E-04
8.147123E+03	3.538720E-03	4.131623E-04
8.157010E+03	3.529560E-03	4.123660E-04
8.166897E+03	3.525710E-03	4.121886E-04
8.176785E+03	3.527435E-03	4.126622E-04
8.186672E+03	3.534843E-03	4.138007E-04
8.196559E+03	3.548213E-03	4.156381E-04
8.206447E+03	3.567767E-03	4.182019E-04
8.216334E+03	3.593696E-03	4.215157E-04
8.226221E+03	3.626249E-03	4.256104E-04
8.236108E+03	3.665678E-03	4.305168E-04
8.245996E+03	3.712244E-03	4.362673E-04
8.255883E+03	3.766165E-03	4.428892E-04
8.265770E+03	3.827707E-03	4.504154E-04
8.275658E+03	3.897150E-03	4.588803E-04
8.285545E+03	3.974758E-03	4.683170E-04
8.295432E+03	4.060803E-03	4.787593E-04
8.305319E+03	4.155437E-03	4.902269E-04
8.315207E+03	4.258951E-03	5.027561E-04
8.325094E+03	4.371569E-03	5.163753E-04
8.334981E+03	4.493430E-03	5.311029E-04
8.344868E+03	4.624697E-03	5.469600E-04
8.354756E+03	4.765479E-03	5.639615E-04
8.364643E+03	4.915782E-03	5.821104E-04
8.374530E+03	5.075601E-03	6.014078E-04
8.384418E+03	5.244860E-03	6.218468E-04
8.394305E+03	5.423334E-03	6.434025E-04
8.404192E+03	5.610684E-03	6.660369E-04
8.414079E+03	5.806700E-03	6.897266E-04
8.423967E+03	6.010672E-03	7.143891E-04
8.433854E+03	6.222153E-03	7.399728E-04
8.443741E+03	6.440245E-03	7.663722E-04
8.453629E+03	6.663981E-03	7.934736E-04
8.463516E+03	6.892524E-03	8.211781E-04
8.473403E+03	7.124548E-03	8.493288E-04
8.483290E+03	7.358660E-03	8.777600E-04
8.493178E+03	7.593547E-03	9.063151E-04
8.503065E+03	7.827584E-03	9.348003E-04
8.512952E+03	8.059152E-03	9.630217E-04
8.522840E+03	8.286336E-03	9.907495E-04
8.532727E+03	8.507614E-03	1.017801E-03
8.542614E+03	8.720874E-03	1.043921E-03
8.552501E+03	8.924596E-03	1.068927E-03
8.562389E+03	9.116832E-03	1.092582E-03
8.572276E+03	9.295934E-03	1.114687E-03
8.582163E+03	9.460379E-03	1.135056E-03
8.592051E+03	9.608501E-03	1.153486E-03
8.601938E+03	9.739340E-03	1.169857E-03
8.611825E+03	9.851573E-03	1.184008E-03
8.621712E+03	9.944354E-03	1.195833E-03
8.631600E+03	1.001705E-02	1.205252E-03
8.641487E+03	1.006911E-02	1.212193E-03
8.651374E+03	1.010033E-02	1.216629E-03
8.661262E+03	1.011061E-02	1.218543E-03
8.671149E+03	1.010033E-02	1.217977E-03
8.681036E+03	1.006993E-02	1.214979E-03
8.690923E+03	1.001973E-02	1.209585E-03
8.700811E+03	9.950672E-03	1.201904E-03
8.710698E+03	9.863828E-03	1.192061E-03
8.720585E+03	9.759961E-03	1.180147E-03
8.730473E+03	9.640512E-03	1.166332E-03
8.740360E+03	9.506709E-03	1.150761E-03
8.750247E+03	9.359691E-03	1.133570E-03
8.760134E+03	9.201200E-03	1.114968E-03
8.770022E+03	9.032275E-03	1.095078E-03
8.779909E+03	8.854522E-03	1.074093E-03
8.789796E+03	8.669365E-03	1.052185E-03
8.799684E+03	8.478193E-03	1.029521E-03
8.809571E+03	8.282204E-03	1.006245E-03
8.819458E+03	8.082670E-03	9.825117E-04
8.829345E+03	7.880917E-03	9.584812E-04
8.839233E+03	7.677802E-03	9.342578E-04
8.849120E+03	7.474611E-03	9.099981E-04
8.859007E+03	7.272039E-03	8.857866E-04
8.868895E+03	7.071069E-03	8.617435E-04
8.878782E+03	6.872464E-03	8.379623E-04
8.888669E+03	6.676674E-03	8.144983E-04
8.898556E+03	6.484538E-03	7.914549E-04
8.938106E+03	5.759686E-03	7.043756E-04
8.977655E+03	5.117711E-03	6.270814E-04
9.017204E+03	4.564063E-03	5.603080E-04
9.056753E+03	4.095096E-03	5.036754E-04
9.096302E+03	3.701785E-03	4.561355E-04
9.135851E+03	3.373567E-03	4.164402E-04
9.175400E+03	3.099635E-03	3.833004E-04
9.214950E+03	2.870225E-03	3.555454E-04
9.254499E+03	2.676807E-03	3.321480E-04
9.294048E+03	2.512485E-03	3.122761E-04
9.333597E+03	2.371602E-03	2.952453E-04
9.373146E+03	2.249594E-03	2.805027E-04
9.412695E+03	2.142842E-03	2.676088E-04
9.452244E+03	2.048460E-03	2.562129E-04
9.491794E+03	1.964277E-03	2.460512E-04
9.531343E+03	1.888306E-03	2.368812E-04
9.570892E+03	1.819172E-03	2.285357E-04
9.610441E+03	1.755799E-03	2.208837E-04
9.649990E+03	1.697175E-03	2.138016E-04
9.689539E+03	1.642458E-03	2.071864E-04
9.729088E+03	1.591187E-03	2.009824E-04
9.768638E+03	1.542754E-03	1.951150E-04
9.808187E+03	1.496794E-03	1.895400E-04
9.847736E+03	1.453002E-03	1.842204E-04
9.887285E+03	1.411119E-03	1.791249E-04
9.926834E+03	1.371004E-03	1.742368E-04
9.966383E+03	1.332358E-03	1.695195E-04
1.000593E+04	1.295166E-03	1.649721E-04
1.004548E+04	1.259335E-03	1.605836E-04
1.008503E+04	1.224673E-03	1.563306E-04
1.012458E+04	1.191274E-03	1.522260E-04
1.016413E+04	1.158940E-03	1.482454E-04
1.020368E+04	1.127753E-03	1.443997E-04
