#wls	flux	fluxerr
1.595464E+03	5.172508E-16	2.082346E-17
1.635351E+03	4.536328E-16	1.814063E-17
1.675237E+03	3.973462E-16	1.578204E-17
1.715124E+03	3.478835E-16	1.372223E-17
1.755011E+03	3.046432E-16	1.193246E-17
1.794897E+03	2.670256E-16	1.038463E-17
1.834784E+03	2.344069E-16	9.050258E-18
1.874670E+03	2.062987E-16	7.906664E-18
1.914557E+03	1.821300E-16	6.928508E-18
1.954444E+03	1.614993E-16	6.097429E-18
1.994330E+03	1.441031E-16	5.399149E-18
2.034217E+03	1.297839E-16	4.825128E-18
2.074103E+03	1.185335E-16	4.372472E-18
2.113990E+03	1.105731E-16	4.046663E-18
2.153877E+03	1.061413E-16	3.853546E-18
2.193763E+03	1.053731E-16	3.794924E-18
2.233650E+03	1.083320E-16	3.869898E-18
2.273536E+03	1.151499E-16	4.079908E-18
2.313423E+03	1.261065E-16	4.431461E-18
2.353310E+03	1.417049E-16	4.938540E-18
2.393196E+03	1.627021E-16	5.623339E-18
2.433083E+03	1.899738E-16	6.511296E-18
2.472969E+03	2.245497E-16	7.632115E-18
2.512856E+03	2.673091E-16	9.009278E-18
2.552743E+03	3.190265E-16	1.066175E-17
2.592629E+03	3.799151E-16	1.258901E-17
2.632516E+03	4.497820E-16	1.477692E-17
2.672402E+03	5.278147E-16	1.719135E-17
2.712289E+03	6.127651E-16	1.978497E-17
2.752176E+03	7.030929E-16	2.250243E-17
2.792062E+03	7.967392E-16	2.527362E-17
2.831949E+03	8.917255E-16	2.803319E-17
2.871835E+03	9.858794E-16	3.071198E-17
2.911722E+03	1.077369E-15	3.325377E-17
2.951609E+03	1.164840E-15	3.561901E-17
2.991495E+03	1.247599E-15	3.778979E-17
3.001467E+03	1.267581E-15	3.830339E-17
3.011438E+03	1.287203E-15	3.880315E-17
3.021410E+03	1.306528E-15	3.929104E-17
3.031382E+03	1.325635E-15	3.976945E-17
3.041353E+03	1.344525E-15	4.023852E-17
3.051325E+03	1.363189E-15	4.069801E-17
3.061297E+03	1.381692E-15	4.114984E-17
3.071268E+03	1.400033E-15	4.159405E-17
3.081240E+03	1.418214E-15	4.203076E-17
3.091212E+03	1.436305E-15	4.246202E-17
3.101183E+03	1.454247E-15	4.288615E-17
3.111155E+03	1.472179E-15	4.330724E-17
3.121127E+03	1.489981E-15	4.372177E-17
3.131098E+03	1.507860E-15	4.413583E-17
3.141070E+03	1.525634E-15	4.454410E-17
3.151042E+03	1.543514E-15	4.495270E-17
3.161013E+03	1.561451E-15	4.536024E-17
3.170985E+03	1.579529E-15	4.576910E-17
3.180957E+03	1.597701E-15	4.617791E-17
3.190928E+03	1.616055E-15	4.658916E-17
3.200900E+03	1.634675E-15	4.700525E-17
3.210871E+03	1.653522E-15	4.742498E-17
3.220843E+03	1.672683E-15	4.785082E-17
3.230815E+03	1.692248E-15	4.828526E-17
3.240786E+03	1.712245E-15	4.872894E-17
3.250758E+03	1.732636E-15	4.918076E-17
3.260730E+03	1.753578E-15	4.964505E-17
3.270701E+03	1.775102E-15	5.012250E-17
3.280673E+03	1.797174E-15	5.061212E-17
3.290645E+03	1.819953E-15	5.111819E-17
3.300616E+03	1.843473E-15	5.164148E-17
3.310588E+03	1.867829E-15	5.218453E-17
3.320560E+03	1.892996E-15	5.274642E-17
3.330531E+03	1.919011E-15	5.332801E-17
3.340503E+03	1.946097E-15	5.393530E-17
3.350475E+03	1.974172E-15	5.456574E-17
3.360446E+03	2.003339E-15	5.522197E-17
3.370418E+03	2.033641E-15	5.590490E-17
3.380390E+03	2.065183E-15	5.661721E-17
3.390361E+03	2.098075E-15	5.736158E-17
3.400333E+03	2.132243E-15	5.813567E-17
3.410305E+03	2.167857E-15	5.894389E-17
3.420276E+03	2.204973E-15	5.978735E-17
3.430248E+03	2.243582E-15	6.066553E-17
3.440219E+03	2.283741E-15	6.157959E-17
3.450191E+03	2.325627E-15	6.253397E-17
3.460163E+03	2.369116E-15	6.352493E-17
3.470134E+03	2.414325E-15	6.455525E-17
3.480106E+03	2.461310E-15	6.562607E-17
3.490078E+03	2.510006E-15	6.673521E-17
3.500049E+03	2.560467E-15	6.788375E-17
3.510021E+03	2.612625E-15	6.906950E-17
3.519993E+03	2.666533E-15	7.029348E-17
3.529964E+03	2.722183E-15	7.155511E-17
3.539936E+03	2.779505E-15	7.285213E-17
3.549908E+03	2.838487E-15	7.418388E-17
3.559879E+03	2.899180E-15	7.555133E-17
3.569851E+03	2.961509E-15	7.695214E-17
3.579823E+03	3.025458E-15	7.838552E-17
3.589794E+03	3.090946E-15	7.984902E-17
3.599766E+03	3.157888E-15	8.134010E-17
3.609738E+03	3.226323E-15	8.285940E-17
3.619709E+03	3.296158E-15	8.440426E-17
3.629681E+03	3.367425E-15	8.597514E-17
3.639652E+03	3.440151E-15	8.757241E-17
3.649624E+03	3.514362E-15	8.919641E-17
3.659596E+03	3.590079E-15	9.084732E-17
3.669567E+03	3.667318E-15	9.252524E-17
3.679539E+03	3.746096E-15	9.423022E-17
3.689511E+03	3.826418E-15	9.596209E-17
3.699482E+03	3.908224E-15	9.771896E-17
3.709454E+03	3.991647E-15	9.950385E-17
3.719426E+03	4.076545E-15	1.013129E-16
3.729397E+03	4.162906E-15	1.031454E-16
3.739369E+03	4.250709E-15	1.050006E-16
3.749341E+03	4.340003E-15	1.068793E-16
3.759312E+03	4.430613E-15	1.087771E-16
3.769284E+03	4.522573E-15	1.106943E-16
3.779256E+03	4.615838E-15	1.126297E-16
3.789227E+03	4.710284E-15	1.145799E-16
3.799199E+03	4.805853E-15	1.165433E-16
3.809171E+03	4.902477E-15	1.185181E-16
3.819142E+03	5.000084E-15	1.205022E-16
3.829114E+03	5.098520E-15	1.224919E-16
3.839085E+03	5.197772E-15	1.244866E-16
3.849057E+03	5.297674E-15	1.264823E-16
3.859029E+03	5.398126E-15	1.284765E-16
3.869000E+03	5.499104E-15	1.304684E-16
3.878972E+03	5.600343E-15	1.324520E-16
3.888944E+03	5.701732E-15	1.344244E-16
3.898915E+03	5.803232E-15	1.363848E-16
3.908887E+03	5.904727E-15	1.383305E-16
3.918859E+03	6.006015E-15	1.402569E-16
3.928830E+03	6.106975E-15	1.421613E-16
3.938802E+03	6.207483E-15	1.440411E-16
3.948774E+03	6.307418E-15	1.458934E-16
3.958745E+03	6.406657E-15	1.477159E-16
3.968717E+03	6.505081E-15	1.495058E-16
3.978689E+03	6.602488E-15	1.512590E-16
3.988660E+03	6.698844E-15	1.529751E-16
3.998632E+03	6.794039E-15	1.546517E-16
4.008604E+03	6.887877E-15	1.562848E-16
4.018575E+03	6.980253E-15	1.578726E-16
4.028547E+03	7.071065E-15	1.594131E-16
4.038518E+03	7.160302E-15	1.609065E-16
4.048490E+03	7.247700E-15	1.623475E-16
4.058462E+03	7.333345E-15	1.637385E-16
4.068433E+03	7.416979E-15	1.650742E-16
4.078405E+03	7.498612E-15	1.663556E-16
4.088377E+03	7.578085E-15	1.675796E-16
4.098348E+03	7.655418E-15	1.687473E-16
4.108320E+03	7.730462E-15	1.698561E-16
4.118292E+03	7.803158E-15	1.709054E-16
4.128263E+03	7.873459E-15	1.718947E-16
4.138235E+03	7.941232E-15	1.728218E-16
4.148207E+03	8.006518E-15	1.736884E-16
4.158178E+03	8.069203E-15	1.744928E-16
4.168150E+03	8.129260E-15	1.752349E-16
4.178122E+03	8.186585E-15	1.759134E-16
4.188093E+03	8.241148E-15	1.765284E-16
4.198065E+03	8.292952E-15	1.770806E-16
4.208037E+03	8.341911E-15	1.775690E-16
4.218008E+03	8.388036E-15	1.779946E-16
4.227980E+03	8.431150E-15	1.783544E-16
4.237952E+03	8.471477E-15	1.786540E-16
4.247923E+03	8.508776E-15	1.788890E-16
4.257895E+03	8.543092E-15	1.790611E-16
4.267866E+03	8.574487E-15	1.791725E-16
4.277838E+03	8.602934E-15	1.792233E-16
4.287810E+03	8.628413E-15	1.792138E-16
4.297781E+03	8.651031E-15	1.791471E-16
4.307753E+03	8.670720E-15	1.790225E-16
4.317725E+03	8.687681E-15	1.788448E-16
4.327696E+03	8.701798E-15	1.786123E-16
4.337668E+03	8.713498E-15	1.783345E-16
4.347640E+03	8.722619E-15	1.780088E-16
4.357611E+03	8.729653E-15	1.776457E-16
4.367583E+03	8.734734E-15	1.772484E-16
4.377555E+03	8.738211E-15	1.768247E-16
4.387526E+03	8.740452E-15	1.763823E-16
4.397498E+03	8.742090E-15	1.759341E-16
4.407470E+03	8.743484E-15	1.754873E-16
4.417441E+03	8.745050E-15	1.750502E-16
4.427413E+03	8.747203E-15	1.746309E-16
4.437385E+03	8.750314E-15	1.742368E-16
4.447356E+03	8.754722E-15	1.738742E-16
4.457328E+03	8.760561E-15	1.735457E-16
4.467299E+03	8.768089E-15	1.732558E-16
4.477271E+03	8.777424E-15	1.730068E-16
4.487243E+03	8.788741E-15	1.728017E-16
4.497214E+03	8.801814E-15	1.726357E-16
4.507186E+03	8.816916E-15	1.725139E-16
4.517158E+03	8.833749E-15	1.724301E-16
4.527129E+03	8.852177E-15	1.723813E-16
4.537101E+03	8.872211E-15	1.723675E-16
4.547073E+03	8.893677E-15	1.723850E-16
4.557044E+03	8.916219E-15	1.724267E-16
4.567016E+03	8.939719E-15	1.724901E-16
4.576988E+03	8.963992E-15	1.725715E-16
4.586959E+03	8.988753E-15	1.726653E-16
4.596931E+03	9.013724E-15	1.727661E-16
4.606903E+03	9.038731E-15	1.728704E-16
4.616874E+03	9.063519E-15	1.729734E-16
4.626846E+03	9.087752E-15	1.730687E-16
4.636818E+03	9.111206E-15	1.731520E-16
4.646789E+03	9.133675E-15	1.732195E-16
4.656761E+03	9.154881E-15	1.732661E-16
4.666732E+03	9.174470E-15	1.732851E-16
4.676704E+03	9.192393E-15	1.732759E-16
4.686676E+03	9.208160E-15	1.732293E-16
4.696647E+03	9.221755E-15	1.731454E-16
4.706619E+03	9.233008E-15	1.730211E-16
4.716591E+03	9.241847E-15	1.728553E-16
4.726562E+03	9.248426E-15	1.726512E-16
4.736534E+03	9.253059E-15	1.724148E-16
4.746506E+03	9.256020E-15	1.721514E-16
4.756477E+03	9.257402E-15	1.718629E-16
4.766449E+03	9.257598E-15	1.715569E-16
4.776421E+03	9.256804E-15	1.712369E-16
4.786392E+03	9.255434E-15	1.709107E-16
4.796364E+03	9.253543E-15	1.705795E-16
4.806336E+03	9.251539E-15	1.702508E-16
4.816307E+03	9.249487E-15	1.699259E-16
4.826279E+03	9.247817E-15	1.696125E-16
4.836251E+03	9.246696E-15	1.693139E-16
4.846222E+03	9.246193E-15	1.690312E-16
4.856194E+03	9.246741E-15	1.687723E-16
4.866165E+03	9.248417E-15	1.685387E-16
4.876137E+03	9.251376E-15	1.683330E-16
4.886109E+03	9.255879E-15	1.681601E-16
4.896080E+03	9.262090E-15	1.680227E-16
4.906052E+03	9.270144E-15	1.679233E-16
4.916024E+03	9.280307E-15	1.678667E-16
4.925995E+03	9.292531E-15	1.678520E-16
4.935967E+03	9.307137E-15	1.678848E-16
4.945939E+03	9.324273E-15	1.679678E-16
4.955910E+03	9.343975E-15	1.681016E-16
4.965882E+03	9.366363E-15	1.682883E-16
4.975854E+03	9.391538E-15	1.685297E-16
4.985825E+03	9.419713E-15	1.688297E-16
4.995797E+03	9.450869E-15	1.691877E-16
5.005769E+03	9.485099E-15	1.696056E-16
5.015740E+03	9.522457E-15	1.700844E-16
5.025712E+03	9.563101E-15	1.706267E-16
5.035684E+03	9.606883E-15	1.712302E-16
5.045655E+03	9.653903E-15	1.718966E-16
5.055627E+03	9.704170E-15	1.726262E-16
5.065599E+03	9.757672E-15	1.734189E-16
5.075570E+03	9.814363E-15	1.742741E-16
5.085542E+03	9.874201E-15	1.751911E-16
5.095513E+03	9.936905E-15	1.761653E-16
5.105485E+03	1.000267E-14	1.772002E-16
5.115457E+03	1.007117E-14	1.782903E-16
5.125428E+03	1.014228E-14	1.794339E-16
5.135400E+03	1.021580E-14	1.806276E-16
5.145372E+03	1.029156E-14	1.818688E-16
5.155343E+03	1.036935E-14	1.831542E-16
5.165315E+03	1.044902E-14	1.844813E-16
5.175287E+03	1.053002E-14	1.858412E-16
5.185258E+03	1.061236E-14	1.872344E-16
5.195230E+03	1.069555E-14	1.886527E-16
5.205202E+03	1.077938E-14	1.900930E-16
5.215173E+03	1.086339E-14	1.915477E-16
5.225145E+03	1.094716E-14	1.930099E-16
5.235117E+03	1.103053E-14	1.944772E-16
5.245088E+03	1.111301E-14	1.959419E-16
5.255060E+03	1.119424E-14	1.973981E-16
5.265032E+03	1.127371E-14	1.988372E-16
5.275003E+03	1.135106E-14	2.002535E-16
5.284975E+03	1.142600E-14	2.016425E-16
5.294946E+03	1.149792E-14	2.029940E-16
5.304918E+03	1.156667E-14	2.043059E-16
5.314890E+03	1.163167E-14	2.055682E-16
5.324861E+03	1.169255E-14	2.067752E-16
5.334833E+03	1.174908E-14	2.079230E-16
5.344805E+03	1.180084E-14	2.090046E-16
5.354776E+03	1.184741E-14	2.100128E-16
5.364748E+03	1.188875E-14	2.109474E-16
5.374720E+03	1.192428E-14	2.117982E-16
5.384691E+03	1.195392E-14	2.125638E-16
5.394663E+03	1.197752E-14	2.132417E-16
5.404635E+03	1.199487E-14	2.138283E-16
5.414606E+03	1.200606E-14	2.143251E-16
5.424578E+03	1.201090E-14	2.147280E-16
5.434550E+03	1.200961E-14	2.150404E-16
5.444521E+03	1.200222E-14	2.152621E-16
5.454493E+03	1.198909E-14	2.153985E-16
5.464465E+03	1.197057E-14	2.154551E-16
5.474436E+03	1.194662E-14	2.154301E-16
5.484408E+03	1.191792E-14	2.153348E-16
5.494379E+03	1.188447E-14	2.151681E-16
5.504351E+03	1.184672E-14	2.149375E-16
5.514323E+03	1.180519E-14	2.146510E-16
5.524294E+03	1.176013E-14	2.143125E-16
5.534266E+03	1.171191E-14	2.139277E-16
5.544238E+03	1.166102E-14	2.135045E-16
5.554209E+03	1.160771E-14	2.130469E-16
5.564181E+03	1.155246E-14	2.125626E-16
5.574153E+03	1.149559E-14	2.120568E-16
5.584124E+03	1.143742E-14	2.115347E-16
5.594096E+03	1.137838E-14	2.110034E-16
5.604068E+03	1.131851E-14	2.104629E-16
5.614039E+03	1.125829E-14	2.099220E-16
5.624011E+03	1.119795E-14	2.093838E-16
5.633983E+03	1.113758E-14	2.088499E-16
5.643954E+03	1.107744E-14	2.083247E-16
5.653926E+03	1.101772E-14	2.078109E-16
5.663898E+03	1.095849E-14	2.073100E-16
5.673869E+03	1.089986E-14	2.068233E-16
5.683841E+03	1.084189E-14	2.063516E-16
5.693812E+03	1.078470E-14	2.058973E-16
5.703784E+03	1.072822E-14	2.054581E-16
5.713756E+03	1.067253E-14	2.050358E-16
5.723727E+03	1.061757E-14	2.046289E-16
5.733699E+03	1.056331E-14	2.042363E-16
5.743671E+03	1.050955E-14	2.038542E-16
5.753642E+03	1.045642E-14	2.034847E-16
5.763614E+03	1.040372E-14	2.031237E-16
5.773586E+03	1.035133E-14	2.027685E-16
5.783557E+03	1.029925E-14	2.024188E-16
5.793529E+03	1.024736E-14	2.020722E-16
5.803501E+03	1.019544E-14	2.017239E-16
5.813472E+03	1.014360E-14	2.013757E-16
5.823444E+03	1.009151E-14	2.010210E-16
5.833416E+03	1.003919E-14	2.006598E-16
5.843387E+03	9.986680E-15	2.002923E-16
5.853359E+03	9.933790E-15	1.999147E-16
5.863331E+03	9.880590E-15	1.995280E-16
5.873302E+03	9.827043E-15	1.991310E-16
5.883274E+03	9.773026E-15	1.987210E-16
5.893246E+03	9.718780E-15	1.983026E-16
5.903217E+03	9.664114E-15	1.978716E-16
5.913189E+03	9.609296E-15	1.974331E-16
5.923160E+03	9.554390E-15	1.969883E-16
5.933132E+03	9.499387E-15	1.965367E-16
5.943104E+03	9.444501E-15	1.960826E-16
5.953075E+03	9.389856E-15	1.956285E-16
5.963047E+03	9.335595E-15	1.951770E-16
5.973019E+03	9.281973E-15	1.947337E-16
5.982990E+03	9.229050E-15	1.942996E-16
5.992962E+03	9.176999E-15	1.938784E-16
6.002934E+03	9.126098E-15	1.934760E-16
6.012905E+03	9.076528E-15	1.930965E-16
6.022877E+03	9.028469E-15	1.927438E-16
6.032849E+03	8.981994E-15	1.924198E-16
6.042820E+03	8.937482E-15	1.921327E-16
6.052792E+03	8.894895E-15	1.918821E-16
6.062764E+03	8.854490E-15	1.916739E-16
6.072735E+03	8.816411E-15	1.915115E-16
6.082707E+03	8.780588E-15	1.913940E-16
6.092679E+03	8.747238E-15	1.913265E-16
6.102650E+03	8.716256E-15	1.913070E-16
6.112622E+03	8.687721E-15	1.913380E-16
6.122593E+03	8.661391E-15	1.914143E-16
6.132565E+03	8.637201E-15	1.915352E-16
6.142537E+03	8.615063E-15	1.916990E-16
6.152508E+03	8.594665E-15	1.918991E-16
6.162480E+03	8.576072E-15	1.921374E-16
6.172452E+03	8.559327E-15	1.924153E-16
6.182423E+03	8.544547E-15	1.927356E-16
6.192395E+03	8.531932E-15	1.931034E-16
6.202367E+03	8.521454E-15	1.935184E-16
6.212338E+03	8.513163E-15	1.939823E-16
6.222310E+03	8.506887E-15	1.944915E-16
6.232282E+03	8.502530E-15	1.950444E-16
6.242253E+03	8.499879E-15	1.956364E-16
6.252225E+03	8.498905E-15	1.962673E-16
6.262197E+03	8.499253E-15	1.969290E-16
6.272168E+03	8.500655E-15	1.976156E-16
6.282140E+03	8.502826E-15	1.983205E-16
6.292112E+03	8.505577E-15	1.990394E-16
6.302083E+03	8.508495E-15	1.997627E-16
6.312055E+03	8.511371E-15	2.004852E-16
6.322026E+03	8.513776E-15	2.011969E-16
6.331998E+03	8.515386E-15	2.018897E-16
6.341970E+03	8.515986E-15	2.025583E-16
6.351941E+03	8.515149E-15	2.031922E-16
6.361913E+03	8.512678E-15	2.037862E-16
6.371885E+03	8.508175E-15	2.043304E-16
6.381856E+03	8.501591E-15	2.048229E-16
6.391828E+03	8.492581E-15	2.052548E-16
6.401800E+03	8.481046E-15	2.056232E-16
6.411771E+03	8.466812E-15	2.059232E-16
6.421743E+03	8.449624E-15	2.061477E-16
6.431715E+03	8.429255E-15	2.062906E-16
6.441686E+03	8.405503E-15	2.063461E-16
6.451658E+03	8.378083E-15	2.063063E-16
6.461630E+03	8.347177E-15	2.061748E-16
6.471601E+03	8.312441E-15	2.059423E-16
6.481573E+03	8.273883E-15	2.056081E-16
6.491545E+03	8.231429E-15	2.051694E-16
6.501516E+03	8.185362E-15	2.046323E-16
6.511488E+03	8.135544E-15	2.039926E-16
6.521459E+03	8.082082E-15	2.032521E-16
6.531431E+03	8.025214E-15	2.024160E-16
6.541403E+03	7.964981E-15	2.014845E-16
6.551374E+03	7.901658E-15	2.004638E-16
6.561346E+03	7.835431E-15	1.993581E-16
6.571318E+03	7.766499E-15	1.981716E-16
6.581289E+03	7.695074E-15	1.969094E-16
6.591261E+03	7.621488E-15	1.955794E-16
6.601233E+03	7.545864E-15	1.941842E-16
6.611204E+03	7.468546E-15	1.927324E-16
6.621176E+03	7.389776E-15	1.912298E-16
6.631148E+03	7.309800E-15	1.896826E-16
6.641119E+03	7.228962E-15	1.880994E-16
6.651091E+03	7.147400E-15	1.864839E-16
6.661063E+03	7.065455E-15	1.848447E-16
6.671034E+03	6.983256E-15	1.831851E-16
6.681006E+03	6.901227E-15	1.815165E-16
6.690978E+03	6.819483E-15	1.798418E-16
6.700949E+03	6.738229E-15	1.781666E-16
6.710921E+03	6.657660E-15	1.764962E-16
6.720893E+03	6.578055E-15	1.748383E-16
6.730864E+03	6.499488E-15	1.731951E-16
6.740836E+03	6.422212E-15	1.715735E-16
6.750807E+03	6.346274E-15	1.699752E-16
6.760779E+03	6.271998E-15	1.684093E-16
6.770751E+03	6.199309E-15	1.668740E-16
6.780722E+03	6.128409E-15	1.653753E-16
6.790694E+03	6.059387E-15	1.639159E-16
6.800666E+03	5.992231E-15	1.624960E-16
6.810637E+03	5.927193E-15	1.611228E-16
6.820609E+03	5.864234E-15	1.597958E-16
6.830581E+03	5.803400E-15	1.585167E-16
6.840552E+03	5.744724E-15	1.572868E-16
6.850524E+03	5.688230E-15	1.561073E-16
6.860496E+03	5.633933E-15	1.549791E-16
6.870467E+03	5.581837E-15	1.539027E-16
6.880439E+03	5.531941E-15	1.528787E-16
6.890411E+03	5.484234E-15	1.519072E-16
6.900382E+03	5.438700E-15	1.509881E-16
6.910354E+03	5.395399E-15	1.501238E-16
6.920326E+03	5.354132E-15	1.493089E-16
6.930297E+03	5.315033E-15	1.485478E-16
6.940269E+03	5.277978E-15	1.478373E-16
6.950240E+03	5.242923E-15	1.471768E-16
6.960212E+03	5.209735E-15	1.465628E-16
6.970184E+03	5.178532E-15	1.459991E-16
6.980155E+03	5.149174E-15	1.454820E-16
6.990127E+03	5.121604E-15	1.450105E-16
7.000099E+03	5.095763E-15	1.445830E-16
7.010070E+03	5.071589E-15	1.441984E-16
7.020042E+03	5.049017E-15	1.438549E-16
7.030014E+03	5.027983E-15	1.435511E-16
7.039985E+03	5.008336E-15	1.432830E-16
7.049957E+03	4.990178E-15	1.430539E-16
7.059929E+03	4.973358E-15	1.428595E-16
7.069900E+03	4.957807E-15	1.426983E-16
7.079872E+03	4.943370E-15	1.425660E-16
7.089844E+03	4.930152E-15	1.424658E-16
7.099815E+03	4.917913E-15	1.423911E-16
7.109787E+03	4.906756E-15	1.423450E-16
7.119759E+03	4.896530E-15	1.423234E-16
7.129730E+03	4.887083E-15	1.423220E-16
7.139702E+03	4.878523E-15	1.423441E-16
7.149673E+03	4.870699E-15	1.423855E-16
7.159645E+03	4.863552E-15	1.424446E-16
7.169617E+03	4.857021E-15	1.425197E-16
7.179588E+03	4.851134E-15	1.426119E-16
7.189560E+03	4.845751E-15	1.427171E-16
7.199532E+03	4.840903E-15	1.428364E-16
7.209503E+03	4.836452E-15	1.429657E-16
7.219475E+03	4.832439E-15	1.431065E-16
7.229447E+03	4.828817E-15	1.432573E-16
7.239418E+03	4.825632E-15	1.434197E-16
7.249390E+03	4.822665E-15	1.435872E-16
7.259362E+03	4.820058E-15	1.437642E-16
7.269333E+03	4.817776E-15	1.439497E-16
7.279305E+03	4.815788E-15	1.441428E-16
7.289277E+03	4.813974E-15	1.443400E-16
7.299248E+03	4.812580E-15	1.445488E-16
7.309220E+03	4.811400E-15	1.447630E-16
7.319192E+03	4.810414E-15	1.449822E-16
7.329163E+03	4.809785E-15	1.452113E-16
7.339135E+03	4.809406E-15	1.454471E-16
7.349106E+03	4.809353E-15	1.456921E-16
7.359078E+03	4.809521E-15	1.459432E-16
7.369050E+03	4.809897E-15	1.461999E-16
7.379021E+03	4.810564E-15	1.464650E-16
7.388993E+03	4.811511E-15	1.467381E-16
7.398965E+03	4.812634E-15	1.470162E-16
7.408936E+03	4.813921E-15	1.472989E-16
7.418908E+03	4.815363E-15	1.475861E-16
7.428880E+03	4.816946E-15	1.478773E-16
7.438851E+03	4.818754E-15	1.481753E-16
7.448823E+03	4.820581E-15	1.484737E-16
7.458795E+03	4.822507E-15	1.487750E-16
7.468766E+03	4.824515E-15	1.490789E-16
7.478738E+03	4.826584E-15	1.493846E-16
7.488710E+03	4.828498E-15	1.496855E-16
7.498681E+03	4.830425E-15	1.499869E-16
7.508653E+03	4.832142E-15	1.502819E-16
7.518625E+03	4.833714E-15	1.505726E-16
7.528596E+03	4.835009E-15	1.508547E-16
7.538568E+03	4.835986E-15	1.511271E-16
7.548540E+03	4.836606E-15	1.513885E-16
7.558511E+03	4.836723E-15	1.516343E-16
7.568483E+03	4.836388E-15	1.518662E-16
7.578454E+03	4.835348E-15	1.520760E-16
7.588426E+03	4.833750E-15	1.522685E-16
7.598398E+03	4.831334E-15	1.524353E-16
7.608369E+03	4.828141E-15	1.525777E-16
7.618341E+03	4.824108E-15	1.526935E-16
7.628313E+03	4.819070E-15	1.527776E-16
7.638284E+03	4.813061E-15	1.528308E-16
7.648256E+03	4.805810E-15	1.528445E-16
7.658228E+03	4.797556E-15	1.528260E-16
7.668199E+03	4.787924E-15	1.527634E-16
7.678171E+03	4.777050E-15	1.526608E-16
7.688143E+03	4.764666E-15	1.525095E-16
7.698114E+03	4.750909E-15	1.523137E-16
7.708086E+03	4.735614E-15	1.520680E-16
7.718058E+03	4.718724E-15	1.517702E-16
7.728029E+03	4.700284E-15	1.514216E-16
7.738001E+03	4.680040E-15	1.510139E-16
7.747973E+03	4.658147E-15	1.505517E-16
7.757944E+03	4.634466E-15	1.500305E-16
7.767916E+03	4.608963E-15	1.494487E-16
7.777887E+03	4.581611E-15	1.488053E-16
7.787859E+03	4.552491E-15	1.481027E-16
7.797831E+03	4.521494E-15	1.473369E-16
7.807802E+03	4.488619E-15	1.465078E-16
7.817774E+03	4.453972E-15	1.456185E-16
7.827746E+03	4.417476E-15	1.446662E-16
7.837717E+03	4.379255E-15	1.436547E-16
7.847689E+03	4.339350E-15	1.425850E-16
7.857661E+03	4.297715E-15	1.414555E-16
7.867632E+03	4.254604E-15	1.402740E-16
7.877604E+03	4.209995E-15	1.390398E-16
7.887576E+03	4.163974E-15	1.377553E-16
7.897547E+03	4.116728E-15	1.364265E-16
7.907519E+03	4.068366E-15	1.350569E-16
7.917491E+03	4.019093E-15	1.336529E-16
7.927462E+03	3.968944E-15	1.322155E-16
7.937434E+03	3.918232E-15	1.307549E-16
7.947406E+03	3.867091E-15	1.292754E-16
7.957377E+03	3.815582E-15	1.277789E-16
7.967349E+03	3.763939E-15	1.262731E-16
7.977320E+03	3.712229E-15	1.247601E-16
7.987292E+03	3.660529E-15	1.232425E-16
7.997264E+03	3.609004E-15	1.217257E-16
8.007235E+03	3.557817E-15	1.202153E-16
8.017207E+03	3.507057E-15	1.187141E-16
8.027179E+03	3.456971E-15	1.172306E-16
8.037150E+03	3.407568E-15	1.157652E-16
8.047122E+03	3.359168E-15	1.143287E-16
8.057094E+03	3.311777E-15	1.129217E-16
8.067065E+03	3.265627E-15	1.115519E-16
8.077037E+03	3.220794E-15	1.102224E-16
8.087009E+03	3.177422E-15	1.089381E-16
8.096980E+03	3.135724E-15	1.077066E-16
8.106952E+03	3.095827E-15	1.065326E-16
8.116924E+03	3.057708E-15	1.054156E-16
8.126895E+03	3.021557E-15	1.043623E-16
8.136867E+03	2.987550E-15	1.033794E-16
8.146839E+03	2.955715E-15	1.024679E-16
8.156810E+03	2.926077E-15	1.016293E-16
8.166782E+03	2.898789E-15	1.008692E-16
8.176753E+03	2.873930E-15	1.001909E-16
8.186725E+03	2.851569E-15	9.959709E-17
8.196697E+03	2.831773E-15	9.909063E-17
8.206668E+03	2.814533E-15	9.867171E-17
8.216640E+03	2.799904E-15	9.834268E-17
8.226612E+03	2.787999E-15	9.810809E-17
8.236583E+03	2.778862E-15	9.796991E-17
8.246555E+03	2.772398E-15	9.792540E-17
8.256527E+03	2.768774E-15	9.798092E-17
8.266498E+03	2.767952E-15	9.813568E-17
8.276470E+03	2.769892E-15	9.838879E-17
8.286442E+03	2.774745E-15	9.874621E-17
8.296413E+03	2.782463E-15	9.920674E-17
8.306385E+03	2.792988E-15	9.976891E-17
8.316357E+03	2.806396E-15	1.004360E-16
8.326328E+03	2.822621E-15	1.012061E-16
8.336300E+03	2.841727E-15	1.020822E-16
8.346272E+03	2.863635E-15	1.030620E-16
8.356243E+03	2.888404E-15	1.041481E-16
8.366215E+03	2.915869E-15	1.053352E-16
8.376187E+03	2.946144E-15	1.066279E-16
8.386158E+03	2.979124E-15	1.080230E-16
8.396130E+03	3.014690E-15	1.095167E-16
8.406101E+03	3.052938E-15	1.111130E-16
8.416073E+03	3.093658E-15	1.128048E-16
8.426045E+03	3.136776E-15	1.145898E-16
8.436016E+03	3.182367E-15	1.164714E-16
8.445988E+03	3.230103E-15	1.184379E-16
8.455960E+03	3.280038E-15	1.204918E-16
8.465931E+03	3.331979E-15	1.226264E-16
8.475903E+03	3.385796E-15	1.248373E-16
8.485875E+03	3.441437E-15	1.271230E-16
8.495846E+03	3.498580E-15	1.294719E-16
8.505818E+03	3.557148E-15	1.318814E-16
8.515790E+03	3.617060E-15	1.343488E-16
8.525761E+03	3.677949E-15	1.368607E-16
8.535733E+03	3.739615E-15	1.394099E-16
8.545705E+03	3.802046E-15	1.419959E-16
8.555676E+03	3.864835E-15	1.446039E-16
8.565648E+03	3.927859E-15	1.472291E-16
8.575620E+03	3.990788E-15	1.498592E-16
8.585591E+03	4.053492E-15	1.524892E-16
8.595563E+03	4.115736E-15	1.551104E-16
8.605534E+03	4.177174E-15	1.577094E-16
8.615506E+03	4.237563E-15	1.602769E-16
8.625478E+03	4.296891E-15	1.628122E-16
8.635449E+03	4.354697E-15	1.652977E-16
8.645421E+03	4.410868E-15	1.677285E-16
8.655393E+03	4.465062E-15	1.700913E-16
8.665364E+03	4.517303E-15	1.723868E-16
8.675336E+03	4.567272E-15	1.746021E-16
8.685308E+03	4.614647E-15	1.767245E-16
8.695279E+03	4.659629E-15	1.787612E-16
8.705251E+03	4.701673E-15	1.806907E-16
8.715223E+03	4.741017E-15	1.825215E-16
8.725194E+03	4.777270E-15	1.842380E-16
8.735166E+03	4.810445E-15	1.858401E-16
8.745138E+03	4.840584E-15	1.873287E-16
8.755109E+03	4.867610E-15	1.887003E-16
8.765081E+03	4.891323E-15	1.899463E-16
8.775053E+03	4.911962E-15	1.910755E-16
8.785024E+03	4.929359E-15	1.920806E-16
8.794996E+03	4.943651E-15	1.929662E-16
8.804967E+03	4.954845E-15	1.937322E-16
8.814939E+03	4.963112E-15	1.943844E-16
8.824911E+03	4.968347E-15	1.949182E-16
8.834882E+03	4.970599E-15	1.953350E-16
8.844854E+03	4.970078E-15	1.956422E-16
8.854826E+03	4.966862E-15	1.958426E-16
8.864797E+03	4.961035E-15	1.959387E-16
8.874769E+03	4.952538E-15	1.959279E-16
8.884741E+03	4.941470E-15	1.958134E-16
8.894712E+03	4.928088E-15	1.956051E-16
8.904684E+03	4.912200E-15	1.952946E-16
8.914656E+03	4.894070E-15	1.948922E-16
8.924627E+03	4.873818E-15	1.944020E-16
8.934599E+03	4.851410E-15	1.938225E-16
8.944571E+03	4.827119E-15	1.931639E-16
8.954542E+03	4.800915E-15	1.924249E-16
8.964514E+03	4.772918E-15	1.916098E-16
8.974486E+03	4.743248E-15	1.907231E-16
9.014372E+03	4.610485E-15	1.865613E-16
9.054259E+03	4.459908E-15	1.815950E-16
9.094145E+03	4.298175E-15	1.760841E-16
9.134032E+03	4.130510E-15	1.702363E-16
9.173919E+03	3.961113E-15	1.642224E-16
9.213805E+03	3.793363E-15	1.581832E-16
9.253692E+03	3.629574E-15	1.522180E-16
9.293578E+03	3.471392E-15	1.464005E-16
9.333465E+03	3.319586E-15	1.407685E-16
9.373352E+03	3.175234E-15	1.353735E-16
9.413238E+03	3.038716E-15	1.302383E-16
9.453125E+03	2.910226E-15	1.253778E-16
9.493011E+03	2.790227E-15	1.208185E-16
9.532898E+03	2.679028E-15	1.165806E-16
9.572785E+03	2.576634E-15	1.126710E-16
9.612671E+03	2.483133E-15	1.091003E-16
9.652558E+03	2.398267E-15	1.058636E-16
9.692444E+03	2.322100E-15	1.029697E-16
9.732331E+03	2.254195E-15	1.004054E-16
9.772218E+03	2.194036E-15	9.815322E-17
9.812104E+03	2.141321E-15	9.620464E-17
9.851991E+03	2.095283E-15	9.453000E-17
9.891877E+03	2.055272E-15	9.310399E-17
9.931764E+03	2.020919E-15	9.191370E-17
9.971651E+03	1.991289E-15	9.091992E-17
1.001154E+04	1.965903E-15	9.010348E-17
1.005142E+04	1.944327E-15	8.944697E-17
1.009131E+04	1.925858E-15	8.892014E-17
1.013120E+04	1.909985E-15	8.850112E-17
1.017108E+04	1.896406E-15	8.817739E-17
1.021097E+04	1.884710E-15	8.793099E-17
1.025086E+04	1.874350E-15	8.773750E-17
1.029074E+04	1.865161E-15	8.758983E-17
