#wls	flux	fluxerr
1.600000E+03	1.029135E-16	7.543395E-17
1.640000E+03	1.042986E-16	7.548442E-17
1.680000E+03	1.056999E-16	7.549565E-17
1.720000E+03	1.070939E-16	7.544921E-17
1.760000E+03	1.085176E-16	7.536975E-17
1.800000E+03	1.099262E-16	7.522438E-17
1.840000E+03	1.113784E-16	7.505173E-17
1.880000E+03	1.128073E-16	7.480475E-17
1.920000E+03	1.142722E-16	7.452157E-17
1.960000E+03	1.157263E-16	7.416964E-17
2.000000E+03	1.172083E-16	7.377239E-17
2.040000E+03	1.186922E-16	7.331143E-17
2.080000E+03	1.201730E-16	7.278251E-17
2.120000E+03	1.216903E-16	7.220794E-17
2.160000E+03	1.231949E-16	7.155659E-17
2.200000E+03	1.247488E-16	7.086303E-17
2.240000E+03	1.262799E-16	7.008412E-17
2.280000E+03	1.278503E-16	6.925344E-17
2.320000E+03	1.294550E-16	6.836571E-17
2.360000E+03	1.310659E-16	6.740420E-17
2.400000E+03	1.327001E-16	6.637637E-17
2.440000E+03	1.343974E-16	6.529975E-17
2.480000E+03	1.361064E-16	6.414686E-17
2.520000E+03	1.378662E-16	6.293453E-17
2.560000E+03	1.396930E-16	6.166719E-17
2.600000E+03	1.415570E-16	6.032907E-17
2.640000E+03	1.435180E-16	5.894296E-17
2.680000E+03	1.455450E-16	5.749242E-17
2.720000E+03	1.476730E-16	5.598814E-17
2.760000E+03	1.499131E-16	5.443020E-17
2.800000E+03	1.522747E-16	5.281773E-17
2.840000E+03	1.547652E-16	5.114901E-17
2.880000E+03	1.574108E-16	4.942826E-17
2.920000E+03	1.602342E-16	4.765759E-17
2.960000E+03	1.632538E-16	4.583725E-17
3.000000E+03	1.664838E-16	4.396611E-17
3.010000E+03	1.673389E-16	4.349371E-17
3.020000E+03	1.681958E-16	4.301476E-17
3.030000E+03	1.690539E-16	4.252926E-17
3.040000E+03	1.699530E-16	4.204715E-17
3.050000E+03	1.708522E-16	4.155808E-17
3.060000E+03	1.717709E-16	4.106687E-17
3.070000E+03	1.726886E-16	4.056858E-17
3.080000E+03	1.736444E-16	4.007242E-17
3.090000E+03	1.746175E-16	3.957338E-17
3.100000E+03	1.755876E-16	3.906691E-17
3.110000E+03	1.765932E-16	3.856165E-17
3.120000E+03	1.776140E-16	3.805298E-17
3.130000E+03	1.786490E-16	3.754076E-17
3.140000E+03	1.796974E-16	3.702490E-17
3.150000E+03	1.807777E-16	3.650916E-17
3.160000E+03	1.818506E-16	3.598566E-17
3.170000E+03	1.829724E-16	3.546570E-17
3.180000E+03	1.840851E-16	3.493795E-17
3.190000E+03	1.852445E-16	3.441321E-17
3.200000E+03	1.863930E-16	3.388077E-17
3.210000E+03	1.875860E-16	3.335096E-17
3.220000E+03	1.887848E-16	3.281692E-17
3.230000E+03	1.900070E-16	3.228198E-17
3.240000E+03	1.912514E-16	3.174608E-17
3.250000E+03	1.925169E-16	3.120922E-17
3.260000E+03	1.938021E-16	3.067146E-17
3.270000E+03	1.951060E-16	3.013291E-17
3.280000E+03	1.964272E-16	2.959371E-17
3.290000E+03	1.977825E-16	2.905671E-17
3.300000E+03	1.991525E-16	2.851939E-17
3.310000E+03	2.005360E-16	2.798209E-17
3.320000E+03	2.019494E-16	2.744760E-17
3.330000E+03	2.033736E-16	2.691385E-17
3.340000E+03	2.048249E-16	2.638361E-17
3.350000E+03	2.063018E-16	2.585728E-17
3.360000E+03	2.078029E-16	2.533533E-17
3.370000E+03	2.093265E-16	2.481830E-17
3.380000E+03	2.108884E-16	2.430880E-17
3.390000E+03	2.124531E-16	2.380359E-17
3.400000E+03	2.140364E-16	2.330548E-17
3.410000E+03	2.156702E-16	2.281889E-17
3.420000E+03	2.173032E-16	2.233935E-17
3.430000E+03	2.189837E-16	2.187299E-17
3.440000E+03	2.206776E-16	2.141745E-17
3.450000E+03	2.224001E-16	2.097545E-17
3.460000E+03	2.241503E-16	2.054807E-17
3.470000E+03	2.259271E-16	2.013646E-17
3.480000E+03	2.277300E-16	1.974177E-17
3.490000E+03	2.295741E-16	1.936650E-17
3.500000E+03	2.314435E-16	1.901041E-17
3.510000E+03	2.333536E-16	1.867587E-17
3.520000E+03	2.352891E-16	1.836261E-17
3.530000E+03	2.372814E-16	1.807397E-17
3.540000E+03	2.393158E-16	1.780945E-17
3.550000E+03	2.413785E-16	1.756864E-17
3.560000E+03	2.435011E-16	1.735422E-17
3.570000E+03	2.456854E-16	1.716646E-17
3.580000E+03	2.479187E-16	1.700442E-17
3.590000E+03	2.502185E-16	1.686906E-17
3.600000E+03	2.525877E-16	1.676010E-17
3.610000E+03	2.550154E-16	1.667612E-17
3.620000E+03	2.575340E-16	1.661838E-17
3.630000E+03	2.601334E-16	1.658512E-17
3.640000E+03	2.628321E-16	1.657624E-17
3.650000E+03	2.656207E-16	1.658975E-17
3.660000E+03	2.685183E-16	1.662526E-17
3.670000E+03	2.715301E-16	1.668143E-17
3.680000E+03	2.746613E-16	1.675681E-17
3.690000E+03	2.779174E-16	1.684993E-17
3.700000E+03	2.813173E-16	1.696008E-17
3.710000E+03	2.848394E-16	1.708406E-17
3.720000E+03	2.885291E-16	1.722276E-17
3.730000E+03	2.923643E-16	1.737300E-17
3.740000E+03	2.963757E-16	1.753484E-17
3.750000E+03	3.005405E-16	1.770517E-17
3.760000E+03	3.048749E-16	1.788331E-17
3.770000E+03	3.093938E-16	1.806856E-17
3.780000E+03	3.140849E-16	1.825874E-17
3.790000E+03	3.189608E-16	1.845320E-17
3.800000E+03	3.240066E-16	1.864983E-17
3.810000E+03	3.292314E-16	1.884806E-17
3.820000E+03	3.346300E-16	1.904655E-17
3.830000E+03	3.401946E-16	1.924404E-17
3.840000E+03	3.459156E-16	1.943924E-17
3.850000E+03	3.517808E-16	1.963092E-17
3.860000E+03	3.577758E-16	1.981786E-17
3.870000E+03	3.638961E-16	1.999955E-17
3.880000E+03	3.701095E-16	2.017410E-17
3.890000E+03	3.763937E-16	2.034036E-17
3.900000E+03	3.827370E-16	2.049791E-17
3.910000E+03	3.890999E-16	2.064495E-17
3.920000E+03	3.954664E-16	2.078110E-17
3.930000E+03	4.017934E-16	2.090467E-17
3.940000E+03	4.080495E-16	2.101472E-17
3.950000E+03	4.142151E-16	2.111096E-17
3.960000E+03	4.202452E-16	2.119190E-17
3.970000E+03	4.261205E-16	2.125737E-17
3.980000E+03	4.317851E-16	2.130539E-17
3.990000E+03	4.372345E-16	2.133655E-17
4.000000E+03	4.424291E-16	2.134966E-17
4.010000E+03	4.473323E-16	2.134366E-17
4.020000E+03	4.519351E-16	2.131875E-17
4.030000E+03	4.562077E-16	2.127408E-17
4.040000E+03	4.601365E-16	2.120949E-17
4.050000E+03	4.637238E-16	2.112548E-17
4.060000E+03	4.669406E-16	2.102102E-17
4.070000E+03	4.697866E-16	2.089634E-17
4.080000E+03	4.722768E-16	2.075228E-17
4.090000E+03	4.743963E-16	2.058831E-17
4.100000E+03	4.761577E-16	2.040502E-17
4.110000E+03	4.775876E-16	2.020363E-17
4.120000E+03	4.786839E-16	1.998404E-17
4.130000E+03	4.794692E-16	1.974725E-17
4.140000E+03	4.799585E-16	1.949390E-17
4.150000E+03	4.801898E-16	1.922561E-17
4.160000E+03	4.801721E-16	1.894285E-17
4.170000E+03	4.799364E-16	1.864700E-17
4.180000E+03	4.795147E-16	1.833952E-17
4.190000E+03	4.789201E-16	1.802123E-17
4.200000E+03	4.781857E-16	1.769377E-17
4.210000E+03	4.773447E-16	1.735886E-17
4.220000E+03	4.764202E-16	1.701798E-17
4.230000E+03	4.754357E-16	1.667270E-17
4.240000E+03	4.744141E-16	1.632478E-17
4.250000E+03	4.733864E-16	1.597638E-17
4.260000E+03	4.723825E-16	1.562985E-17
4.270000E+03	4.714145E-16	1.528713E-17
4.280000E+03	4.705022E-16	1.495073E-17
4.290000E+03	4.696810E-16	1.462389E-17
4.300000E+03	4.689682E-16	1.430959E-17
4.310000E+03	4.683804E-16	1.401110E-17
4.320000E+03	4.679333E-16	1.373192E-17
4.330000E+03	4.676565E-16	1.347624E-17
4.340000E+03	4.675630E-16	1.324783E-17
4.350000E+03	4.676722E-16	1.305063E-17
4.360000E+03	4.680021E-16	1.288828E-17
4.370000E+03	4.685693E-16	1.276379E-17
4.380000E+03	4.693894E-16	1.267927E-17
4.390000E+03	4.704837E-16	1.263580E-17
4.400000E+03	4.718715E-16	1.263303E-17
4.410000E+03	4.735631E-16	1.266903E-17
4.420000E+03	4.755736E-16	1.274086E-17
4.430000E+03	4.779226E-16	1.284479E-17
4.440000E+03	4.806055E-16	1.297595E-17
4.450000E+03	4.836352E-16	1.312966E-17
4.460000E+03	4.869997E-16	1.330054E-17
4.470000E+03	4.906829E-16	1.348320E-17
4.480000E+03	4.946638E-16	1.367231E-17
4.490000E+03	4.989231E-16	1.386280E-17
4.500000E+03	5.034090E-16	1.404893E-17
4.510000E+03	5.081053E-16	1.422614E-17
4.520000E+03	5.129495E-16	1.438879E-17
4.530000E+03	5.179080E-16	1.453218E-17
4.540000E+03	5.229156E-16	1.465089E-17
4.550000E+03	5.279301E-16	1.474024E-17
4.560000E+03	5.328863E-16	1.479506E-17
4.570000E+03	5.377373E-16	1.481081E-17
4.580000E+03	5.424153E-16	1.478248E-17
4.590000E+03	5.468671E-16	1.470566E-17
4.600000E+03	5.510418E-16	1.457618E-17
4.610000E+03	5.548925E-16	1.439021E-17
4.620000E+03	5.583773E-16	1.414433E-17
4.630000E+03	5.614539E-16	1.383548E-17
4.640000E+03	5.641011E-16	1.346155E-17
4.650000E+03	5.662989E-16	1.302101E-17
4.660000E+03	5.680292E-16	1.251300E-17
4.670000E+03	5.692898E-16	1.193788E-17
4.680000E+03	5.700941E-16	1.129734E-17
4.690000E+03	5.704511E-16	1.059433E-17
4.700000E+03	5.703917E-16	9.834017E-18
4.710000E+03	5.699482E-16	9.024126E-18
4.720000E+03	5.691543E-16	8.176222E-18
4.730000E+03	5.680575E-16	7.308095E-18
4.740000E+03	5.667184E-16	6.447504E-18
4.750000E+03	5.651908E-16	5.638328E-18
4.760000E+03	5.635399E-16	4.949663E-18
4.770000E+03	5.618469E-16	4.479863E-18
4.780000E+03	5.601661E-16	4.331229E-18
4.790000E+03	5.585691E-16	4.542816E-18
4.800000E+03	5.570963E-16	5.053851E-18
4.810000E+03	5.557925E-16	5.758348E-18
4.820000E+03	5.546928E-16	6.565894E-18
4.830000E+03	5.538307E-16	7.416917E-18
4.840000E+03	5.532440E-16	8.275746E-18
4.850000E+03	5.529674E-16	9.121681E-18
4.860000E+03	5.530319E-16	9.942978E-18
4.870000E+03	5.534511E-16	1.073303E-17
4.880000E+03	5.542570E-16	1.148897E-17
4.890000E+03	5.554447E-16	1.220933E-17
4.900000E+03	5.570260E-16	1.289441E-17
4.910000E+03	5.589927E-16	1.354496E-17
4.920000E+03	5.613347E-16	1.416230E-17
4.930000E+03	5.640275E-16	1.474777E-17
4.940000E+03	5.670447E-16	1.530289E-17
4.950000E+03	5.703406E-16	1.582878E-17
4.960000E+03	5.738750E-16	1.632671E-17
4.970000E+03	5.776025E-16	1.679778E-17
4.980000E+03	5.814619E-16	1.724252E-17
4.990000E+03	5.854023E-16	1.766160E-17
5.000000E+03	5.893672E-16	1.805530E-17
5.010000E+03	5.933018E-16	1.842372E-17
5.020000E+03	5.971623E-16	1.876700E-17
5.030000E+03	6.008981E-16	1.908477E-17
5.040000E+03	6.044723E-16	1.937679E-17
5.050000E+03	6.078628E-16	1.964297E-17
5.060000E+03	6.110561E-16	1.988327E-17
5.070000E+03	6.140284E-16	2.009705E-17
5.080000E+03	6.167764E-16	2.028419E-17
5.090000E+03	6.193169E-16	2.044506E-17
5.100000E+03	6.216592E-16	2.057975E-17
5.110000E+03	6.238037E-16	2.068801E-17
5.120000E+03	6.257794E-16	2.077052E-17
5.130000E+03	6.275963E-16	2.082740E-17
5.140000E+03	6.292775E-16	2.085921E-17
5.150000E+03	6.308311E-16	2.086609E-17
5.160000E+03	6.322696E-16	2.084833E-17
5.170000E+03	6.336155E-16	2.080656E-17
5.180000E+03	6.348617E-16	2.074046E-17
5.190000E+03	6.360176E-16	2.065021E-17
5.200000E+03	6.370825E-16	2.053563E-17
5.210000E+03	6.380464E-16	2.039614E-17
5.220000E+03	6.389159E-16	2.023169E-17
5.230000E+03	6.396755E-16	2.004138E-17
5.240000E+03	6.403142E-16	1.982439E-17
5.250000E+03	6.408193E-16	1.957973E-17
5.260000E+03	6.411831E-16	1.930643E-17
5.270000E+03	6.413837E-16	1.900296E-17
5.280000E+03	6.414115E-16	1.866797E-17
5.290000E+03	6.412431E-16	1.829959E-17
5.300000E+03	6.408684E-16	1.789613E-17
5.310000E+03	6.402642E-16	1.745537E-17
5.320000E+03	6.394276E-16	1.697554E-17
5.330000E+03	6.383311E-16	1.645409E-17
5.340000E+03	6.369680E-16	1.588905E-17
5.350000E+03	6.353274E-16	1.527841E-17
5.360000E+03	6.334073E-16	1.462060E-17
5.370000E+03	6.311895E-16	1.391407E-17
5.380000E+03	6.286844E-16	1.315857E-17
5.390000E+03	6.258929E-16	1.235452E-17
5.400000E+03	6.228069E-16	1.150348E-17
5.410000E+03	6.194467E-16	1.060946E-17
5.420000E+03	6.158166E-16	9.678906E-18
5.430000E+03	6.119363E-16	8.722624E-18
5.440000E+03	6.078151E-16	7.757681E-18
5.450000E+03	6.034764E-16	6.811708E-18
5.460000E+03	5.989320E-16	5.929078E-18
5.470000E+03	5.941999E-16	5.180048E-18
5.480000E+03	5.893032E-16	4.664424E-18
5.490000E+03	5.842503E-16	4.484837E-18
5.500000E+03	5.790574E-16	4.675958E-18
5.510000E+03	5.737190E-16	5.167774E-18
5.520000E+03	5.682509E-16	5.845367E-18
5.530000E+03	5.626530E-16	6.612311E-18
5.540000E+03	5.569405E-16	7.405649E-18
5.550000E+03	5.511173E-16	8.187591E-18
5.560000E+03	5.452168E-16	8.936597E-18
5.570000E+03	5.392633E-16	9.640595E-18
5.580000E+03	5.332948E-16	1.029360E-17
5.590000E+03	5.273571E-16	1.089349E-17
5.600000E+03	5.215032E-16	1.144074E-17
5.610000E+03	5.157925E-16	1.193759E-17
5.620000E+03	5.102892E-16	1.238750E-17
5.630000E+03	5.050608E-16	1.279474E-17
5.640000E+03	5.001769E-16	1.316408E-17
5.650000E+03	4.957019E-16	1.350044E-17
5.660000E+03	4.917041E-16	1.380890E-17
5.670000E+03	4.882533E-16	1.409461E-17
5.680000E+03	4.854048E-16	1.436217E-17
5.690000E+03	4.832181E-16	1.461617E-17
5.700000E+03	4.817309E-16	1.486030E-17
5.710000E+03	4.809874E-16	1.509820E-17
5.720000E+03	4.810178E-16	1.533282E-17
5.730000E+03	4.818376E-16	1.556640E-17
5.740000E+03	4.834564E-16	1.580072E-17
5.750000E+03	4.858770E-16	1.603713E-17
5.760000E+03	4.890761E-16	1.627590E-17
5.770000E+03	4.930368E-16	1.651734E-17
5.780000E+03	4.977099E-16	1.676056E-17
5.790000E+03	5.030476E-16	1.700458E-17
5.800000E+03	5.089785E-16	1.724758E-17
5.810000E+03	5.154280E-16	1.748755E-17
5.820000E+03	5.222931E-16	1.772154E-17
5.830000E+03	5.294791E-16	1.794687E-17
5.840000E+03	5.368594E-16	1.815982E-17
5.850000E+03	5.443140E-16	1.835692E-17
5.860000E+03	5.517055E-16	1.853418E-17
5.870000E+03	5.589027E-16	1.868789E-17
5.880000E+03	5.657635E-16	1.881403E-17
5.890000E+03	5.721538E-16	1.890891E-17
5.900000E+03	5.779466E-16	1.896917E-17
5.910000E+03	5.830262E-16	1.899184E-17
5.920000E+03	5.872859E-16	1.897428E-17
5.930000E+03	5.906490E-16	1.891482E-17
5.940000E+03	5.930550E-16	1.881225E-17
5.950000E+03	5.944608E-16	1.866581E-17
5.960000E+03	5.948546E-16	1.847560E-17
5.970000E+03	5.942556E-16	1.824252E-17
5.980000E+03	5.927021E-16	1.796778E-17
5.990000E+03	5.902435E-16	1.765273E-17
6.000000E+03	5.869733E-16	1.729977E-17
6.010000E+03	5.829902E-16	1.691121E-17
6.020000E+03	5.784008E-16	1.648930E-17
6.030000E+03	5.733327E-16	1.603668E-17
6.040000E+03	5.679133E-16	1.555573E-17
6.050000E+03	5.622716E-16	1.504866E-17
6.060000E+03	5.565406E-16	1.451758E-17
6.070000E+03	5.508429E-16	1.396407E-17
6.080000E+03	5.452889E-16	1.338919E-17
6.090000E+03	5.400016E-16	1.279407E-17
6.100000E+03	5.350666E-16	1.217867E-17
6.110000E+03	5.305803E-16	1.154295E-17
6.120000E+03	5.266112E-16	1.088604E-17
6.130000E+03	5.232268E-16	1.020687E-17
6.140000E+03	5.204777E-16	9.503996E-18
6.150000E+03	5.184029E-16	8.775896E-18
6.160000E+03	5.170244E-16	8.021313E-18
6.170000E+03	5.163580E-16	7.240053E-18
6.180000E+03	5.163973E-16	6.433902E-18
6.190000E+03	5.171498E-16	5.609231E-18
6.200000E+03	5.185843E-16	4.780621E-18
6.210000E+03	5.206774E-16	3.980553E-18
6.220000E+03	5.233813E-16	3.277948E-18
6.230000E+03	5.266295E-16	2.805127E-18
6.240000E+03	5.303540E-16	2.731618E-18
6.250000E+03	5.344683E-16	3.097055E-18
6.260000E+03	5.388802E-16	3.755650E-18
6.270000E+03	5.434965E-16	4.548575E-18
6.280000E+03	5.482228E-16	5.380518E-18
6.290000E+03	5.529389E-16	6.200292E-18
6.300000E+03	5.575518E-16	6.979021E-18
6.310000E+03	5.619548E-16	7.698381E-18
6.320000E+03	5.660479E-16	8.345623E-18
6.330000E+03	5.697524E-16	8.911450E-18
6.340000E+03	5.729967E-16	9.388719E-18
6.350000E+03	5.757174E-16	9.771901E-18
6.360000E+03	5.778729E-16	1.005702E-17
6.370000E+03	5.794499E-16	1.024163E-17
6.380000E+03	5.804270E-16	1.032411E-17
6.390000E+03	5.808157E-16	1.030429E-17
6.400000E+03	5.806411E-16	1.018306E-17
6.410000E+03	5.799273E-16	9.962141E-18
6.420000E+03	5.787258E-16	9.644538E-18
6.430000E+03	5.770823E-16	9.234083E-18
6.440000E+03	5.750527E-16	8.735883E-18
6.450000E+03	5.726821E-16	8.156364E-18
6.460000E+03	5.700391E-16	7.504453E-18
6.470000E+03	5.671714E-16	6.792140E-18
6.480000E+03	5.641283E-16	6.037107E-18
6.490000E+03	5.609526E-16	5.266958E-18
6.500000E+03	5.576801E-16	4.527314E-18
6.510000E+03	5.543205E-16	3.894757E-18
6.520000E+03	5.508995E-16	3.486001E-18
6.530000E+03	5.474091E-16	3.420348E-18
6.540000E+03	5.438724E-16	3.718097E-18
6.550000E+03	5.402857E-16	4.277341E-18
6.560000E+03	5.366660E-16	4.974127E-18
6.570000E+03	5.330064E-16	5.722456E-18
6.580000E+03	5.293155E-16	6.472924E-18
6.590000E+03	5.255728E-16	7.198057E-18
6.600000E+03	5.217701E-16	7.882939E-18
6.610000E+03	5.178841E-16	8.519480E-18
6.620000E+03	5.138958E-16	9.103794E-18
6.630000E+03	5.097857E-16	9.634561E-18
6.640000E+03	5.055414E-16	1.011224E-17
6.650000E+03	5.011420E-16	1.053821E-17
6.660000E+03	4.965766E-16	1.091470E-17
6.670000E+03	4.918451E-16	1.124461E-17
6.680000E+03	4.869483E-16	1.153110E-17
6.690000E+03	4.818883E-16	1.177740E-17
6.700000E+03	4.766911E-16	1.198728E-17
6.710000E+03	4.713680E-16	1.216406E-17
6.720000E+03	4.659536E-16	1.231143E-17
6.730000E+03	4.604884E-16	1.243306E-17
6.740000E+03	4.550081E-16	1.253225E-17
6.750000E+03	4.495632E-16	1.261249E-17
6.760000E+03	4.442024E-16	1.267700E-17
6.770000E+03	4.389717E-16	1.272871E-17
6.780000E+03	4.339336E-16	1.277086E-17
6.790000E+03	4.291359E-16	1.280612E-17
6.800000E+03	4.246307E-16	1.283716E-17
6.810000E+03	4.204686E-16	1.286651E-17
6.820000E+03	4.167028E-16	1.289672E-17
6.830000E+03	4.133786E-16	1.293003E-17
6.840000E+03	4.105330E-16	1.296837E-17
6.850000E+03	4.082129E-16	1.301396E-17
6.860000E+03	4.064419E-16	1.306820E-17
6.870000E+03	4.052524E-16	1.313273E-17
6.880000E+03	4.046715E-16	1.320897E-17
6.890000E+03	4.047060E-16	1.329757E-17
6.900000E+03	4.053758E-16	1.339956E-17
6.910000E+03	4.066843E-16	1.351532E-17
6.920000E+03	4.086238E-16	1.364480E-17
6.930000E+03	4.111841E-16	1.378776E-17
6.940000E+03	4.143530E-16	1.394384E-17
6.950000E+03	4.181064E-16	1.411226E-17
6.960000E+03	4.224086E-16	1.429181E-17
6.970000E+03	4.272277E-16	1.448140E-17
6.980000E+03	4.325216E-16	1.467965E-17
6.990000E+03	4.382383E-16	1.488490E-17
7.000000E+03	4.443386E-16	1.509601E-17
7.010000E+03	4.507604E-16	1.531116E-17
7.020000E+03	4.574576E-16	1.552920E-17
7.030000E+03	4.643864E-16	1.574915E-17
7.040000E+03	4.714892E-16	1.596968E-17
7.050000E+03	4.787364E-16	1.619048E-17
7.060000E+03	4.860815E-16	1.641074E-17
7.070000E+03	4.935088E-16	1.663070E-17
7.080000E+03	5.009927E-16	1.685027E-17
7.090000E+03	5.085209E-16	1.706974E-17
7.100000E+03	5.160882E-16	1.728958E-17
7.110000E+03	5.237021E-16	1.751056E-17
7.120000E+03	5.313608E-16	1.773302E-17
7.130000E+03	5.390710E-16	1.795742E-17
7.140000E+03	5.468457E-16	1.818429E-17
7.150000E+03	5.546809E-16	1.841342E-17
7.160000E+03	5.625803E-16	1.864471E-17
7.170000E+03	5.705318E-16	1.887740E-17
7.180000E+03	5.785044E-16	1.910999E-17
7.190000E+03	5.864679E-16	1.934089E-17
7.200000E+03	5.943620E-16	1.956743E-17
7.210000E+03	6.021326E-16	1.978709E-17
7.220000E+03	6.096780E-16	1.999573E-17
7.230000E+03	6.169114E-16	2.018969E-17
7.240000E+03	6.237080E-16	2.036403E-17
7.250000E+03	6.299384E-16	2.051370E-17
7.260000E+03	6.354648E-16	2.063337E-17
7.270000E+03	6.401539E-16	2.071787E-17
7.280000E+03	6.438575E-16	2.076163E-17
7.290000E+03	6.464436E-16	2.075959E-17
7.300000E+03	6.478111E-16	2.070778E-17
7.310000E+03	6.478458E-16	2.060185E-17
7.320000E+03	6.464766E-16	2.043889E-17
7.330000E+03	6.436805E-16	2.021761E-17
7.340000E+03	6.394350E-16	1.993682E-17
7.350000E+03	6.337708E-16	1.959710E-17
7.360000E+03	6.267626E-16	1.920054E-17
7.370000E+03	6.185023E-16	1.874990E-17
7.380000E+03	6.091277E-16	1.824949E-17
7.390000E+03	5.987769E-16	1.770380E-17
7.400000E+03	5.876224E-16	1.711848E-17
7.410000E+03	5.758556E-16	1.649986E-17
7.420000E+03	5.636491E-16	1.585378E-17
7.430000E+03	5.511965E-16	1.518672E-17
7.440000E+03	5.386615E-16	1.450429E-17
7.450000E+03	5.262316E-16	1.381266E-17
7.460000E+03	5.140420E-16	1.311647E-17
7.470000E+03	5.022310E-16	1.242030E-17
7.480000E+03	4.909095E-16	1.172796E-17
7.490000E+03	4.801751E-16	1.104286E-17
7.500000E+03	4.700981E-16	1.036785E-17
7.510000E+03	4.607236E-16	9.705511E-18
7.520000E+03	4.520920E-16	9.058863E-18
7.530000E+03	4.442144E-16	8.431266E-18
7.540000E+03	4.370944E-16	7.827367E-18
7.550000E+03	4.307283E-16	7.253734E-18
7.560000E+03	4.250902E-16	6.719320E-18
7.570000E+03	4.201570E-16	6.236632E-18
7.580000E+03	4.158820E-16	5.821692E-18
7.590000E+03	4.122313E-16	5.494012E-18
7.600000E+03	4.091638E-16	5.273794E-18
7.610000E+03	4.066410E-16	5.176939E-18
7.620000E+03	4.046268E-16	5.208135E-18
7.630000E+03	4.031022E-16	5.357298E-18
7.640000E+03	4.020625E-16	5.603572E-18
7.650000E+03	4.014955E-16	5.922360E-18
7.660000E+03	4.013943E-16	6.290715E-18
7.670000E+03	4.017557E-16	6.689669E-18
7.680000E+03	4.025568E-16	7.104234E-18
7.690000E+03	4.037874E-16	7.523395E-18
7.700000E+03	4.054335E-16	7.939062E-18
7.710000E+03	4.074598E-16	8.344953E-18
7.720000E+03	4.098442E-16	8.736610E-18
7.730000E+03	4.125557E-16	9.110506E-18
7.740000E+03	4.155602E-16	9.463802E-18
7.750000E+03	4.188278E-16	9.794232E-18
7.760000E+03	4.223099E-16	1.009939E-17
7.770000E+03	4.259748E-16	1.037738E-17
7.780000E+03	4.297916E-16	1.062639E-17
7.790000E+03	4.337187E-16	1.084426E-17
7.800000E+03	4.377217E-16	1.102889E-17
7.810000E+03	4.417739E-16	1.117823E-17
7.820000E+03	4.458381E-16	1.128973E-17
7.830000E+03	4.498898E-16	1.136101E-17
7.840000E+03	4.539051E-16	1.138949E-17
7.850000E+03	4.578392E-16	1.137190E-17
7.860000E+03	4.616634E-16	1.130532E-17
7.870000E+03	4.653377E-16	1.118647E-17
7.880000E+03	4.688280E-16	1.101233E-17
7.890000E+03	4.720589E-16	1.077906E-17
7.900000E+03	4.749831E-16	1.048383E-17
7.910000E+03	4.775146E-16	1.012344E-17
7.920000E+03	4.795606E-16	9.695325E-18
7.930000E+03	4.810212E-16	9.197751E-18
7.940000E+03	4.817704E-16	8.629809E-18
7.950000E+03	4.816918E-16	7.992484E-18
7.960000E+03	4.806360E-16	7.288393E-18
7.970000E+03	4.784805E-16	6.523498E-18
7.980000E+03	4.750903E-16	5.707521E-18
7.990000E+03	4.703623E-16	4.856492E-18
8.000000E+03	4.642162E-16	3.996629E-18
8.010000E+03	4.566133E-16	3.173994E-18
8.020000E+03	4.475743E-16	2.476318E-18
8.030000E+03	4.371738E-16	2.061165E-18
8.040000E+03	4.255501E-16	2.079982E-18
8.050000E+03	4.129051E-16	2.458858E-18
8.060000E+03	3.994841E-16	2.991103E-18
8.070000E+03	3.855420E-16	3.543162E-18
8.080000E+03	3.713615E-16	4.057118E-18
8.090000E+03	3.571914E-16	4.511389E-18
8.100000E+03	3.432654E-16	4.900895E-18
8.110000E+03	3.297829E-16	5.228259E-18
8.120000E+03	3.168964E-16	5.499600E-18
8.130000E+03	3.047297E-16	5.722717E-18
8.140000E+03	2.933753E-16	5.905879E-18
8.150000E+03	2.828859E-16	6.056924E-18
8.160000E+03	2.732931E-16	6.183136E-18
8.170000E+03	2.646043E-16	6.290927E-18
8.180000E+03	2.568120E-16	6.385872E-18
8.190000E+03	2.499089E-16	6.473014E-18
8.200000E+03	2.438669E-16	6.556328E-18
8.210000E+03	2.386615E-16	6.639336E-18
8.220000E+03	2.342642E-16	6.724949E-18
8.230000E+03	2.306537E-16	6.815833E-18
8.240000E+03	2.278050E-16	6.914136E-18
8.250000E+03	2.256997E-16	7.021843E-18
8.260000E+03	2.243238E-16	7.140757E-18
8.270000E+03	2.236618E-16	7.272363E-18
8.280000E+03	2.237126E-16	7.418361E-18
8.290000E+03	2.244771E-16	7.580326E-18
8.300000E+03	2.259583E-16	7.759740E-18
8.310000E+03	2.281676E-16	7.958213E-18
8.320000E+03	2.311184E-16	8.177304E-18
8.330000E+03	2.348350E-16	8.418851E-18
8.340000E+03	2.393371E-16	8.684439E-18
8.350000E+03	2.446580E-16	8.976061E-18
8.360000E+03	2.508253E-16	9.295427E-18
8.370000E+03	2.578830E-16	9.644795E-18
8.380000E+03	2.658647E-16	1.002597E-17
8.390000E+03	2.748121E-16	1.044102E-17
8.400000E+03	2.847685E-16	1.089200E-17
8.410000E+03	2.957729E-16	1.138077E-17
8.420000E+03	3.078668E-16	1.190921E-17
8.430000E+03	3.210844E-16	1.247887E-17
8.440000E+03	3.354640E-16	1.309141E-17
8.450000E+03	3.510294E-16	1.374782E-17
8.460000E+03	3.677956E-16	1.444870E-17
8.470000E+03	3.857668E-16	1.519412E-17
8.480000E+03	4.049504E-16	1.598419E-17
8.490000E+03	4.253193E-16	1.681758E-17
8.500000E+03	4.468343E-16	1.769235E-17
8.510000E+03	4.694493E-16	1.860623E-17
8.520000E+03	4.930866E-16	1.955556E-17
8.530000E+03	5.176459E-16	2.053571E-17
8.540000E+03	5.430100E-16	2.154129E-17
8.550000E+03	5.690384E-16	2.256586E-17
8.560000E+03	5.955585E-16	2.360165E-17
8.570000E+03	6.223815E-16	2.464012E-17
8.580000E+03	6.492790E-16	2.567109E-17
8.590000E+03	6.760352E-16	2.668476E-17
8.600000E+03	7.023827E-16	2.766922E-17
8.610000E+03	7.280668E-16	2.861298E-17
8.620000E+03	7.527857E-16	2.950265E-17
8.630000E+03	7.762819E-16	3.032657E-17
8.640000E+03	7.982613E-16	3.107165E-17
8.650000E+03	8.184702E-16	3.172648E-17
8.660000E+03	8.366389E-16	3.227921E-17
8.670000E+03	8.525536E-16	3.272034E-17
8.680000E+03	8.659964E-16	3.304056E-17
8.690000E+03	8.768303E-16	3.323407E-17
8.700000E+03	8.848998E-16	3.329482E-17
8.710000E+03	8.901515E-16	3.322122E-17
8.720000E+03	8.925413E-16	3.301262E-17
8.730000E+03	8.920702E-16	3.267073E-17
8.740000E+03	8.887957E-16	3.220004E-17
8.750000E+03	8.828169E-16	3.160727E-17
8.760000E+03	8.742829E-16	3.090161E-17
8.770000E+03	8.633395E-16	3.009278E-17
8.780000E+03	8.502078E-16	2.919373E-17
8.790000E+03	8.350823E-16	2.821699E-17
8.800000E+03	8.182079E-16	2.717727E-17
8.810000E+03	7.998372E-16	2.608983E-17
8.820000E+03	7.802021E-16	2.496947E-17
8.830000E+03	7.595652E-16	2.383213E-17
8.840000E+03	7.381369E-16	2.269206E-17
8.850000E+03	7.161700E-16	2.156479E-17
8.860000E+03	6.938484E-16	2.046348E-17
8.870000E+03	6.713910E-16	1.940199E-17
8.880000E+03	6.489464E-16	1.839159E-17
8.890000E+03	6.266934E-16	1.744370E-17
8.900000E+03	6.047512E-16	1.656706E-17
8.910000E+03	5.832482E-16	1.576943E-17
8.920000E+03	5.622750E-16	1.505599E-17
8.930000E+03	5.419051E-16	1.442969E-17
8.940000E+03	5.222212E-16	1.389170E-17
8.950000E+03	5.032569E-16	1.343988E-17
8.960000E+03	4.850496E-16	1.307029E-17
8.970000E+03	4.676248E-16	1.277710E-17
8.980000E+03	4.509974E-16	1.255304E-17
8.990000E+03	4.351659E-16	1.238985E-17
9.000000E+03	4.201360E-16	1.227941E-17
9.040000E+03	3.677182E-16	1.221190E-17
9.080000E+03	3.265188E-16	1.247899E-17
9.120000E+03	2.947243E-16	1.289388E-17
9.160000E+03	2.704846E-16	1.339040E-17
9.200000E+03	2.521283E-16	1.394247E-17
9.240000E+03	2.382595E-16	1.453031E-17
9.280000E+03	2.277480E-16	1.513270E-17
9.320000E+03	2.196989E-16	1.572891E-17
9.360000E+03	2.134199E-16	1.630129E-17
9.400000E+03	2.083882E-16	1.683659E-17
9.440000E+03	2.042285E-16	1.732695E-17
9.480000E+03	2.006636E-16	1.776795E-17
9.520000E+03	1.975042E-16	1.815902E-17
9.560000E+03	1.946301E-16	1.850305E-17
9.600000E+03	1.919553E-16	1.880398E-17
9.640000E+03	1.894218E-16	1.906711E-17
9.680000E+03	1.869957E-16	1.929960E-17
9.720000E+03	1.846280E-16	1.950763E-17
9.760000E+03	1.822987E-16	1.970200E-17
9.800000E+03	1.799766E-16	1.989517E-17
9.840000E+03	1.776351E-16	2.010359E-17
9.880000E+03	1.752709E-16	2.034999E-17
9.920000E+03	1.728767E-16	2.065958E-17
9.960000E+03	1.704573E-16	2.105984E-17
1.000000E+04	1.680088E-16	2.157498E-17
1.004000E+04	1.655245E-16	2.222313E-17
1.008000E+04	1.630378E-16	2.301909E-17
1.012000E+04	1.605251E-16	2.395995E-17
1.016000E+04	1.579908E-16	2.503655E-17
1.020000E+04	1.554589E-16	2.623525E-17
1.024000E+04	1.529045E-16	2.752954E-17
1.028000E+04	1.503343E-16	2.889554E-17
1.032000E+04	1.477530E-16	3.030920E-17
