#wls	flux	fluxerr
1.600000E+03	1.831862E-17	1.617486E-17
1.640000E+03	1.863829E-17	1.637862E-17
1.680000E+03	1.896893E-17	1.658726E-17
1.720000E+03	1.930751E-17	1.679784E-17
1.760000E+03	1.965424E-17	1.701032E-17
1.800000E+03	2.000938E-17	1.722464E-17
1.840000E+03	2.037680E-17	1.744383E-17
1.880000E+03	2.074959E-17	1.766169E-17
1.920000E+03	2.113534E-17	1.788436E-17
1.960000E+03	2.153073E-17	1.810869E-17
2.000000E+03	2.193610E-17	1.833462E-17
2.040000E+03	2.235572E-17	1.856534E-17
2.080000E+03	2.278215E-17	1.879428E-17
2.120000E+03	2.322372E-17	1.902794E-17
2.160000E+03	2.367692E-17	1.926298E-17
2.200000E+03	2.414641E-17	1.950272E-17
2.240000E+03	2.462427E-17	1.974028E-17
2.280000E+03	2.511955E-17	1.998244E-17
2.320000E+03	2.562853E-17	2.022569E-17
2.360000E+03	2.615180E-17	2.046991E-17
2.400000E+03	2.668993E-17	2.071500E-17
2.440000E+03	2.724831E-17	2.096446E-17
2.480000E+03	2.782304E-17	2.121460E-17
2.520000E+03	2.841485E-17	2.146527E-17
2.560000E+03	2.902448E-17	2.171628E-17
2.600000E+03	2.965787E-17	2.197127E-17
2.640000E+03	3.030571E-17	2.222245E-17
2.680000E+03	3.097924E-17	2.247722E-17
2.720000E+03	3.167973E-17	2.273543E-17
2.760000E+03	3.239738E-17	2.298900E-17
2.800000E+03	3.314424E-17	2.324543E-17
2.840000E+03	3.391016E-17	2.349642E-17
2.880000E+03	3.471365E-17	2.375359E-17
2.920000E+03	3.553851E-17	2.400437E-17
2.960000E+03	3.639174E-17	2.425223E-17
3.000000E+03	3.728092E-17	2.450068E-17
3.010000E+03	3.750804E-17	2.456216E-17
3.020000E+03	3.773713E-17	2.462337E-17
3.030000E+03	3.796822E-17	2.468429E-17
3.040000E+03	3.820131E-17	2.474491E-17
3.050000E+03	3.843644E-17	2.480522E-17
3.060000E+03	3.867362E-17	2.486520E-17
3.070000E+03	3.891287E-17	2.492484E-17
3.080000E+03	3.915422E-17	2.498412E-17
3.090000E+03	3.939769E-17	2.504303E-17
3.100000E+03	3.964330E-17	2.510156E-17
3.110000E+03	3.989107E-17	2.515968E-17
3.120000E+03	4.014101E-17	2.521738E-17
3.130000E+03	4.039316E-17	2.527465E-17
3.140000E+03	4.064754E-17	2.533147E-17
3.150000E+03	4.090416E-17	2.538781E-17
3.160000E+03	4.116996E-17	2.544795E-17
3.170000E+03	4.143118E-17	2.550330E-17
3.180000E+03	4.169470E-17	2.555813E-17
3.190000E+03	4.196055E-17	2.561242E-17
3.200000E+03	4.222875E-17	2.566613E-17
3.210000E+03	4.249933E-17	2.571926E-17
3.220000E+03	4.277947E-17	2.577610E-17
3.230000E+03	4.305489E-17	2.582799E-17
3.240000E+03	4.333275E-17	2.587923E-17
3.250000E+03	4.361306E-17	2.592979E-17
3.260000E+03	4.389586E-17	2.597965E-17
3.270000E+03	4.418853E-17	2.603313E-17
3.280000E+03	4.447638E-17	2.608152E-17
3.290000E+03	4.476677E-17	2.612912E-17
3.300000E+03	4.505971E-17	2.617593E-17
3.310000E+03	4.536279E-17	2.622628E-17
3.320000E+03	4.566095E-17	2.627139E-17
3.330000E+03	4.596172E-17	2.631562E-17
3.340000E+03	4.626512E-17	2.635893E-17
3.350000E+03	4.657893E-17	2.640569E-17
3.360000E+03	4.688770E-17	2.644708E-17
3.370000E+03	4.719915E-17	2.648746E-17
3.380000E+03	4.752121E-17	2.653121E-17
3.390000E+03	4.783813E-17	2.656948E-17
3.400000E+03	4.815779E-17	2.660663E-17
3.410000E+03	4.848825E-17	2.664706E-17
3.420000E+03	4.881348E-17	2.668190E-17
3.430000E+03	4.914149E-17	2.671552E-17
3.440000E+03	4.948049E-17	2.675231E-17
3.450000E+03	4.981416E-17	2.678339E-17
3.460000E+03	5.015064E-17	2.681314E-17
3.470000E+03	5.049832E-17	2.684595E-17
3.480000E+03	5.084053E-17	2.687292E-17
3.490000E+03	5.119406E-17	2.690288E-17
3.500000E+03	5.154205E-17	2.692691E-17
3.510000E+03	5.189292E-17	2.694939E-17
3.520000E+03	5.225529E-17	2.697475E-17
3.530000E+03	5.261198E-17	2.699403E-17
3.540000E+03	5.298030E-17	2.701609E-17
3.550000E+03	5.334285E-17	2.703199E-17
3.560000E+03	5.371715E-17	2.705057E-17
3.570000E+03	5.408557E-17	2.706288E-17
3.580000E+03	5.445690E-17	2.707334E-17
3.590000E+03	5.484016E-17	2.708633E-17
3.600000E+03	5.521738E-17	2.709291E-17
3.610000E+03	5.560664E-17	2.710192E-17
3.620000E+03	5.598975E-17	2.710441E-17
3.630000E+03	5.638500E-17	2.710922E-17
3.640000E+03	5.677397E-17	2.710742E-17
3.650000E+03	5.717520E-17	2.710782E-17
3.660000E+03	5.757001E-17	2.710150E-17
3.670000E+03	5.797719E-17	2.709726E-17
3.680000E+03	5.837781E-17	2.708619E-17
3.690000E+03	5.879089E-17	2.707708E-17
3.700000E+03	5.919727E-17	2.706102E-17
3.710000E+03	5.960648E-17	2.704239E-17
3.720000E+03	6.002828E-17	2.702553E-17
3.730000E+03	6.044315E-17	2.700156E-17
3.740000E+03	6.087069E-17	2.697921E-17
3.750000E+03	6.129114E-17	2.694965E-17
3.760000E+03	6.172434E-17	2.692158E-17
3.770000E+03	6.215025E-17	2.688616E-17
3.780000E+03	6.258900E-17	2.685210E-17
3.790000E+03	6.302028E-17	2.681059E-17
3.800000E+03	6.346446E-17	2.677027E-17
3.810000E+03	6.390096E-17	2.672239E-17
3.820000E+03	6.435042E-17	2.667556E-17
3.830000E+03	6.479200E-17	2.662104E-17
3.840000E+03	6.524660E-17	2.656742E-17
3.850000E+03	6.569309E-17	2.650601E-17
3.860000E+03	6.615263E-17	2.644533E-17
3.870000E+03	6.660384E-17	2.637674E-17
3.880000E+03	6.706813E-17	2.630873E-17
3.890000E+03	6.752385E-17	2.623270E-17
3.900000E+03	6.799268E-17	2.615708E-17
3.910000E+03	6.845268E-17	2.607333E-17
3.920000E+03	6.891469E-17	2.598564E-17
3.930000E+03	6.938983E-17	2.589810E-17
3.940000E+03	6.985573E-17	2.580228E-17
3.950000E+03	7.033476E-17	2.570645E-17
3.960000E+03	7.080427E-17	2.560224E-17
3.970000E+03	7.128689E-17	2.549785E-17
3.980000E+03	7.175970E-17	2.538499E-17
3.990000E+03	7.224560E-17	2.527178E-17
4.000000E+03	7.272137E-17	2.515001E-17
4.010000E+03	7.321019E-17	2.502771E-17
4.020000E+03	7.368856E-17	2.489677E-17
4.030000E+03	7.416806E-17	2.476118E-17
4.040000E+03	7.466054E-17	2.462480E-17
4.050000E+03	7.514205E-17	2.447967E-17
4.060000E+03	7.563648E-17	2.433360E-17
4.070000E+03	7.611960E-17	2.417872E-17
4.080000E+03	7.660330E-17	2.401890E-17
4.090000E+03	7.709981E-17	2.385789E-17
4.100000E+03	7.758443E-17	2.368799E-17
4.110000E+03	7.806930E-17	2.351299E-17
4.120000E+03	7.856681E-17	2.333657E-17
4.130000E+03	7.905185E-17	2.315122E-17
4.140000E+03	7.954942E-17	2.296430E-17
4.150000E+03	8.003412E-17	2.276843E-17
4.160000E+03	8.051841E-17	2.256725E-17
4.170000E+03	8.101503E-17	2.236429E-17
4.180000E+03	8.149814E-17	2.215238E-17
4.190000E+03	8.198041E-17	2.193508E-17
4.200000E+03	8.246169E-17	2.171236E-17
4.210000E+03	8.295500E-17	2.148762E-17
4.220000E+03	8.343392E-17	2.125397E-17
4.230000E+03	8.391138E-17	2.101486E-17
4.240000E+03	8.440061E-17	2.077356E-17
4.250000E+03	8.487477E-17	2.052346E-17
4.260000E+03	8.534699E-17	2.026787E-17
4.270000E+03	8.581711E-17	2.000680E-17
4.280000E+03	8.629860E-17	1.974338E-17
4.290000E+03	8.676408E-17	1.947134E-17
4.300000E+03	8.722695E-17	1.919386E-17
4.310000E+03	8.768703E-17	1.891097E-17
4.320000E+03	8.814415E-17	1.862269E-17
4.330000E+03	8.859814E-17	1.832905E-17
4.340000E+03	8.906286E-17	1.803295E-17
4.350000E+03	8.951011E-17	1.772869E-17
4.360000E+03	8.995370E-17	1.741921E-17
4.370000E+03	9.039343E-17	1.710458E-17
4.380000E+03	9.082914E-17	1.678487E-17
4.390000E+03	9.126064E-17	1.646014E-17
4.400000E+03	9.168776E-17	1.613049E-17
4.410000E+03	9.211030E-17	1.579599E-17
4.420000E+03	9.252811E-17	1.545676E-17
4.430000E+03	9.294100E-17	1.511290E-17
4.440000E+03	9.334878E-17	1.476453E-17
4.450000E+03	9.375130E-17	1.441178E-17
4.460000E+03	9.416313E-17	1.405699E-17
4.470000E+03	9.453983E-17	1.369372E-17
4.480000E+03	9.492551E-17	1.332874E-17
4.490000E+03	9.530523E-17	1.296003E-17
4.500000E+03	9.567885E-17	1.258779E-17
4.510000E+03	9.604619E-17	1.221225E-17
4.520000E+03	9.640711E-17	1.183364E-17
4.530000E+03	9.676145E-17	1.145224E-17
4.540000E+03	9.710907E-17	1.106834E-17
4.550000E+03	9.744982E-17	1.068226E-17
4.560000E+03	9.778356E-17	1.029436E-17
4.570000E+03	9.811016E-17	9.905067E-18
4.580000E+03	9.841416E-17	9.513341E-18
4.590000E+03	9.872607E-17	9.122730E-18
4.600000E+03	9.903048E-17	8.732282E-18
4.610000E+03	9.932728E-17	8.342674E-18
4.620000E+03	9.961637E-17	7.954690E-18
4.630000E+03	9.988212E-17	7.568064E-18
4.640000E+03	1.001555E-16	7.186282E-18
4.650000E+03	1.004208E-16	6.809369E-18
4.660000E+03	1.006625E-16	6.437826E-18
4.670000E+03	1.009117E-16	6.075508E-18
4.680000E+03	1.011527E-16	5.723514E-18
4.690000E+03	1.013698E-16	5.383601E-18
4.700000E+03	1.015942E-16	5.060607E-18
4.710000E+03	1.018104E-16	4.757356E-18
4.720000E+03	1.020024E-16	4.477520E-18
4.730000E+03	1.022018E-16	4.227526E-18
4.740000E+03	1.023770E-16	4.011515E-18
4.750000E+03	1.025596E-16	3.836418E-18
4.760000E+03	1.027179E-16	3.706261E-18
4.770000E+03	1.028836E-16	3.626269E-18
4.780000E+03	1.030249E-16	3.597350E-18
4.790000E+03	1.031736E-16	3.620101E-18
4.800000E+03	1.032978E-16	3.690265E-18
4.810000E+03	1.034294E-16	3.803745E-18
4.820000E+03	1.035364E-16	3.952912E-18
4.830000E+03	1.036508E-16	4.132109E-18
4.840000E+03	1.037404E-16	4.333499E-18
4.850000E+03	1.038213E-16	4.551740E-18
4.860000E+03	1.039095E-16	4.782417E-18
4.870000E+03	1.039729E-16	5.019742E-18
4.880000E+03	1.040275E-16	5.260803E-18
4.890000E+03	1.040893E-16	5.503468E-18
4.900000E+03	1.041263E-16	5.743629E-18
4.910000E+03	1.041545E-16	5.980084E-18
4.920000E+03	1.041739E-16	6.211178E-18
4.930000E+03	1.042006E-16	6.436532E-18
4.940000E+03	1.042026E-16	6.653071E-18
4.950000E+03	1.041959E-16	6.860811E-18
4.960000E+03	1.041806E-16	7.058974E-18
4.970000E+03	1.041567E-16	7.246914E-18
4.980000E+03	1.041244E-16	7.424095E-18
4.990000E+03	1.040836E-16	7.590075E-18
5.000000E+03	1.040346E-16	7.744494E-18
5.010000E+03	1.039933E-16	7.888268E-18
5.020000E+03	1.039279E-16	8.018764E-18
5.030000E+03	1.038544E-16	8.136992E-18
5.040000E+03	1.037731E-16	8.242820E-18
5.050000E+03	1.036840E-16	8.336158E-18
5.060000E+03	1.035715E-16	8.415668E-18
5.070000E+03	1.034673E-16	8.483900E-18
5.080000E+03	1.033557E-16	8.539597E-18
5.090000E+03	1.032370E-16	8.582806E-18
5.100000E+03	1.031112E-16	8.613603E-18
5.110000E+03	1.029785E-16	8.632093E-18
5.120000E+03	1.028391E-16	8.638408E-18
5.130000E+03	1.026932E-16	8.632701E-18
5.140000E+03	1.025252E-16	8.613839E-18
5.150000E+03	1.023667E-16	8.584663E-18
5.160000E+03	1.022023E-16	8.544083E-18
5.170000E+03	1.020320E-16	8.492353E-18
5.180000E+03	1.018406E-16	8.428463E-18
5.190000E+03	1.016593E-16	8.355302E-18
5.200000E+03	1.014728E-16	8.271902E-18
5.210000E+03	1.012659E-16	8.177370E-18
5.220000E+03	1.010697E-16	8.074601E-18
5.230000E+03	1.008688E-16	7.962745E-18
5.240000E+03	1.006482E-16	7.841051E-18
5.250000E+03	1.004389E-16	7.712409E-18
5.260000E+03	1.002103E-16	7.574965E-18
5.270000E+03	9.999325E-17	7.431607E-18
5.280000E+03	9.975751E-17	7.280648E-18
5.290000E+03	9.953371E-17	7.124979E-18
5.300000E+03	9.929172E-17	6.963111E-18
5.310000E+03	9.906202E-17	6.797951E-18
5.320000E+03	9.881465E-17	6.628233E-18
5.330000E+03	9.857993E-17	6.456904E-18
5.340000E+03	9.832808E-17	6.282958E-18
5.350000E+03	9.807434E-17	6.108476E-18
5.360000E+03	9.783380E-17	5.935532E-18
5.370000E+03	9.757691E-17	5.763573E-18
5.380000E+03	9.731881E-17	5.594914E-18
5.390000E+03	9.707445E-17	5.431880E-18
5.400000E+03	9.681452E-17	5.274409E-18
5.410000E+03	9.655404E-17	5.125066E-18
5.420000E+03	9.629322E-17	4.985648E-18
5.430000E+03	9.604685E-17	4.858741E-18
5.440000E+03	9.578596E-17	4.744703E-18
5.450000E+03	9.552537E-17	4.646077E-18
5.460000E+03	9.526531E-17	4.564499E-18
5.470000E+03	9.500597E-17	4.501353E-18
5.480000E+03	9.474756E-17	4.457659E-18
5.490000E+03	9.450463E-17	4.434638E-18
5.500000E+03	9.424866E-17	4.430947E-18
5.510000E+03	9.399424E-17	4.446699E-18
5.520000E+03	9.374155E-17	4.480822E-18
5.530000E+03	9.349079E-17	4.531832E-18
5.540000E+03	9.324215E-17	4.597961E-18
5.550000E+03	9.299582E-17	4.677271E-18
5.560000E+03	9.275199E-17	4.767756E-18
5.570000E+03	9.251084E-17	4.867426E-18
5.580000E+03	9.227254E-17	4.974361E-18
5.590000E+03	9.202336E-17	5.085985E-18
5.600000E+03	9.179136E-17	5.202151E-18
5.610000E+03	9.156276E-17	5.320585E-18
5.620000E+03	9.133773E-17	5.439912E-18
5.630000E+03	9.111644E-17	5.558907E-18
5.640000E+03	9.089907E-17	5.676477E-18
5.650000E+03	9.068578E-17	5.791660E-18
5.660000E+03	9.046305E-17	5.902714E-18
5.670000E+03	9.025846E-17	6.010664E-18
5.680000E+03	9.005846E-17	6.113984E-18
5.690000E+03	8.986320E-17	6.212108E-18
5.700000E+03	8.965929E-17	6.303588E-18
5.710000E+03	8.947403E-17	6.389893E-18
5.720000E+03	8.929401E-17	6.469713E-18
5.730000E+03	8.910589E-17	6.541746E-18
5.740000E+03	8.893682E-17	6.607689E-18
5.750000E+03	8.877344E-17	6.666335E-18
5.760000E+03	8.860252E-17	6.716479E-18
5.770000E+03	8.845101E-17	6.759984E-18
5.780000E+03	8.829232E-17	6.794690E-18
5.790000E+03	8.815329E-17	6.822542E-18
5.800000E+03	8.800742E-17	6.841408E-18
5.810000E+03	8.788146E-17	6.853297E-18
5.820000E+03	8.774899E-17	6.856107E-18
5.830000E+03	8.763668E-17	6.851892E-18
5.840000E+03	8.751818E-17	6.838585E-18
5.850000E+03	8.742009E-17	6.818269E-18
5.860000E+03	8.731613E-17	6.788914E-18
5.870000E+03	8.723282E-17	6.752621E-18
5.880000E+03	8.714395E-17	6.707405E-18
5.890000E+03	8.706283E-17	6.654364E-18
5.900000E+03	8.700273E-17	6.594582E-18
5.910000E+03	8.693750E-17	6.526155E-18
5.920000E+03	8.688042E-17	6.450200E-18
5.930000E+03	8.684473E-17	6.367802E-18
5.940000E+03	8.680432E-17	6.277161E-18
5.950000E+03	8.677244E-17	6.179402E-18
5.960000E+03	8.676230E-17	6.075606E-18
5.970000E+03	8.674784E-17	5.964103E-18
5.980000E+03	8.674226E-17	5.846021E-18
5.990000E+03	8.674569E-17	5.721577E-18
6.000000E+03	8.675824E-17	5.591004E-18
6.010000E+03	8.679312E-17	5.455386E-18
6.020000E+03	8.682424E-17	5.313337E-18
6.030000E+03	8.686479E-17	5.166016E-18
6.040000E+03	8.691489E-17	5.013773E-18
6.050000E+03	8.697463E-17	4.856996E-18
6.060000E+03	8.704410E-17	4.696122E-18
6.070000E+03	8.712338E-17	4.531642E-18
6.080000E+03	8.722571E-17	4.364774E-18
6.090000E+03	8.732487E-17	4.194813E-18
6.100000E+03	8.743408E-17	4.023175E-18
6.110000E+03	8.755339E-17	3.850705E-18
6.120000E+03	8.768286E-17	3.678385E-18
6.130000E+03	8.782253E-17	3.507360E-18
6.140000E+03	8.797244E-17	3.338965E-18
6.150000E+03	8.813263E-17	3.174759E-18
6.160000E+03	8.830309E-17	3.016559E-18
6.170000E+03	8.848384E-17	2.866453E-18
6.180000E+03	8.867485E-17	2.726813E-18
6.190000E+03	8.887612E-17	2.600255E-18
6.200000E+03	8.907414E-17	2.489167E-18
6.210000E+03	8.929571E-17	2.397047E-18
6.220000E+03	8.952732E-17	2.325920E-18
6.230000E+03	8.976886E-17	2.277519E-18
6.240000E+03	9.002019E-17	2.252521E-18
6.250000E+03	9.028112E-17	2.250299E-18
6.260000E+03	9.055145E-17	2.268923E-18
6.270000E+03	9.081721E-17	2.305082E-18
6.280000E+03	9.110551E-17	2.355888E-18
6.290000E+03	9.140237E-17	2.417222E-18
6.300000E+03	9.170746E-17	2.485432E-18
6.310000E+03	9.202044E-17	2.557185E-18
6.320000E+03	9.232701E-17	2.629170E-18
6.330000E+03	9.265460E-17	2.699708E-18
6.340000E+03	9.298893E-17	2.766381E-18
6.350000E+03	9.332957E-17	2.827568E-18
6.360000E+03	9.366195E-17	2.881585E-18
6.370000E+03	9.401387E-17	2.928386E-18
6.380000E+03	9.437078E-17	2.966958E-18
6.390000E+03	9.471792E-17	2.996569E-18
6.400000E+03	9.508336E-17	3.018142E-18
6.410000E+03	9.545237E-17	3.031561E-18
6.420000E+03	9.581000E-17	3.037018E-18
6.430000E+03	9.618464E-17	3.036421E-18
6.440000E+03	9.654680E-17	3.030212E-18
6.450000E+03	9.692510E-17	3.021053E-18
6.460000E+03	9.730450E-17	3.010640E-18
6.470000E+03	9.766975E-17	3.001082E-18
6.480000E+03	9.804982E-17	2.996237E-18
6.490000E+03	9.841464E-17	2.998464E-18
6.500000E+03	9.879341E-17	3.012125E-18
6.510000E+03	9.915586E-17	3.039756E-18
6.520000E+03	9.953144E-17	3.085454E-18
6.530000E+03	9.988968E-17	3.150921E-18
6.540000E+03	1.002603E-16	3.238945E-18
6.550000E+03	1.006126E-16	3.349501E-18
6.560000E+03	1.009766E-16	3.483674E-18
6.570000E+03	1.013215E-16	3.639808E-18
6.580000E+03	1.016774E-16	3.817847E-18
6.590000E+03	1.020134E-16	4.015200E-18
6.600000E+03	1.023444E-16	4.230781E-18
6.610000E+03	1.026858E-16	4.463581E-18
6.620000E+03	1.030061E-16	4.710630E-18
6.630000E+03	1.033362E-16	4.971747E-18
6.640000E+03	1.036446E-16	5.243998E-18
6.650000E+03	1.039466E-16	5.526744E-18
6.660000E+03	1.042578E-16	5.819628E-18
6.670000E+03	1.045465E-16	6.119811E-18
6.680000E+03	1.048281E-16	6.427104E-18
6.690000E+03	1.051184E-16	6.741592E-18
6.700000E+03	1.053853E-16	7.060432E-18
6.710000E+03	1.056446E-16	7.383812E-18
6.720000E+03	1.058960E-16	7.711012E-18
6.730000E+03	1.061556E-16	8.042580E-18
6.740000E+03	1.063910E-16	8.375510E-18
6.750000E+03	1.066180E-16	8.710391E-18
6.760000E+03	1.068529E-16	9.048046E-18
6.770000E+03	1.070631E-16	9.385272E-18
6.780000E+03	1.072646E-16	9.722903E-18
6.790000E+03	1.074574E-16	1.006048E-17
6.800000E+03	1.076413E-16	1.039755E-17
6.810000E+03	1.078327E-16	1.073533E-17
6.820000E+03	1.079987E-16	1.107022E-17
6.830000E+03	1.081557E-16	1.140339E-17
6.840000E+03	1.083035E-16	1.173449E-17
6.850000E+03	1.084422E-16	1.206314E-17
6.860000E+03	1.085717E-16	1.238902E-17
6.870000E+03	1.086919E-16	1.271177E-17
6.880000E+03	1.088193E-16	1.303307E-17
6.890000E+03	1.089210E-16	1.334868E-17
6.900000E+03	1.090134E-16	1.366024E-17
6.910000E+03	1.090964E-16	1.396746E-17
6.920000E+03	1.091702E-16	1.427006E-17
6.930000E+03	1.092347E-16	1.456777E-17
6.940000E+03	1.092899E-16	1.486032E-17
6.950000E+03	1.093358E-16	1.514746E-17
6.960000E+03	1.093725E-16	1.542894E-17
6.970000E+03	1.094000E-16	1.570453E-17
6.980000E+03	1.094184E-16	1.597401E-17
6.990000E+03	1.094276E-16	1.623715E-17
7.000000E+03	1.094278E-16	1.649374E-17
7.010000E+03	1.094190E-16	1.674359E-17
7.020000E+03	1.094011E-16	1.698649E-17
7.030000E+03	1.093744E-16	1.722226E-17
7.040000E+03	1.093389E-16	1.745072E-17
7.050000E+03	1.092945E-16	1.767171E-17
7.060000E+03	1.092415E-16	1.788505E-17
7.070000E+03	1.091799E-16	1.809060E-17
7.080000E+03	1.091097E-16	1.828821E-17
7.090000E+03	1.090311E-16	1.847774E-17
7.100000E+03	1.089441E-16	1.865906E-17
7.110000E+03	1.088322E-16	1.882917E-17
7.120000E+03	1.087287E-16	1.899368E-17
7.130000E+03	1.086171E-16	1.914962E-17
7.140000E+03	1.084975E-16	1.929690E-17
7.150000E+03	1.083699E-16	1.943543E-17
7.160000E+03	1.082346E-16	1.956511E-17
7.170000E+03	1.080915E-16	1.968587E-17
7.180000E+03	1.079244E-16	1.979461E-17
7.190000E+03	1.077662E-16	1.989729E-17
7.200000E+03	1.076006E-16	1.999084E-17
7.210000E+03	1.074277E-16	2.007522E-17
7.220000E+03	1.072312E-16	2.014731E-17
7.230000E+03	1.070441E-16	2.021319E-17
7.240000E+03	1.068499E-16	2.026978E-17
7.250000E+03	1.066489E-16	2.031704E-17
7.260000E+03	1.064249E-16	2.035186E-17
7.270000E+03	1.062105E-16	2.038042E-17
7.280000E+03	1.059895E-16	2.039961E-17
7.290000E+03	1.057621E-16	2.040943E-17
7.300000E+03	1.055123E-16	2.040676E-17
7.310000E+03	1.052725E-16	2.039785E-17
7.320000E+03	1.050265E-16	2.037960E-17
7.330000E+03	1.047585E-16	2.034891E-17
7.340000E+03	1.045007E-16	2.031203E-17
7.350000E+03	1.042372E-16	2.026587E-17
7.360000E+03	1.039521E-16	2.020739E-17
7.370000E+03	1.036774E-16	2.014280E-17
7.380000E+03	1.033815E-16	2.006599E-17
7.390000E+03	1.030961E-16	1.998315E-17
7.400000E+03	1.028055E-16	1.989127E-17
7.410000E+03	1.024941E-16	1.978735E-17
7.420000E+03	1.021935E-16	1.967755E-17
7.430000E+03	1.018724E-16	1.955589E-17
7.440000E+03	1.015621E-16	1.942845E-17
7.450000E+03	1.012318E-16	1.928933E-17
7.460000E+03	1.009124E-16	1.914454E-17
7.470000E+03	1.005731E-16	1.898829E-17
7.480000E+03	1.002450E-16	1.882650E-17
7.490000E+03	9.989736E-17	1.865346E-17
7.500000E+03	9.956096E-17	1.847503E-17
7.510000E+03	9.920531E-17	1.828560E-17
7.520000E+03	9.886103E-17	1.809091E-17
7.530000E+03	9.849782E-17	1.788549E-17
7.540000E+03	9.814608E-17	1.767496E-17
7.550000E+03	9.777573E-17	1.745399E-17
7.560000E+03	9.741695E-17	1.722807E-17
7.570000E+03	9.703987E-17	1.699200E-17
7.580000E+03	9.667446E-17	1.675115E-17
7.590000E+03	9.629106E-17	1.650047E-17
7.600000E+03	9.590469E-17	1.624270E-17
7.610000E+03	9.553013E-17	1.598041E-17
7.620000E+03	9.513805E-17	1.570880E-17
7.630000E+03	9.474330E-17	1.543048E-17
7.640000E+03	9.436050E-17	1.514794E-17
7.650000E+03	9.396064E-17	1.485661E-17
7.660000E+03	9.355842E-17	1.455900E-17
7.670000E+03	9.316827E-17	1.425746E-17
7.680000E+03	9.276155E-17	1.394771E-17
7.690000E+03	9.235275E-17	1.363214E-17
7.700000E+03	9.195615E-17	1.331295E-17
7.710000E+03	9.154345E-17	1.298616E-17
7.720000E+03	9.112897E-17	1.265403E-17
7.730000E+03	9.071282E-17	1.231673E-17
7.740000E+03	9.030903E-17	1.197629E-17
7.750000E+03	8.988976E-17	1.162913E-17
7.760000E+03	8.946911E-17	1.127733E-17
7.770000E+03	8.904718E-17	1.092109E-17
7.780000E+03	8.862407E-17	1.056061E-17
7.790000E+03	8.821351E-17	1.019768E-17
7.800000E+03	8.778826E-17	9.829296E-18
7.810000E+03	8.736213E-17	9.457329E-18
7.820000E+03	8.693521E-17	9.082025E-18
7.830000E+03	8.650760E-17	8.703650E-18
7.840000E+03	8.607939E-17	8.322491E-18
7.850000E+03	8.566395E-17	7.940093E-18
7.860000E+03	8.523478E-17	7.554289E-18
7.870000E+03	8.480530E-17	7.166763E-18
7.880000E+03	8.437561E-17	6.777968E-18
7.890000E+03	8.394581E-17	6.388430E-18
7.900000E+03	8.351598E-17	5.998774E-18
7.910000E+03	8.308621E-17	5.609754E-18
7.920000E+03	8.265660E-17	5.222298E-18
7.930000E+03	8.222723E-17	4.837578E-18
7.940000E+03	8.179820E-17	4.457102E-18
7.950000E+03	8.136957E-17	4.082852E-18
7.960000E+03	8.094143E-17	3.717500E-18
7.970000E+03	8.051387E-17	3.364712E-18
7.980000E+03	8.008694E-17	3.029601E-18
7.990000E+03	7.966072E-17	2.719351E-18
8.000000E+03	7.923527E-17	2.443949E-18
8.010000E+03	7.881064E-17	2.216698E-18
8.020000E+03	7.838688E-17	2.053580E-18
8.030000E+03	7.796403E-17	1.970060E-18
8.040000E+03	7.754211E-17	1.975196E-18
8.050000E+03	7.712114E-17	2.066775E-18
8.060000E+03	7.670113E-17	2.232288E-18
8.070000E+03	7.628206E-17	2.454761E-18
8.080000E+03	7.586394E-17	2.718158E-18
8.090000E+03	7.543496E-17	3.009260E-18
8.100000E+03	7.501872E-17	3.319630E-18
8.110000E+03	7.460336E-17	3.642244E-18
8.120000E+03	7.418884E-17	3.972465E-18
8.130000E+03	7.377514E-17	4.307013E-18
8.140000E+03	7.336224E-17	4.643539E-18
8.150000E+03	7.295010E-17	4.980336E-18
8.160000E+03	7.252735E-17	5.315309E-18
8.170000E+03	7.211671E-17	5.649125E-18
8.180000E+03	7.170675E-17	5.980286E-18
8.190000E+03	7.129744E-17	6.308242E-18
8.200000E+03	7.088876E-17	6.632563E-18
8.210000E+03	7.046965E-17	6.951825E-18
8.220000E+03	7.006223E-17	7.267892E-18
8.230000E+03	6.965537E-17	7.579514E-18
8.240000E+03	6.924906E-17	7.886525E-18
8.250000E+03	6.883250E-17	8.187507E-18
8.260000E+03	6.842731E-17	8.484874E-18
8.270000E+03	6.802263E-17	8.777308E-18
8.280000E+03	6.760785E-17	9.063316E-18
8.290000E+03	6.720423E-17	9.345651E-18
8.300000E+03	6.680111E-17	9.622893E-18
8.310000E+03	6.638805E-17	9.893459E-18
8.320000E+03	6.598597E-17	1.016040E-17
8.330000E+03	6.558438E-17	1.042218E-17
8.340000E+03	6.517303E-17	1.067712E-17
8.350000E+03	6.477250E-17	1.092854E-17
8.360000E+03	6.437248E-17	1.117480E-17
8.370000E+03	6.396290E-17	1.141411E-17
8.380000E+03	6.356398E-17	1.165003E-17
8.390000E+03	6.315564E-17	1.187896E-17
8.400000E+03	6.275787E-17	1.210462E-17
8.410000E+03	6.236067E-17	1.232519E-17
8.420000E+03	6.195428E-17	1.253872E-17
8.430000E+03	6.155833E-17	1.274915E-17
8.440000E+03	6.115333E-17	1.295252E-17
8.450000E+03	6.075870E-17	1.315292E-17
8.460000E+03	6.035518E-17	1.334626E-17
8.470000E+03	5.996195E-17	1.353676E-17
8.480000E+03	5.956001E-17	1.372020E-17
8.490000E+03	5.916827E-17	1.390092E-17
8.500000E+03	5.877729E-17	1.407684E-17
8.510000E+03	5.837784E-17	1.424572E-17
8.520000E+03	5.798851E-17	1.441209E-17
8.530000E+03	5.759088E-17	1.457145E-17
8.540000E+03	5.719422E-17	1.472611E-17
8.550000E+03	5.680759E-17	1.487846E-17
8.560000E+03	5.641291E-17	1.502387E-17
8.570000E+03	5.602819E-17	1.516711E-17
8.580000E+03	5.563561E-17	1.530343E-17
8.590000E+03	5.525293E-17	1.543774E-17
8.600000E+03	5.486256E-17	1.556519E-17
8.610000E+03	5.448202E-17	1.569075E-17
8.620000E+03	5.409398E-17	1.580951E-17
8.630000E+03	5.370717E-17	1.592399E-17
8.640000E+03	5.333012E-17	1.603680E-17
8.650000E+03	5.294581E-17	1.614291E-17
8.660000E+03	5.257121E-17	1.624748E-17
8.670000E+03	5.218953E-17	1.634541E-17
8.680000E+03	5.180924E-17	1.643933E-17
8.690000E+03	5.143857E-17	1.653194E-17
8.700000E+03	5.106108E-17	1.661801E-17
8.710000E+03	5.069316E-17	1.670290E-17
8.720000E+03	5.031859E-17	1.678135E-17
8.730000E+03	4.994555E-17	1.685606E-17
8.740000E+03	4.958200E-17	1.692980E-17
8.750000E+03	4.921205E-17	1.699723E-17
8.760000E+03	4.884372E-17	1.706108E-17
8.770000E+03	4.848479E-17	1.712417E-17
8.780000E+03	4.811972E-17	1.718108E-17
8.790000E+03	4.775635E-17	1.723459E-17
8.800000E+03	4.740229E-17	1.728754E-17
8.810000E+03	4.704234E-17	1.733445E-17
8.820000E+03	4.668415E-17	1.737814E-17
8.830000E+03	4.633521E-17	1.742146E-17
8.840000E+03	4.598059E-17	1.745889E-17
8.850000E+03	4.562783E-17	1.749327E-17
8.860000E+03	4.527693E-17	1.752467E-17
8.870000E+03	4.493516E-17	1.755596E-17
8.880000E+03	4.458802E-17	1.758156E-17
8.890000E+03	4.424283E-17	1.760434E-17
8.900000E+03	4.389959E-17	1.762436E-17
8.910000E+03	4.356535E-17	1.764453E-17
8.920000E+03	4.322603E-17	1.765921E-17
8.930000E+03	4.288874E-17	1.767131E-17
8.940000E+03	4.256035E-17	1.768373E-17
8.950000E+03	4.222711E-17	1.769083E-17
8.960000E+03	4.189593E-17	1.769551E-17
8.970000E+03	4.156685E-17	1.769783E-17
8.980000E+03	4.123987E-17	1.769784E-17
8.990000E+03	4.092163E-17	1.769846E-17
9.000000E+03	4.059887E-17	1.769402E-17
9.040000E+03	3.933582E-17	1.765822E-17
9.080000E+03	3.810762E-17	1.759151E-17
9.120000E+03	3.691492E-17	1.749712E-17
9.160000E+03	3.575238E-17	1.737533E-17
9.200000E+03	3.463214E-17	1.723479E-17
9.240000E+03	3.354838E-17	1.707544E-17
9.280000E+03	3.250110E-17	1.689989E-17
9.320000E+03	3.148502E-17	1.670786E-17
9.360000E+03	3.051037E-17	1.650711E-17
9.400000E+03	2.957144E-17	1.629699E-17
9.440000E+03	2.866775E-17	1.607942E-17
9.480000E+03	2.779871E-17	1.585613E-17
9.520000E+03	2.696364E-17	1.562873E-17
9.560000E+03	2.616178E-17	1.539864E-17
9.600000E+03	2.539232E-17	1.516715E-17
9.640000E+03	2.465438E-17	1.493538E-17
9.680000E+03	2.394704E-17	1.470435E-17
9.720000E+03	2.326935E-17	1.447493E-17
9.760000E+03	2.262032E-17	1.424789E-17
9.800000E+03	2.200264E-17	1.402623E-17
9.840000E+03	2.140782E-17	1.380577E-17
9.880000E+03	2.084216E-17	1.359165E-17
9.920000E+03	2.030095E-17	1.338192E-17
9.960000E+03	1.977987E-17	1.317464E-17
1.000000E+04	1.928468E-17	1.297456E-17
1.004000E+04	1.881101E-17	1.277960E-17
1.008000E+04	1.836101E-17	1.259204E-17
1.012000E+04	1.792747E-17	1.240766E-17
1.016000E+04	1.751266E-17	1.222867E-17
1.020000E+04	1.711864E-17	1.205714E-17
1.024000E+04	1.674152E-17	1.189095E-17
1.028000E+04	1.637767E-17	1.172802E-17
1.032000E+04	1.603199E-17	1.157235E-17
