#wls	flux	fluxerr
1.595464E+03	8.204469E-04	4.864009E-05
1.635351E+03	6.874616E-04	4.017483E-05
1.675237E+03	5.738156E-04	3.304155E-05
1.715124E+03	4.774768E-04	2.707939E-05
1.755011E+03	3.964898E-04	2.213752E-05
1.794897E+03	3.289524E-04	1.807372E-05
1.834784E+03	2.729794E-04	1.475249E-05
1.874670E+03	2.269908E-04	1.206044E-05
1.914557E+03	1.894979E-04	9.894055E-06
1.954444E+03	1.592137E-04	8.165003E-06
1.994330E+03	1.350523E-04	6.799419E-06
2.034217E+03	1.161674E-04	5.738955E-06
2.074103E+03	1.019463E-04	4.939482E-06
2.113990E+03	9.203913E-05	4.371430E-06
2.153877E+03	8.631344E-05	4.016517E-06
2.193763E+03	8.476542E-05	3.862676E-06
2.233650E+03	8.761260E-05	3.907627E-06
2.273536E+03	9.547151E-05	4.165600E-06
2.313423E+03	1.094786E-04	4.670606E-06
2.353310E+03	1.314991E-04	5.482699E-06
2.393196E+03	1.643888E-04	6.695216E-06
2.433083E+03	2.121629E-04	8.436924E-06
2.472969E+03	2.803269E-04	1.087960E-05
2.512856E+03	3.759232E-04	1.423314E-05
2.552743E+03	5.073912E-04	1.873386E-05
2.592629E+03	6.839527E-04	2.461689E-05
2.632516E+03	9.153825E-04	3.210605E-05
2.672402E+03	1.211197E-03	4.138544E-05
2.712289E+03	1.580443E-03	5.259595E-05
2.752176E+03	2.031198E-03	6.582384E-05
2.792062E+03	2.568440E-03	8.104079E-05
2.831949E+03	3.191782E-03	9.804724E-05
2.871835E+03	3.893487E-03	1.164348E-04
2.911722E+03	4.656786E-03	1.355684E-04
2.951609E+03	5.456990E-03	1.546518E-04
2.991495E+03	6.263207E-03	1.728024E-04
3.001467E+03	6.462071E-03	1.771000E-04
3.011438E+03	6.658727E-03	1.812739E-04
3.021410E+03	6.852690E-03	1.853131E-04
3.031382E+03	7.043862E-03	1.892174E-04
3.041353E+03	7.231799E-03	1.929775E-04
3.051325E+03	7.416268E-03	1.965899E-04
3.061297E+03	7.597084E-03	2.000526E-04
3.071268E+03	7.773805E-03	2.033568E-04
3.081240E+03	7.946191E-03	2.064995E-04
3.091212E+03	8.114393E-03	2.094879E-04
3.101183E+03	8.277945E-03	2.123130E-04
3.111155E+03	8.436944E-03	2.149809E-04
3.121127E+03	8.591217E-03	2.174902E-04
3.131098E+03	8.741303E-03	2.198580E-04
3.141070E+03	8.886777E-03	2.220767E-04
3.151042E+03	9.027955E-03	2.241573E-04
3.161013E+03	9.165183E-03	2.261116E-04
3.170985E+03	9.298683E-03	2.279477E-04
3.180957E+03	9.428355E-03	2.296660E-04
3.190928E+03	9.555008E-03	2.312889E-04
3.200900E+03	9.678586E-03	2.328175E-04
3.210871E+03	9.799603E-03	2.342664E-04
3.220843E+03	9.918200E-03	2.356411E-04
3.230815E+03	1.003493E-02	2.369563E-04
3.240786E+03	1.015012E-02	2.382214E-04
3.250758E+03	1.026415E-02	2.394462E-04
3.260730E+03	1.037720E-02	2.406360E-04
3.270701E+03	1.048982E-02	2.418042E-04
3.280673E+03	1.060237E-02	2.429603E-04
3.290645E+03	1.071504E-02	2.441087E-04
3.300616E+03	1.082839E-02	2.452630E-04
3.310588E+03	1.094262E-02	2.464276E-04
3.320560E+03	1.105830E-02	2.476157E-04
3.330531E+03	1.117565E-02	2.488322E-04
3.340503E+03	1.129509E-02	2.500864E-04
3.350475E+03	1.141706E-02	2.513879E-04
3.360446E+03	1.154203E-02	2.527464E-04
3.370418E+03	1.167050E-02	2.541726E-04
3.380390E+03	1.180284E-02	2.556738E-04
3.390361E+03	1.193980E-02	2.572655E-04
3.400333E+03	1.208162E-02	2.589525E-04
3.410305E+03	1.222933E-02	2.607550E-04
3.420276E+03	1.238322E-02	2.626789E-04
3.430248E+03	1.254395E-02	2.647361E-04
3.440219E+03	1.271193E-02	2.669346E-04
3.450191E+03	1.288662E-02	2.692614E-04
3.460163E+03	1.306645E-02	2.716828E-04
3.470134E+03	1.324838E-02	2.741352E-04
3.480106E+03	1.342840E-02	2.765368E-04
3.490078E+03	1.360160E-02	2.787882E-04
3.500049E+03	1.376206E-02	2.807718E-04
3.510021E+03	1.390397E-02	2.823735E-04
3.519993E+03	1.402088E-02	2.834672E-04
3.529964E+03	1.410729E-02	2.839491E-04
3.539936E+03	1.415832E-02	2.837280E-04
3.549908E+03	1.417090E-02	2.827517E-04
3.559879E+03	1.414309E-02	2.809900E-04
3.569851E+03	1.407481E-02	2.784508E-04
3.579823E+03	1.396870E-02	2.751947E-04
3.589794E+03	1.382835E-02	2.713001E-04
3.599766E+03	1.365944E-02	2.668844E-04
3.609738E+03	1.346892E-02	2.620887E-04
3.619709E+03	1.326446E-02	2.570648E-04
3.629681E+03	1.305404E-02	2.519687E-04
3.639652E+03	1.284581E-02	2.469570E-04
3.649624E+03	1.264739E-02	2.421738E-04
3.659596E+03	1.246614E-02	2.377557E-04
3.669567E+03	1.230797E-02	2.338103E-04
3.679539E+03	1.217859E-02	2.304389E-04
3.689511E+03	1.208273E-02	2.277237E-04
3.699482E+03	1.202428E-02	2.257289E-04
3.709454E+03	1.200635E-02	2.245037E-04
3.719426E+03	1.203209E-02	2.240974E-04
3.729397E+03	1.210432E-02	2.245516E-04
3.739369E+03	1.222598E-02	2.259101E-04
3.749341E+03	1.239989E-02	2.282132E-04
3.759312E+03	1.262874E-02	2.314982E-04
3.769284E+03	1.291494E-02	2.357965E-04
3.779256E+03	1.326027E-02	2.411271E-04
3.789227E+03	1.366530E-02	2.474870E-04
3.799199E+03	1.412867E-02	2.548378E-04
3.809171E+03	1.464790E-02	2.631215E-04
3.819142E+03	1.521784E-02	2.722330E-04
3.829114E+03	1.583053E-02	2.820183E-04
3.839085E+03	1.647640E-02	2.922977E-04
3.849057E+03	1.714430E-02	3.028660E-04
3.859029E+03	1.782124E-02	3.134890E-04
3.869000E+03	1.849362E-02	3.239259E-04
3.878972E+03	1.914848E-02	3.339509E-04
3.888944E+03	1.977389E-02	3.433602E-04
3.898915E+03	2.035948E-02	3.519809E-04
3.908887E+03	2.089856E-02	3.597066E-04
3.918859E+03	2.138719E-02	3.664800E-04
3.928830E+03	2.182330E-02	3.722774E-04
3.938802E+03	2.220708E-02	3.771143E-04
3.948774E+03	2.254015E-02	3.810302E-04
3.958745E+03	2.282496E-02	3.840783E-04
3.968717E+03	2.306552E-02	3.863377E-04
3.978689E+03	2.326574E-02	3.878845E-04
3.988660E+03	2.342969E-02	3.887964E-04
3.998632E+03	2.356023E-02	3.891299E-04
4.008604E+03	2.365912E-02	3.889230E-04
4.018575E+03	2.372746E-02	3.882019E-04
4.028547E+03	2.376340E-02	3.869453E-04
4.038518E+03	2.376443E-02	3.851210E-04
4.048490E+03	2.372788E-02	3.826958E-04
4.058462E+03	2.365175E-02	3.796478E-04
4.068433E+03	2.353477E-02	3.759673E-04
4.078405E+03	2.337684E-02	3.716639E-04
4.088377E+03	2.317896E-02	3.667641E-04
4.098348E+03	2.294326E-02	3.613125E-04
4.108320E+03	2.267304E-02	3.553703E-04
4.118292E+03	2.237157E-02	3.489981E-04
4.128263E+03	2.204313E-02	3.422707E-04
4.138235E+03	2.169206E-02	3.352619E-04
4.148207E+03	2.132295E-02	3.280488E-04
4.158178E+03	2.094046E-02	3.207073E-04
4.168150E+03	2.054929E-02	3.133130E-04
4.178122E+03	2.015428E-02	3.059416E-04
4.188093E+03	1.976024E-02	2.986675E-04
4.198065E+03	1.937184E-02	2.915612E-04
4.208037E+03	1.899368E-02	2.846909E-04
4.218008E+03	1.862994E-02	2.781173E-04
4.227980E+03	1.828445E-02	2.718952E-04
4.237952E+03	1.796051E-02	2.660705E-04
4.247923E+03	1.766074E-02	2.606783E-04
4.257895E+03	1.738695E-02	2.557416E-04
4.267866E+03	1.714075E-02	2.512804E-04
4.277838E+03	1.692322E-02	2.473066E-04
4.287810E+03	1.673490E-02	2.438245E-04
4.297781E+03	1.657562E-02	2.408286E-04
4.307753E+03	1.644476E-02	2.383063E-04
4.317725E+03	1.634178E-02	2.362465E-04
4.327696E+03	1.626514E-02	2.346238E-04
4.337668E+03	1.621372E-02	2.334197E-04
4.347640E+03	1.618613E-02	2.326123E-04
4.357611E+03	1.618097E-02	2.321802E-04
4.367583E+03	1.619682E-02	2.321019E-04
4.377555E+03	1.623245E-02	2.323596E-04
4.387526E+03	1.628636E-02	2.329316E-04
4.397498E+03	1.635717E-02	2.337986E-04
4.407470E+03	1.644259E-02	2.349267E-04
4.417441E+03	1.653926E-02	2.362658E-04
4.427413E+03	1.664335E-02	2.377594E-04
4.437385E+03	1.675027E-02	2.393404E-04
4.447356E+03	1.685514E-02	2.409370E-04
4.457328E+03	1.695298E-02	2.424764E-04
4.467299E+03	1.703886E-02	2.438855E-04
4.477271E+03	1.710932E-02	2.451122E-04
4.487243E+03	1.716145E-02	2.461120E-04
4.497214E+03	1.719280E-02	2.468464E-04
4.507186E+03	1.720192E-02	2.472909E-04
4.517158E+03	1.718788E-02	2.474283E-04
4.527129E+03	1.714998E-02	2.472444E-04
4.537101E+03	1.708763E-02	2.467264E-04
4.547073E+03	1.700023E-02	2.458613E-04
4.557044E+03	1.688773E-02	2.446436E-04
4.567016E+03	1.675119E-02	2.430842E-04
4.576988E+03	1.659152E-02	2.411921E-04
4.586959E+03	1.641034E-02	2.389865E-04
4.596931E+03	1.621015E-02	2.364996E-04
4.606903E+03	1.599359E-02	2.337664E-04
4.616874E+03	1.576295E-02	2.308169E-04
4.626846E+03	1.552132E-02	2.276934E-04
4.636818E+03	1.527064E-02	2.244218E-04
4.646789E+03	1.501339E-02	2.210363E-04
4.656761E+03	1.475107E-02	2.175570E-04
4.666732E+03	1.448483E-02	2.139994E-04
4.676704E+03	1.421577E-02	2.103786E-04
4.686676E+03	1.394490E-02	2.067084E-04
4.696647E+03	1.367351E-02	2.030070E-04
4.706619E+03	1.340242E-02	1.992864E-04
4.716591E+03	1.313261E-02	1.955604E-04
4.726562E+03	1.286513E-02	1.918448E-04
4.736534E+03	1.260064E-02	1.881495E-04
4.746506E+03	1.234045E-02	1.844942E-04
4.756477E+03	1.208511E-02	1.808877E-04
4.766449E+03	1.183598E-02	1.773507E-04
4.776421E+03	1.159446E-02	1.739048E-04
4.786392E+03	1.136192E-02	1.705715E-04
4.796364E+03	1.114049E-02	1.673834E-04
4.806336E+03	1.093287E-02	1.643823E-04
4.816307E+03	1.074171E-02	1.616089E-04
4.826279E+03	1.056992E-02	1.591078E-04
4.836251E+03	1.042017E-02	1.569205E-04
4.846222E+03	1.029478E-02	1.550828E-04
4.856194E+03	1.019542E-02	1.536205E-04
4.866165E+03	1.012261E-02	1.525421E-04
4.876137E+03	1.007593E-02	1.518419E-04
4.886109E+03	1.005481E-02	1.515112E-04
4.896080E+03	1.005776E-02	1.515280E-04
4.906052E+03	1.008339E-02	1.518709E-04
4.916024E+03	1.013021E-02	1.525174E-04
4.925995E+03	1.019672E-02	1.534443E-04
4.935967E+03	1.028166E-02	1.546324E-04
4.945939E+03	1.038359E-02	1.560595E-04
4.955910E+03	1.050128E-02	1.577063E-04
4.965882E+03	1.063319E-02	1.595490E-04
4.975854E+03	1.077766E-02	1.615622E-04
4.985825E+03	1.093253E-02	1.637129E-04
4.995797E+03	1.109560E-02	1.659676E-04
5.005769E+03	1.126380E-02	1.682799E-04
5.015740E+03	1.143363E-02	1.705977E-04
5.025712E+03	1.160130E-02	1.728642E-04
5.035684E+03	1.176254E-02	1.750166E-04
5.045655E+03	1.191318E-02	1.769934E-04
5.055627E+03	1.204905E-02	1.787343E-04
5.065599E+03	1.216646E-02	1.801859E-04
5.075570E+03	1.226247E-02	1.813072E-04
5.085542E+03	1.233495E-02	1.820690E-04
5.095513E+03	1.238253E-02	1.824540E-04
5.105485E+03	1.240431E-02	1.824521E-04
5.115457E+03	1.240046E-02	1.820689E-04
5.125428E+03	1.237070E-02	1.813038E-04
5.135400E+03	1.231550E-02	1.801671E-04
5.145372E+03	1.223512E-02	1.786660E-04
5.155343E+03	1.213039E-02	1.768158E-04
5.165315E+03	1.200278E-02	1.746417E-04
5.175287E+03	1.185423E-02	1.721748E-04
5.185258E+03	1.168759E-02	1.694596E-04
5.195230E+03	1.150679E-02	1.665553E-04
5.205202E+03	1.131666E-02	1.635341E-04
5.215173E+03	1.112152E-02	1.604601E-04
5.225145E+03	1.092610E-02	1.574028E-04
5.235117E+03	1.073474E-02	1.544256E-04
5.245088E+03	1.055096E-02	1.515795E-04
5.255060E+03	1.037695E-02	1.488963E-04
5.265032E+03	1.021438E-02	1.464004E-04
5.275003E+03	1.006393E-02	1.441014E-04
5.284975E+03	9.925310E-03	1.419954E-04
5.294946E+03	9.797538E-03	1.400687E-04
5.304918E+03	9.679661E-03	1.383079E-04
5.314890E+03	9.570295E-03	1.366936E-04
5.324861E+03	9.468290E-03	1.352100E-04
5.334833E+03	9.372721E-03	1.338442E-04
5.344805E+03	9.283406E-03	1.325944E-04
5.354776E+03	9.200188E-03	1.314589E-04
5.364748E+03	9.123729E-03	1.304475E-04
5.374720E+03	9.055125E-03	1.295758E-04
5.384691E+03	8.995818E-03	1.288634E-04
5.394663E+03	8.947006E-03	1.283267E-04
5.404635E+03	8.909805E-03	1.279812E-04
5.414606E+03	8.885163E-03	1.278398E-04
5.424578E+03	8.873341E-03	1.279059E-04
5.434550E+03	8.874307E-03	1.281788E-04
5.444521E+03	8.887376E-03	1.286486E-04
5.454493E+03	8.911729E-03	1.293036E-04
5.464465E+03	8.946478E-03	1.301310E-04
5.474436E+03	8.990056E-03	1.311082E-04
5.484408E+03	9.041049E-03	1.322146E-04
5.494379E+03	9.097591E-03	1.334229E-04
5.504351E+03	9.157937E-03	1.347072E-04
5.514323E+03	9.219886E-03	1.360348E-04
5.524294E+03	9.281612E-03	1.373780E-04
5.534266E+03	9.341145E-03	1.387066E-04
5.544238E+03	9.396818E-03	1.399947E-04
5.554209E+03	9.446627E-03	1.412108E-04
5.564181E+03	9.488803E-03	1.423266E-04
5.574153E+03	9.521604E-03	1.433138E-04
5.584124E+03	9.543724E-03	1.441503E-04
5.594096E+03	9.553787E-03	1.448125E-04
5.604068E+03	9.551005E-03	1.452857E-04
5.614039E+03	9.535190E-03	1.455640E-04
5.624011E+03	9.506504E-03	1.456468E-04
5.633983E+03	9.465633E-03	1.455416E-04
5.643954E+03	9.413641E-03	1.452622E-04
5.653926E+03	9.352181E-03	1.448313E-04
5.663898E+03	9.283284E-03	1.442784E-04
5.673869E+03	9.209383E-03	1.436395E-04
5.683841E+03	9.133162E-03	1.429550E-04
5.693812E+03	9.057336E-03	1.422667E-04
5.703784E+03	8.984772E-03	1.416194E-04
5.713756E+03	8.917839E-03	1.410506E-04
5.723727E+03	8.858932E-03	1.405989E-04
5.733699E+03	8.809705E-03	1.402915E-04
5.743671E+03	8.771306E-03	1.401479E-04
5.753642E+03	8.744537E-03	1.401826E-04
5.763614E+03	8.729393E-03	1.403969E-04
5.773586E+03	8.725153E-03	1.407808E-04
5.783557E+03	8.730709E-03	1.413179E-04
5.793529E+03	8.744458E-03	1.419833E-04
5.803501E+03	8.764011E-03	1.427393E-04
5.813472E+03	8.787146E-03	1.435502E-04
5.823444E+03	8.811468E-03	1.443772E-04
5.833416E+03	8.834561E-03	1.451805E-04
5.843387E+03	8.854160E-03	1.459226E-04
5.853359E+03	8.867821E-03	1.465626E-04
5.863331E+03	8.873568E-03	1.470669E-04
5.873302E+03	8.869151E-03	1.473971E-04
5.883274E+03	8.852414E-03	1.475158E-04
5.893246E+03	8.821249E-03	1.473864E-04
5.903217E+03	8.773612E-03	1.469730E-04
5.913189E+03	8.707651E-03	1.462425E-04
5.923160E+03	8.621398E-03	1.451598E-04
5.933132E+03	8.513420E-03	1.436985E-04
5.943104E+03	8.382862E-03	1.418418E-04
5.953075E+03	8.229320E-03	1.395806E-04
5.963047E+03	8.053144E-03	1.369184E-04
5.973019E+03	7.856366E-03	1.338877E-04
5.982990E+03	7.641470E-03	1.305291E-04
5.992962E+03	7.412420E-03	1.269087E-04
6.002934E+03	7.173824E-03	1.231047E-04
6.012905E+03	6.931091E-03	1.192093E-04
6.022877E+03	6.690035E-03	1.153230E-04
6.032849E+03	6.456822E-03	1.115528E-04
6.042820E+03	6.237550E-03	1.080057E-04
6.052792E+03	6.037590E-03	1.047770E-04
6.062764E+03	5.862056E-03	1.019582E-04
6.072735E+03	5.715084E-03	9.962460E-05
6.082707E+03	5.600185E-03	9.784114E-05
6.092679E+03	5.519434E-03	9.664831E-05
6.102650E+03	5.474253E-03	9.607538E-05
6.112622E+03	5.465337E-03	9.613923E-05
6.122593E+03	5.492068E-03	9.683373E-05
6.132565E+03	5.553011E-03	9.813839E-05
6.142537E+03	5.646334E-03	1.000256E-04
6.152508E+03	5.769407E-03	1.024533E-04
6.162480E+03	5.918654E-03	1.053625E-04
6.172452E+03	6.090315E-03	1.086905E-04
6.182423E+03	6.280154E-03	1.123653E-04
6.192395E+03	6.483434E-03	1.163058E-04
6.202367E+03	6.695005E-03	1.204223E-04
6.212338E+03	6.909863E-03	1.246271E-04
6.222310E+03	7.123061E-03	1.288328E-04
6.232282E+03	7.329719E-03	1.329518E-04
6.242253E+03	7.525964E-03	1.369145E-04
6.252225E+03	7.708456E-03	1.406596E-04
6.262197E+03	7.874570E-03	1.441383E-04
6.272168E+03	8.022594E-03	1.473179E-04
6.282140E+03	8.151567E-03	1.501790E-04
6.292112E+03	8.261239E-03	1.527149E-04
6.302083E+03	8.352087E-03	1.549314E-04
6.312055E+03	8.424877E-03	1.568390E-04
6.322026E+03	8.480917E-03	1.584581E-04
6.331998E+03	8.521786E-03	1.598146E-04
6.341970E+03	8.548987E-03	1.609328E-04
6.351941E+03	8.564388E-03	1.618446E-04
6.361913E+03	8.569524E-03	1.625756E-04
6.371885E+03	8.565820E-03	1.631501E-04
6.381856E+03	8.554595E-03	1.635903E-04
6.391828E+03	8.537291E-03	1.639214E-04
6.401800E+03	8.514835E-03	1.641589E-04
6.411771E+03	8.488400E-03	1.643236E-04
6.421743E+03	8.458801E-03	1.644293E-04
6.431715E+03	8.426759E-03	1.644886E-04
6.441686E+03	8.393022E-03	1.645146E-04
6.451658E+03	8.358105E-03	1.645163E-04
6.461630E+03	8.322565E-03	1.645035E-04
6.471601E+03	8.286462E-03	1.644765E-04
6.481573E+03	8.250203E-03	1.644425E-04
6.491545E+03	8.213834E-03	1.644016E-04
6.501516E+03	8.177157E-03	1.643491E-04
6.511488E+03	8.140080E-03	1.642822E-04
6.521459E+03	8.102295E-03	1.641941E-04
6.531431E+03	8.063476E-03	1.640772E-04
6.541403E+03	8.023282E-03	1.639238E-04
6.551374E+03	7.981517E-03	1.637287E-04
6.561346E+03	7.937749E-03	1.634821E-04
6.571318E+03	7.891721E-03	1.631778E-04
6.581289E+03	7.843345E-03	1.628128E-04
6.591261E+03	7.792451E-03	1.623824E-04
6.601233E+03	7.738800E-03	1.618806E-04
6.611204E+03	7.682470E-03	1.613081E-04
6.621176E+03	7.623345E-03	1.606613E-04
6.631148E+03	7.561808E-03	1.599472E-04
6.641119E+03	7.497794E-03	1.591638E-04
6.651091E+03	7.431575E-03	1.583158E-04
6.661063E+03	7.363653E-03	1.574134E-04
6.671034E+03	7.294463E-03	1.564652E-04
6.681006E+03	7.224333E-03	1.554778E-04
6.690978E+03	7.153750E-03	1.544615E-04
6.700949E+03	7.083316E-03	1.534290E-04
6.710921E+03	7.013330E-03	1.523868E-04
6.720893E+03	6.944240E-03	1.513446E-04
6.730864E+03	6.876063E-03	1.503031E-04
6.740836E+03	6.809249E-03	1.492722E-04
6.750807E+03	6.743684E-03	1.482496E-04
6.760779E+03	6.679705E-03	1.472430E-04
6.770751E+03	6.617153E-03	1.462493E-04
6.780722E+03	6.556242E-03	1.452734E-04
6.790694E+03	6.497071E-03	1.443179E-04
6.800666E+03	6.439621E-03	1.433828E-04
6.810637E+03	6.384125E-03	1.424735E-04
6.820609E+03	6.330577E-03	1.415903E-04
6.830581E+03	6.279182E-03	1.407382E-04
6.840552E+03	6.229752E-03	1.399134E-04
6.850524E+03	6.182544E-03	1.391220E-04
6.860496E+03	6.137448E-03	1.383620E-04
6.870467E+03	6.094451E-03	1.376333E-04
6.880439E+03	6.053424E-03	1.369335E-04
6.890411E+03	6.014617E-03	1.362685E-04
6.900382E+03	5.977765E-03	1.356327E-04
6.910354E+03	5.943331E-03	1.350368E-04
6.920326E+03	5.911249E-03	1.344797E-04
6.930297E+03	5.881735E-03	1.339667E-04
6.940269E+03	5.855143E-03	1.335060E-04
6.950240E+03	5.831556E-03	1.331000E-04
6.960212E+03	5.811083E-03	1.327513E-04
6.970184E+03	5.793770E-03	1.324613E-04
6.980155E+03	5.779581E-03	1.322294E-04
6.990127E+03	5.768347E-03	1.320519E-04
7.000099E+03	5.759707E-03	1.319207E-04
7.010070E+03	5.753593E-03	1.318343E-04
7.020042E+03	5.749302E-03	1.317768E-04
7.030014E+03	5.746782E-03	1.317469E-04
7.039985E+03	5.745272E-03	1.317273E-04
7.049957E+03	5.744558E-03	1.317131E-04
7.059929E+03	5.744067E-03	1.316912E-04
7.069900E+03	5.743341E-03	1.316511E-04
7.079872E+03	5.742040E-03	1.315850E-04
7.089844E+03	5.739490E-03	1.314776E-04
7.099815E+03	5.735386E-03	1.313220E-04
7.109787E+03	5.729246E-03	1.311073E-04
7.119759E+03	5.720855E-03	1.308288E-04
7.129730E+03	5.709963E-03	1.304810E-04
7.139702E+03	5.696312E-03	1.300583E-04
7.149673E+03	5.679952E-03	1.295622E-04
7.159645E+03	5.660644E-03	1.289876E-04
7.169617E+03	5.638664E-03	1.283413E-04
7.179588E+03	5.613979E-03	1.276231E-04
7.189560E+03	5.586569E-03	1.268329E-04
7.199532E+03	5.556644E-03	1.259762E-04
7.209503E+03	5.524302E-03	1.250557E-04
7.219475E+03	5.489532E-03	1.240718E-04
7.229447E+03	5.452448E-03	1.230277E-04
7.239418E+03	5.413170E-03	1.219269E-04
7.249390E+03	5.371844E-03	1.207732E-04
7.259362E+03	5.328653E-03	1.195715E-04
7.269333E+03	5.283583E-03	1.183222E-04
7.279305E+03	5.237086E-03	1.170361E-04
7.289277E+03	5.189312E-03	1.157173E-04
7.299248E+03	5.140422E-03	1.143700E-04
7.309220E+03	5.090755E-03	1.130025E-04
7.319192E+03	5.040263E-03	1.116143E-04
7.329163E+03	4.989064E-03	1.102087E-04
7.339135E+03	4.937237E-03	1.087881E-04
7.349106E+03	4.884693E-03	1.073511E-04
7.359078E+03	4.831530E-03	1.059006E-04
7.369050E+03	4.777470E-03	1.044312E-04
7.379021E+03	4.722806E-03	1.029499E-04
7.388993E+03	4.667489E-03	1.014563E-04
7.398965E+03	4.611879E-03	9.995900E-05
7.408936E+03	4.556315E-03	9.846577E-05
7.418908E+03	4.501330E-03	9.698871E-05
7.428880E+03	4.447598E-03	9.554269E-05
7.438851E+03	4.395653E-03	9.413946E-05
7.448823E+03	4.346410E-03	9.279873E-05
7.458795E+03	4.300258E-03	9.152873E-05
7.468766E+03	4.257875E-03	9.034377E-05
7.478738E+03	4.219584E-03	8.925044E-05
7.488710E+03	4.185985E-03	8.826103E-05
7.498681E+03	4.157166E-03	8.737702E-05
7.508653E+03	4.133218E-03	8.659983E-05
7.518625E+03	4.114229E-03	8.593083E-05
7.528596E+03	4.100061E-03	8.536673E-05
7.538568E+03	4.090677E-03	8.490634E-05
7.548540E+03	4.085620E-03	8.453982E-05
7.558511E+03	4.084626E-03	8.426146E-05
7.568483E+03	4.087385E-03	8.406477E-05
7.578454E+03	4.093399E-03	8.393945E-05
7.588426E+03	4.102350E-03	8.387908E-05
7.598398E+03	4.113736E-03	8.387360E-05
7.608369E+03	4.127336E-03	8.391882E-05
7.618341E+03	4.142579E-03	8.400358E-05
7.628313E+03	4.159266E-03	8.412439E-05
7.638284E+03	4.176818E-03	8.427018E-05
7.648256E+03	4.195024E-03	8.443746E-05
7.658228E+03	4.213270E-03	8.461469E-05
7.668199E+03	4.231278E-03	8.479723E-05
7.678171E+03	4.248405E-03	8.497322E-05
7.688143E+03	4.264056E-03	8.513185E-05
7.698114E+03	4.277625E-03	8.526218E-05
7.708086E+03	4.288507E-03	8.535334E-05
7.718058E+03	4.296108E-03	8.539474E-05
7.728029E+03	4.299794E-03	8.537496E-05
7.738001E+03	4.299317E-03	8.529026E-05
7.747973E+03	4.294109E-03	8.513044E-05
7.757944E+03	4.283878E-03	8.489069E-05
7.767916E+03	4.268544E-03	8.457025E-05
7.777887E+03	4.247908E-03	8.416587E-05
7.787859E+03	4.221935E-03	8.367736E-05
7.797831E+03	4.190567E-03	8.310388E-05
7.807802E+03	4.154012E-03	8.244963E-05
7.817774E+03	4.112339E-03	8.171593E-05
7.827746E+03	4.065701E-03	8.090549E-05
7.837717E+03	4.014516E-03	8.002608E-05
7.847689E+03	3.958983E-03	7.908100E-05
7.857661E+03	3.899697E-03	7.808120E-05
7.867632E+03	3.837129E-03	7.703512E-05
7.877604E+03	3.771824E-03	7.595254E-05
7.887576E+03	3.704514E-03	7.484698E-05
7.897547E+03	3.635792E-03	7.372908E-05
7.907519E+03	3.566426E-03	7.261257E-05
7.917491E+03	3.497261E-03	7.151275E-05
7.927462E+03	3.428767E-03	7.043761E-05
7.937434E+03	3.361801E-03	6.940323E-05
7.947406E+03	3.296807E-03	6.841761E-05
7.957377E+03	3.234517E-03	6.749498E-05
7.967349E+03	3.175422E-03	6.664499E-05
7.977320E+03	3.119888E-03	6.587498E-05
7.987292E+03	3.068262E-03	6.519229E-05
7.997264E+03	3.020824E-03	6.460307E-05
8.007235E+03	2.977379E-03	6.410363E-05
8.017207E+03	2.937756E-03	6.369085E-05
8.027179E+03	2.901741E-03	6.336063E-05
8.037150E+03	2.869064E-03	6.310778E-05
8.047122E+03	2.839366E-03	6.292498E-05
8.057094E+03	2.812320E-03	6.280554E-05
8.067065E+03	2.787706E-03	6.274505E-05
8.077037E+03	2.765197E-03	6.273662E-05
8.087009E+03	2.744744E-03	6.277954E-05
8.096980E+03	2.726230E-03	6.287158E-05
8.106952E+03	2.709535E-03	6.301039E-05
8.116924E+03	2.694738E-03	6.319834E-05
8.126895E+03	2.681935E-03	6.343821E-05
8.136867E+03	2.671278E-03	6.373430E-05
8.146839E+03	2.662936E-03	6.409156E-05
8.156810E+03	2.657107E-03	6.451577E-05
8.166782E+03	2.653991E-03	6.501304E-05
8.176753E+03	2.653838E-03	6.559090E-05
8.186725E+03	2.656626E-03	6.625042E-05
8.196697E+03	2.662584E-03	6.699902E-05
8.206668E+03	2.671673E-03	6.783758E-05
8.216640E+03	2.683918E-03	6.876867E-05
8.226612E+03	2.699077E-03	6.978798E-05
8.236583E+03	2.717121E-03	7.089660E-05
8.246555E+03	2.738022E-03	7.209573E-05
8.256527E+03	2.761536E-03	7.338074E-05
8.266498E+03	2.787742E-03	7.475550E-05
8.276470E+03	2.816444E-03	7.621661E-05
8.286442E+03	2.847698E-03	7.776729E-05
8.296413E+03	2.881464E-03	7.940829E-05
8.306385E+03	2.917581E-03	8.113693E-05
8.316357E+03	2.956016E-03	8.295395E-05
8.326328E+03	2.996514E-03	8.485387E-05
8.336300E+03	3.038901E-03	8.683322E-05
8.346272E+03	3.082861E-03	8.888428E-05
8.356243E+03	3.127856E-03	9.099258E-05
8.366215E+03	3.173661E-03	9.315226E-05
8.376187E+03	3.219756E-03	9.534848E-05
8.386158E+03	3.265697E-03	9.756813E-05
8.396130E+03	3.311034E-03	9.979748E-05
8.406101E+03	3.355323E-03	1.020225E-04
8.416073E+03	3.398134E-03	1.042290E-04
8.426045E+03	3.438980E-03	1.064007E-04
8.436016E+03	3.477604E-03	1.085278E-04
8.445988E+03	3.513591E-03	1.105955E-04
8.455960E+03	3.546796E-03	1.125969E-04
8.465931E+03	3.577028E-03	1.145234E-04
8.475903E+03	3.603940E-03	1.163613E-04
8.485875E+03	3.627698E-03	1.181132E-04
8.495846E+03	3.648104E-03	1.197698E-04
8.505818E+03	3.665436E-03	1.213376E-04
8.515790E+03	3.679598E-03	1.228105E-04
8.525761E+03	3.690853E-03	1.241947E-04
8.535733E+03	3.699375E-03	1.254937E-04
8.545705E+03	3.705244E-03	1.267076E-04
8.555676E+03	3.708767E-03	1.278447E-04
8.565648E+03	3.709916E-03	1.289021E-04
8.575620E+03	3.709108E-03	1.298922E-04
8.585591E+03	3.706419E-03	1.308160E-04
8.595563E+03	3.702023E-03	1.316778E-04
8.605534E+03	3.695962E-03	1.324778E-04
8.615506E+03	3.688603E-03	1.332276E-04
8.625478E+03	3.679722E-03	1.339179E-04
8.635449E+03	3.669627E-03	1.345587E-04
8.645421E+03	3.658261E-03	1.351466E-04
8.655393E+03	3.645547E-03	1.356778E-04
8.665364E+03	3.631727E-03	1.361600E-04
8.675336E+03	3.616573E-03	1.365836E-04
8.685308E+03	3.600196E-03	1.369516E-04
8.695279E+03	3.582486E-03	1.372589E-04
8.705251E+03	3.563451E-03	1.375044E-04
8.715223E+03	3.543113E-03	1.376878E-04
8.725194E+03	3.521514E-03	1.378098E-04
8.735166E+03	3.498598E-03	1.378669E-04
8.745138E+03	3.474538E-03	1.378649E-04
8.755109E+03	3.449294E-03	1.378013E-04
8.765081E+03	3.423053E-03	1.376825E-04
8.775053E+03	3.395681E-03	1.375023E-04
8.785024E+03	3.367400E-03	1.372687E-04
8.794996E+03	3.338336E-03	1.369862E-04
8.804967E+03	3.308630E-03	1.366599E-04
8.814939E+03	3.278338E-03	1.362916E-04
8.824911E+03	3.247859E-03	1.358975E-04
8.834882E+03	3.217275E-03	1.354810E-04
8.844854E+03	3.186795E-03	1.350507E-04
8.854826E+03	3.156638E-03	1.346162E-04
8.864797E+03	3.127111E-03	1.341908E-04
8.874769E+03	3.098279E-03	1.337778E-04
8.884741E+03	3.070513E-03	1.333940E-04
8.894712E+03	3.043716E-03	1.330360E-04
8.904684E+03	3.018284E-03	1.327219E-04
8.914656E+03	2.994043E-03	1.324451E-04
8.924627E+03	2.971104E-03	1.322116E-04
8.934599E+03	2.949422E-03	1.320203E-04
8.944571E+03	2.929031E-03	1.318738E-04
8.954542E+03	2.909843E-03	1.317691E-04
8.964514E+03	2.891768E-03	1.317031E-04
8.974486E+03	2.874605E-03	1.316674E-04
9.014372E+03	2.815854E-03	1.318789E-04
9.054259E+03	2.771206E-03	1.326111E-04
9.094145E+03	2.738787E-03	1.338155E-04
9.134032E+03	2.713282E-03	1.352642E-04
9.173919E+03	2.689621E-03	1.367200E-04
9.213805E+03	2.661794E-03	1.378771E-04
9.253692E+03	2.624790E-03	1.384596E-04
9.293578E+03	2.575632E-03	1.382825E-04
9.333465E+03	2.513159E-03	1.372496E-04
9.373352E+03	2.437999E-03	1.353614E-04
9.413238E+03	2.352943E-03	1.327437E-04
9.453125E+03	2.261537E-03	1.295767E-04
9.493011E+03	2.167667E-03	1.260736E-04
9.532898E+03	2.074695E-03	1.224304E-04
9.572785E+03	1.985167E-03	1.188060E-04
9.612671E+03	1.901919E-03	1.153850E-04
9.652558E+03	1.826540E-03	1.122844E-04
9.692444E+03	1.759201E-03	1.095371E-04
9.732331E+03	1.700287E-03	1.071898E-04
9.772218E+03	1.649906E-03	1.052715E-04
9.812104E+03	1.607998E-03	1.038003E-04
9.851991E+03	1.574018E-03	1.027616E-04
9.891877E+03	1.547567E-03	1.021482E-04
9.931764E+03	1.528545E-03	1.019710E-04
9.971651E+03	1.517032E-03	1.022520E-04
1.001154E+04	1.512565E-03	1.029761E-04
1.005142E+04	1.513328E-03	1.040330E-04
1.009131E+04	1.517660E-03	1.053182E-04
1.013120E+04	1.524417E-03	1.067587E-04
1.017108E+04	1.532860E-03	1.083067E-04
1.021097E+04	1.542268E-03	1.099141E-04
1.025086E+04	1.552055E-03	1.115403E-04
1.029074E+04	1.561919E-03	1.131640E-04
