#wls	flux	fluxerr
1.591305E+03	8.403780E-03	3.525481E-04
1.631088E+03	8.214417E-03	3.384012E-04
1.670870E+03	7.972238E-03	3.223405E-04
1.710653E+03	7.677755E-03	3.045167E-04
1.750436E+03	7.332239E-03	2.851106E-04
1.790218E+03	6.935103E-03	2.642302E-04
1.830001E+03	6.483922E-03	2.419184E-04
1.869784E+03	5.980797E-03	2.183919E-04
1.909566E+03	5.429214E-03	1.939110E-04
1.949349E+03	4.838585E-03	1.689317E-04
1.989131E+03	4.227488E-03	1.441918E-04
2.028914E+03	3.627276E-03	1.207930E-04
2.068697E+03	3.079877E-03	1.000774E-04
2.108479E+03	2.631507E-03	8.338557E-05
2.148262E+03	2.322390E-03	7.172186E-05
2.188045E+03	2.169476E-03	6.526118E-05
2.227827E+03	2.181222E-03	6.387739E-05
2.267610E+03	2.379723E-03	6.781049E-05
2.307392E+03	2.805212E-03	7.774136E-05
2.347175E+03	3.528315E-03	9.505662E-05
2.386958E+03	4.668674E-03	1.222291E-04
2.426740E+03	6.404539E-03	1.628916E-04
2.466523E+03	8.972010E-03	2.216230E-04
2.506306E+03	1.263172E-02	3.029748E-04
2.546088E+03	1.758125E-02	4.093848E-04
2.585871E+03	2.380102E-02	5.379453E-04
2.625653E+03	3.092100E-02	6.782427E-04
2.665436E+03	3.838252E-02	8.169421E-04
2.705219E+03	4.566275E-02	9.429662E-04
2.745001E+03	5.233301E-02	1.048465E-03
2.784784E+03	5.809482E-02	1.129152E-03
2.824567E+03	6.279099E-02	1.184059E-03
2.864349E+03	6.640313E-02	1.215039E-03
2.904132E+03	6.902492E-02	1.225880E-03
2.943914E+03	7.084735E-02	1.221747E-03
2.983697E+03	7.211629E-02	1.208238E-03
2.993643E+03	7.238161E-02	1.204094E-03
3.003588E+03	7.263339E-02	1.199785E-03
3.013534E+03	7.287617E-02	1.195393E-03
3.023480E+03	7.311880E-02	1.191063E-03
3.033425E+03	7.336798E-02	1.186903E-03
3.043371E+03	7.363212E-02	1.183045E-03
3.053317E+03	7.391613E-02	1.179559E-03
3.063262E+03	7.422201E-02	1.176469E-03
3.073208E+03	7.455337E-02	1.173825E-03
3.083154E+03	7.491717E-02	1.171725E-03
3.093099E+03	7.531417E-02	1.170169E-03
3.103045E+03	7.575009E-02	1.169236E-03
3.112991E+03	7.622756E-02	1.168952E-03
3.122936E+03	7.675554E-02	1.169441E-03
3.132882E+03	7.733408E-02	1.170688E-03
3.142828E+03	7.796943E-02	1.172773E-03
3.152773E+03	7.866803E-02	1.175775E-03
3.162719E+03	7.943502E-02	1.179752E-03
3.172665E+03	8.027286E-02	1.184722E-03
3.182610E+03	8.119164E-02	1.190815E-03
3.192556E+03	8.219437E-02	1.198053E-03
3.202502E+03	8.328873E-02	1.206525E-03
3.212447E+03	8.447986E-02	1.216284E-03
3.222393E+03	8.577619E-02	1.227425E-03
3.232339E+03	8.718505E-02	1.240028E-03
3.242284E+03	8.871418E-02	1.254177E-03
3.252230E+03	9.037032E-02	1.269938E-03
3.262175E+03	9.216364E-02	1.287426E-03
3.272121E+03	9.410343E-02	1.306738E-03
3.282067E+03	9.619778E-02	1.327955E-03
3.292012E+03	9.845863E-02	1.351209E-03
3.301958E+03	1.008953E-01	1.376591E-03
3.311904E+03	1.035208E-01	1.404244E-03
3.321849E+03	1.063457E-01	1.434273E-03
3.331795E+03	1.093828E-01	1.466809E-03
3.341741E+03	1.126452E-01	1.501989E-03
3.351686E+03	1.161473E-01	1.539960E-03
3.361632E+03	1.199043E-01	1.580880E-03
3.371578E+03	1.239307E-01	1.624895E-03
3.381523E+03	1.282446E-01	1.672193E-03
3.391469E+03	1.328562E-01	1.722859E-03
3.401415E+03	1.377824E-01	1.777061E-03
3.411360E+03	1.430295E-01	1.834831E-03
3.421306E+03	1.485987E-01	1.896137E-03
3.431252E+03	1.544863E-01	1.960882E-03
3.441197E+03	1.606767E-01	2.028828E-03
3.451143E+03	1.671322E-01	2.099463E-03
3.461089E+03	1.737981E-01	2.172076E-03
3.471034E+03	1.806156E-01	2.245920E-03
3.480980E+03	1.874940E-01	2.319869E-03
3.490926E+03	1.943110E-01	2.392435E-03
3.500871E+03	2.009240E-01	2.461908E-03
3.510817E+03	2.071505E-01	2.526120E-03
3.520763E+03	2.127957E-01	2.582778E-03
3.530708E+03	2.176529E-01	2.629481E-03
3.540654E+03	2.215333E-01	2.664088E-03
3.550600E+03	2.242555E-01	2.684576E-03
3.560545E+03	2.256661E-01	2.689293E-03
3.570491E+03	2.256744E-01	2.677358E-03
3.580436E+03	2.242197E-01	2.648257E-03
3.590382E+03	2.212926E-01	2.602091E-03
3.600328E+03	2.169350E-01	2.539558E-03
3.610273E+03	2.112298E-01	2.461826E-03
3.620219E+03	2.043081E-01	2.370605E-03
3.630165E+03	1.963613E-01	2.268273E-03
3.640110E+03	1.876111E-01	2.157523E-03
3.650056E+03	1.783234E-01	2.041508E-03
3.660002E+03	1.688071E-01	1.923823E-03
3.669947E+03	1.593720E-01	1.808010E-03
3.679893E+03	1.502977E-01	1.697211E-03
3.689839E+03	1.418495E-01	1.594347E-03
3.699784E+03	1.342414E-01	1.501715E-03
3.709730E+03	1.276407E-01	1.421047E-03
3.719676E+03	1.221833E-01	1.353689E-03
3.729621E+03	1.179776E-01	1.300653E-03
3.739567E+03	1.151076E-01	1.262656E-03
3.749513E+03	1.136445E-01	1.240256E-03
3.759458E+03	1.136650E-01	1.234047E-03
3.769404E+03	1.152541E-01	1.244692E-03
3.779350E+03	1.184936E-01	1.272792E-03
3.789295E+03	1.234782E-01	1.319059E-03
3.799241E+03	1.303074E-01	1.384228E-03
3.809187E+03	1.389935E-01	1.468078E-03
3.819132E+03	1.494925E-01	1.569785E-03
3.829078E+03	1.616990E-01	1.687887E-03
3.839024E+03	1.753624E-01	1.819432E-03
3.848969E+03	1.900877E-01	1.960033E-03
3.858915E+03	2.053508E-01	2.104081E-03
3.868861E+03	2.205318E-01	2.245120E-03
3.878806E+03	2.349319E-01	2.376066E-03
3.888752E+03	2.478441E-01	2.489939E-03
3.898698E+03	2.587147E-01	2.581491E-03
3.908643E+03	2.671390E-01	2.647112E-03
3.918589E+03	2.728985E-01	2.685150E-03
3.928534E+03	2.760717E-01	2.696931E-03
3.938480E+03	2.769393E-01	2.685727E-03
3.948426E+03	2.759270E-01	2.656145E-03
3.958371E+03	2.736132E-01	2.614133E-03
3.968317E+03	2.706120E-01	2.565818E-03
3.978263E+03	2.675037E-01	2.516834E-03
3.988208E+03	2.647833E-01	2.471852E-03
3.998154E+03	2.628561E-01	2.434565E-03
4.008100E+03	2.620014E-01	2.407394E-03
4.018045E+03	2.622572E-01	2.390475E-03
4.027991E+03	2.635424E-01	2.382863E-03
4.037937E+03	2.656722E-01	2.382705E-03
4.047882E+03	2.682824E-01	2.386614E-03
4.057828E+03	2.709240E-01	2.390562E-03
4.067774E+03	2.731481E-01	2.390660E-03
4.077719E+03	2.745733E-01	2.383733E-03
4.087665E+03	2.748721E-01	2.367178E-03
4.097611E+03	2.738212E-01	2.339371E-03
4.107556E+03	2.714193E-01	2.300622E-03
4.117502E+03	2.677735E-01	2.252146E-03
4.127448E+03	2.630264E-01	2.195412E-03
4.137393E+03	2.573660E-01	2.132216E-03
4.147339E+03	2.509844E-01	2.064326E-03
4.157285E+03	2.440557E-01	1.993306E-03
4.167230E+03	2.367365E-01	1.920523E-03
4.177176E+03	2.291626E-01	1.847132E-03
4.187122E+03	2.214612E-01	1.774177E-03
4.197067E+03	2.137720E-01	1.702770E-03
4.207013E+03	2.062270E-01	1.633927E-03
4.216959E+03	1.989553E-01	1.568616E-03
4.226904E+03	1.921003E-01	1.507891E-03
4.236850E+03	1.857921E-01	1.452690E-03
4.246796E+03	1.801413E-01	1.403783E-03
4.256741E+03	1.752534E-01	1.361902E-03
4.266687E+03	1.712095E-01	1.327595E-03
4.276632E+03	1.680565E-01	1.301155E-03
4.286578E+03	1.657904E-01	1.282489E-03
4.296524E+03	1.643714E-01	1.271241E-03
4.306469E+03	1.637240E-01	1.266796E-03
4.316415E+03	1.636996E-01	1.267998E-03
4.326361E+03	1.641159E-01	1.273423E-03
4.336306E+03	1.647502E-01	1.281325E-03
4.346252E+03	1.653945E-01	1.290062E-03
4.356198E+03	1.660385E-01	1.299521E-03
4.366143E+03	1.667029E-01	1.309830E-03
4.376089E+03	1.673764E-01	1.320865E-03
4.386035E+03	1.680449E-01	1.332479E-03
4.395980E+03	1.687212E-01	1.344735E-03
4.405926E+03	1.695764E-01	1.358967E-03
4.415872E+03	1.708269E-01	1.376906E-03
4.425817E+03	1.726508E-01	1.400016E-03
4.435763E+03	1.751490E-01	1.429173E-03
4.445709E+03	1.783724E-01	1.464868E-03
4.455654E+03	1.822958E-01	1.506982E-03
4.465600E+03	1.867356E-01	1.554075E-03
4.475546E+03	1.914339E-01	1.604047E-03
4.485491E+03	1.961128E-01	1.654570E-03
4.495437E+03	2.004766E-01	1.703097E-03
4.505383E+03	2.042520E-01	1.747205E-03
4.515328E+03	2.072183E-01	1.784852E-03
4.525274E+03	2.092354E-01	1.814643E-03
4.535220E+03	2.102330E-01	1.835757E-03
4.545165E+03	2.101917E-01	1.847805E-03
4.555111E+03	2.091308E-01	1.850741E-03
4.565057E+03	2.071027E-01	1.844820E-03
4.575002E+03	2.041926E-01	1.830611E-03
4.584948E+03	2.004904E-01	1.808749E-03
4.594894E+03	1.961080E-01	1.780101E-03
4.604839E+03	1.911805E-01	1.745776E-03
4.614785E+03	1.858732E-01	1.707196E-03
4.624730E+03	1.803456E-01	1.665775E-03
4.634676E+03	1.747605E-01	1.622991E-03
4.644622E+03	1.692541E-01	1.580119E-03
4.654567E+03	1.639422E-01	1.538263E-03
4.664513E+03	1.589113E-01	1.498280E-03
4.674459E+03	1.542032E-01	1.460619E-03
4.684404E+03	1.498390E-01	1.425536E-03
4.694350E+03	1.458161E-01	1.393064E-03
4.704296E+03	1.421061E-01	1.362986E-03
4.714241E+03	1.386711E-01	1.334986E-03
4.724187E+03	1.354636E-01	1.308650E-03
4.734133E+03	1.324325E-01	1.283518E-03
4.744078E+03	1.295213E-01	1.259071E-03
4.754024E+03	1.266901E-01	1.234948E-03
4.763970E+03	1.239068E-01	1.210854E-03
4.773915E+03	1.211510E-01	1.186609E-03
4.783861E+03	1.184265E-01	1.162268E-03
4.793807E+03	1.157653E-01	1.138164E-03
4.803752E+03	1.132120E-01	1.114757E-03
4.813698E+03	1.108295E-01	1.092689E-03
4.823644E+03	1.087030E-01	1.072823E-03
4.833589E+03	1.069189E-01	1.056035E-03
4.843535E+03	1.055435E-01	1.043000E-03
4.853481E+03	1.045952E-01	1.033918E-03
4.863426E+03	1.040687E-01	1.028748E-03
4.873372E+03	1.039395E-01	1.027252E-03
4.883318E+03	1.041280E-01	1.028643E-03
4.893263E+03	1.045430E-01	1.032018E-03
4.903209E+03	1.050999E-01	1.036536E-03
4.913155E+03	1.057277E-01	1.041493E-03
4.923100E+03	1.063755E-01	1.046385E-03
4.933046E+03	1.070162E-01	1.050942E-03
4.942991E+03	1.076637E-01	1.055302E-03
4.952937E+03	1.083561E-01	1.059837E-03
4.962883E+03	1.091474E-01	1.065072E-03
4.972828E+03	1.100965E-01	1.071573E-03
4.982774E+03	1.112718E-01	1.079991E-03
4.992720E+03	1.127312E-01	1.090870E-03
5.002665E+03	1.145018E-01	1.104441E-03
5.012611E+03	1.165991E-01	1.120825E-03
5.022557E+03	1.190231E-01	1.139985E-03
5.032502E+03	1.217302E-01	1.161467E-03
5.042448E+03	1.246594E-01	1.184658E-03
5.052394E+03	1.277371E-01	1.208830E-03
5.062339E+03	1.308565E-01	1.232960E-03
5.072285E+03	1.339026E-01	1.255961E-03
5.082231E+03	1.367616E-01	1.276782E-03
5.092176E+03	1.393115E-01	1.294319E-03
5.102122E+03	1.414447E-01	1.307627E-03
5.112068E+03	1.430594E-01	1.315835E-03
5.122013E+03	1.440713E-01	1.318262E-03
5.131959E+03	1.444097E-01	1.314364E-03
5.141905E+03	1.440208E-01	1.303774E-03
5.151850E+03	1.428568E-01	1.286187E-03
5.161796E+03	1.408936E-01	1.261527E-03
5.171742E+03	1.381492E-01	1.230094E-03
5.181687E+03	1.346889E-01	1.192605E-03
5.191633E+03	1.306247E-01	1.150174E-03
5.201579E+03	1.261045E-01	1.104206E-03
5.211524E+03	1.213285E-01	1.056525E-03
5.221470E+03	1.165082E-01	1.009013E-03
5.231416E+03	1.118506E-01	9.634693E-04
5.241361E+03	1.075553E-01	9.215894E-04
5.251307E+03	1.037974E-01	8.848211E-04
5.261253E+03	1.007094E-01	8.542232E-04
5.271198E+03	9.838444E-02	8.305014E-04
5.281144E+03	9.687621E-02	8.140220E-04
5.291089E+03	9.619138E-02	8.047572E-04
5.301035E+03	9.625882E-02	8.020401E-04
5.310981E+03	9.696657E-02	8.048852E-04
5.320926E+03	9.816471E-02	8.120184E-04
5.330872E+03	9.963586E-02	8.216358E-04
5.340818E+03	1.011296E-01	8.316910E-04
5.350763E+03	1.024032E-01	8.402264E-04
5.360709E+03	1.032391E-01	8.455063E-04
5.370655E+03	1.034599E-01	8.461277E-04
5.380600E+03	1.029526E-01	8.412095E-04
5.390546E+03	1.017244E-01	8.308308E-04
5.400492E+03	9.984816E-02	8.155667E-04
5.410437E+03	9.744258E-02	7.963478E-04
5.420383E+03	9.475184E-02	7.751212E-04
5.430329E+03	9.216065E-02	7.549860E-04
5.440274E+03	9.007245E-02	7.392134E-04
5.450220E+03	8.876615E-02	7.300827E-04
5.460166E+03	8.842414E-02	7.291108E-04
5.470111E+03	8.914159E-02	7.371251E-04
5.480057E+03	9.086123E-02	7.537135E-04
5.490003E+03	9.345172E-02	7.778562E-04
5.499948E+03	9.673424E-02	8.081330E-04
5.509894E+03	1.004711E-01	8.426165E-04
5.519840E+03	1.043873E-01	8.790362E-04
5.529785E+03	1.082117E-01	9.151195E-04
5.539731E+03	1.117338E-01	9.490659E-04
5.549677E+03	1.147907E-01	9.794473E-04
5.559622E+03	1.172686E-01	1.005224E-03
5.569568E+03	1.191478E-01	1.026148E-03
5.579514E+03	1.204594E-01	1.042401E-03
5.589459E+03	1.212646E-01	1.054429E-03
5.599405E+03	1.216444E-01	1.062859E-03
5.609351E+03	1.216807E-01	1.068342E-03
5.619296E+03	1.214399E-01	1.071402E-03
5.629242E+03	1.209489E-01	1.072227E-03
5.639187E+03	1.202148E-01	1.070833E-03
5.649133E+03	1.192339E-01	1.067145E-03
5.659079E+03	1.179976E-01	1.061040E-03
5.669024E+03	1.164964E-01	1.052391E-03
5.678970E+03	1.147358E-01	1.041205E-03
5.688916E+03	1.127673E-01	1.027912E-03
5.698861E+03	1.106505E-01	1.013029E-03
5.708807E+03	1.084604E-01	9.972223E-04
5.718753E+03	1.063045E-01	9.814748E-04
5.728698E+03	1.042863E-01	9.667479E-04
5.738644E+03	1.024942E-01	9.538810E-04
5.748590E+03	1.010051E-01	9.436159E-04
5.758535E+03	9.987146E-02	9.364792E-04
5.768481E+03	9.911790E-02	9.327381E-04
5.778427E+03	9.873369E-02	9.323295E-04
5.788372E+03	9.868002E-02	9.349211E-04
5.798318E+03	9.890801E-02	9.400781E-04
5.808264E+03	9.936003E-02	9.472749E-04
5.818209E+03	9.997278E-02	9.559243E-04
5.828155E+03	1.006892E-01	9.654911E-04
5.838101E+03	1.014743E-01	9.756451E-04
5.848046E+03	1.023076E-01	9.861935E-04
5.857992E+03	1.031706E-01	9.969616E-04
5.867938E+03	1.040576E-01	1.007895E-03
5.877883E+03	1.049649E-01	1.018961E-03
5.887829E+03	1.058831E-01	1.030071E-03
5.897775E+03	1.067913E-01	1.041024E-03
5.907720E+03	1.076529E-01	1.051464E-03
5.917666E+03	1.084131E-01	1.060856E-03
5.927612E+03	1.089813E-01	1.068312E-03
5.937557E+03	1.092424E-01	1.072697E-03
5.947503E+03	1.090586E-01	1.072648E-03
5.957449E+03	1.082695E-01	1.066572E-03
5.967394E+03	1.067082E-01	1.052805E-03
5.977340E+03	1.042432E-01	1.030023E-03
5.987285E+03	1.007890E-01	9.973538E-04
5.997231E+03	9.633209E-02	9.546301E-04
6.007177E+03	9.096161E-02	9.027070E-04
6.017122E+03	8.490805E-02	8.438459E-04
6.027068E+03	7.845815E-02	7.808796E-04
6.037014E+03	7.191105E-02	7.167778E-04
6.046959E+03	6.557815E-02	6.546474E-04
6.056905E+03	5.971194E-02	5.970226E-04
6.066851E+03	5.449548E-02	5.457564E-04
6.076796E+03	5.004879E-02	5.020812E-04
6.086742E+03	4.643527E-02	4.666694E-04
6.096688E+03	4.367645E-02	4.397790E-04
6.106633E+03	4.177220E-02	4.214549E-04
6.116579E+03	4.071310E-02	4.116531E-04
6.126525E+03	4.048704E-02	4.103075E-04
6.136470E+03	4.107046E-02	4.172419E-04
6.146416E+03	4.244272E-02	4.323157E-04
6.156362E+03	4.459048E-02	4.554701E-04
6.166307E+03	4.748279E-02	4.864746E-04
6.176253E+03	5.107179E-02	5.249320E-04
6.186199E+03	5.528531E-02	5.701995E-04
6.196144E+03	6.001394E-02	6.212506E-04
6.206090E+03	6.510774E-02	6.766316E-04
6.216036E+03	7.038085E-02	7.344989E-04
6.225981E+03	7.563633E-02	7.928672E-04
6.235927E+03	8.067209E-02	8.496638E-04
6.245873E+03	8.530192E-02	9.029433E-04
6.255818E+03	8.938591E-02	9.512072E-04
6.265764E+03	9.283431E-02	9.934404E-04
6.275710E+03	9.560260E-02	1.029074E-03
6.285655E+03	9.768603E-02	1.057942E-03
6.295601E+03	9.911150E-02	1.080209E-03
6.305546E+03	9.992900E-02	1.096289E-03
6.315492E+03	1.001941E-01	1.106658E-03
6.325438E+03	9.996352E-02	1.111813E-03
6.335383E+03	9.929830E-02	1.112307E-03
6.345329E+03	9.825332E-02	1.108639E-03
6.355275E+03	9.687969E-02	1.101275E-03
6.365220E+03	9.523142E-02	1.090730E-03
6.375166E+03	9.338104E-02	1.077746E-03
6.385112E+03	9.139813E-02	1.063059E-03
6.395057E+03	8.936266E-02	1.047545E-03
6.405003E+03	8.738161E-02	1.032435E-03
6.414949E+03	8.555778E-02	1.018946E-03
6.424894E+03	8.398880E-02	1.008278E-03
6.434840E+03	8.272345E-02	1.001077E-03
6.444786E+03	8.170184E-02	9.966867E-04
6.454731E+03	8.085119E-02	9.942696E-04
6.464677E+03	8.012429E-02	9.932797E-04
6.474623E+03	7.947557E-02	9.931732E-04
6.484568E+03	7.886041E-02	9.934012E-04
6.494514E+03	7.824995E-02	9.935980E-04
6.504460E+03	7.761973E-02	9.934423E-04
6.514405E+03	7.695017E-02	9.926670E-04
6.524351E+03	7.623180E-02	9.911288E-04
6.534297E+03	7.546136E-02	9.887623E-04
6.544242E+03	7.463677E-02	9.855169E-04
6.554188E+03	7.376280E-02	9.814331E-04
6.564134E+03	7.284780E-02	9.766014E-04
6.574079E+03	7.190005E-02	9.711159E-04
6.584025E+03	7.092836E-02	9.650813E-04
6.593971E+03	6.994402E-02	9.586406E-04
6.603916E+03	6.895474E-02	9.518928E-04
6.613862E+03	6.797059E-02	9.449728E-04
6.623808E+03	6.699544E-02	9.379334E-04
6.633753E+03	6.603385E-02	9.308386E-04
6.643699E+03	6.508884E-02	9.237334E-04
6.653644E+03	6.416096E-02	9.166284E-04
6.663590E+03	6.324948E-02	9.095167E-04
6.673536E+03	6.235478E-02	9.024072E-04
6.683481E+03	6.147859E-02	8.953288E-04
6.693427E+03	6.062140E-02	8.882936E-04
6.703373E+03	5.978859E-02	8.813857E-04
6.713318E+03	5.898315E-02	8.746556E-04
6.723264E+03	5.821224E-02	8.682178E-04
6.733210E+03	5.747965E-02	8.621382E-04
6.743155E+03	5.679294E-02	8.565407E-04
6.753101E+03	5.615389E-02	8.514645E-04
6.763047E+03	5.556471E-02	8.469551E-04
6.772992E+03	5.502487E-02	8.430167E-04
6.782938E+03	5.453142E-02	8.396158E-04
6.792884E+03	5.408071E-02	8.367070E-04
6.802829E+03	5.366595E-02	8.341943E-04
6.812775E+03	5.328245E-02	8.320127E-04
6.822721E+03	5.292292E-02	8.300546E-04
6.832666E+03	5.258437E-02	8.282781E-04
6.842612E+03	5.226200E-02	8.266118E-04
6.852558E+03	5.195376E-02	8.250262E-04
6.862503E+03	5.165769E-02	8.234932E-04
6.872449E+03	5.137564E-02	8.220450E-04
6.882395E+03	5.110504E-02	8.206430E-04
6.892340E+03	5.084974E-02	8.193516E-04
6.902286E+03	5.060875E-02	8.181575E-04
6.912232E+03	5.038198E-02	8.170623E-04
6.922177E+03	5.017037E-02	8.160832E-04
6.932123E+03	4.997261E-02	8.152017E-04
6.942069E+03	4.978738E-02	8.143984E-04
6.952014E+03	4.961337E-02	8.136538E-04
6.961960E+03	4.944940E-02	8.129502E-04
6.971906E+03	4.929389E-02	8.122633E-04
6.981851E+03	4.914463E-02	8.115575E-04
6.991797E+03	4.900260E-02	8.108504E-04
7.001742E+03	4.886375E-02	8.100757E-04
7.011688E+03	4.873014E-02	8.092684E-04
7.021634E+03	4.859830E-02	8.083716E-04
7.031579E+03	4.846900E-02	8.073990E-04
7.041525E+03	4.834036E-02	8.063196E-04
7.051471E+03	4.821156E-02	8.051207E-04
7.061416E+03	4.808192E-02	8.037912E-04
7.071362E+03	4.794781E-02	8.022716E-04
7.081308E+03	4.780874E-02	8.005536E-04
7.091253E+03	4.766162E-02	7.985867E-04
7.101199E+03	4.750564E-02	7.963579E-04
7.111145E+03	4.733907E-02	7.938390E-04
7.121090E+03	4.715913E-02	7.909847E-04
7.131036E+03	4.696518E-02	7.877853E-04
7.140982E+03	4.675431E-02	7.841937E-04
7.150927E+03	4.652702E-02	7.802201E-04
7.160873E+03	4.628153E-02	7.758366E-04
7.170819E+03	4.601623E-02	7.710188E-04
7.180764E+03	4.573079E-02	7.657640E-04
7.190710E+03	4.542413E-02	7.600569E-04
7.200656E+03	4.509453E-02	7.538727E-04
7.210601E+03	4.474072E-02	7.471939E-04
7.220547E+03	4.436179E-02	7.400095E-04
7.230493E+03	4.395709E-02	7.323137E-04
7.240438E+03	4.352580E-02	7.240977E-04
7.250384E+03	4.306565E-02	7.153297E-04
7.260330E+03	4.257840E-02	7.060450E-04
7.270275E+03	4.206293E-02	6.962316E-04
7.280221E+03	4.151862E-02	6.858859E-04
7.290167E+03	4.094714E-02	6.750431E-04
7.300112E+03	4.034779E-02	6.636990E-04
7.310058E+03	3.972223E-02	6.518887E-04
7.320004E+03	3.907284E-02	6.396595E-04
7.329949E+03	3.840167E-02	6.270530E-04
7.339895E+03	3.771314E-02	6.141489E-04
7.349840E+03	3.700932E-02	6.009888E-04
7.359786E+03	3.629732E-02	5.876953E-04
7.369732E+03	3.558168E-02	5.743482E-04
7.379677E+03	3.487016E-02	5.610785E-04
7.389623E+03	3.417110E-02	5.480247E-04
7.399569E+03	3.349358E-02	5.353351E-04
7.409514E+03	3.284719E-02	5.231641E-04
7.419460E+03	3.224184E-02	5.116686E-04
7.429406E+03	3.168932E-02	5.010326E-04
7.439351E+03	3.119638E-02	4.913575E-04
7.449297E+03	3.077174E-02	4.827733E-04
7.459243E+03	3.042079E-02	4.753554E-04
7.469188E+03	3.014943E-02	4.691854E-04
7.479134E+03	2.995709E-02	4.642425E-04
7.489080E+03	2.984241E-02	4.604931E-04
7.499025E+03	2.980347E-02	4.578953E-04
7.508971E+03	2.983490E-02	4.563546E-04
7.518917E+03	2.993172E-02	4.557834E-04
7.528862E+03	3.008598E-02	4.560503E-04
7.538808E+03	3.029065E-02	4.570404E-04
7.548754E+03	3.053846E-02	4.586367E-04
7.558699E+03	3.082081E-02	4.607047E-04
7.568645E+03	3.113059E-02	4.631344E-04
7.578591E+03	3.145959E-02	4.658021E-04
7.588536E+03	3.180222E-02	4.686252E-04
7.598482E+03	3.215060E-02	4.714894E-04
7.608428E+03	3.250040E-02	4.743349E-04
7.618373E+03	3.284532E-02	4.770745E-04
7.628319E+03	3.318327E-02	4.796847E-04
7.638265E+03	3.351004E-02	4.821115E-04
7.648210E+03	3.382550E-02	4.843613E-04
7.658156E+03	3.412954E-02	4.864414E-04
7.668101E+03	3.442376E-02	4.883832E-04
7.678047E+03	3.471005E-02	4.902222E-04
7.687993E+03	3.499063E-02	4.919986E-04
7.697938E+03	3.526782E-02	4.937535E-04
7.707884E+03	3.554225E-02	4.955043E-04
7.717830E+03	3.581428E-02	4.972649E-04
7.727775E+03	3.607995E-02	4.989895E-04
7.737721E+03	3.633598E-02	5.006431E-04
7.747667E+03	3.657726E-02	5.021663E-04
7.757612E+03	3.679605E-02	5.034649E-04
7.767558E+03	3.698569E-02	5.044610E-04
7.777504E+03	3.713976E-02	5.050802E-04
7.787449E+03	3.725403E-02	5.052794E-04
7.797395E+03	3.732324E-02	5.050007E-04
7.807341E+03	3.734407E-02	5.042127E-04
7.817286E+03	3.731592E-02	5.029196E-04
7.827232E+03	3.723629E-02	5.010994E-04
7.837178E+03	3.710679E-02	4.987835E-04
7.847123E+03	3.692816E-02	4.959904E-04
7.857069E+03	3.670174E-02	4.927447E-04
7.867015E+03	3.643014E-02	4.890864E-04
7.876960E+03	3.611479E-02	4.850379E-04
7.886906E+03	3.575950E-02	4.806516E-04
7.896852E+03	3.536987E-02	4.760023E-04
7.906797E+03	3.494839E-02	4.711215E-04
7.916743E+03	3.450215E-02	4.661015E-04
7.926689E+03	3.403589E-02	4.610016E-04
7.936634E+03	3.355742E-02	4.559223E-04
7.946580E+03	3.307281E-02	4.509404E-04
7.956526E+03	3.258949E-02	4.461497E-04
7.966471E+03	3.211453E-02	4.416355E-04
7.976417E+03	3.165393E-02	4.374696E-04
7.986363E+03	3.121110E-02	4.336897E-04
7.996308E+03	3.078760E-02	4.303095E-04
8.006254E+03	3.037824E-02	4.272488E-04
8.016199E+03	2.997394E-02	4.243711E-04
8.026145E+03	2.956294E-02	4.214986E-04
8.036091E+03	2.913280E-02	4.184390E-04
8.046036E+03	2.867173E-02	4.150040E-04
8.055982E+03	2.816806E-02	4.110005E-04
8.065928E+03	2.761526E-02	4.063052E-04
8.075873E+03	2.700958E-02	4.008313E-04
8.085819E+03	2.634992E-02	3.945282E-04
8.095765E+03	2.564065E-02	3.874266E-04
8.105710E+03	2.489244E-02	3.796543E-04
8.115656E+03	2.411827E-02	3.713805E-04
8.125602E+03	2.333257E-02	3.628032E-04
8.135547E+03	2.255332E-02	3.541861E-04
8.145493E+03	2.179802E-02	3.457961E-04
8.155439E+03	2.108259E-02	3.378875E-04
8.165384E+03	2.041949E-02	3.306701E-04
8.175330E+03	1.982127E-02	3.243647E-04
8.185276E+03	1.929603E-02	3.191295E-04
8.195221E+03	1.884912E-02	3.150835E-04
8.205167E+03	1.848268E-02	3.122976E-04
8.215113E+03	1.819917E-02	3.108513E-04
8.225058E+03	1.799829E-02	3.107804E-04
8.235004E+03	1.787773E-02	3.120866E-04
8.244950E+03	1.783727E-02	3.148083E-04
8.254895E+03	1.787415E-02	3.189400E-04
8.264841E+03	1.798728E-02	3.245055E-04
8.274787E+03	1.817548E-02	3.315270E-04
8.284732E+03	1.843720E-02	3.400199E-04
8.294678E+03	1.877213E-02	3.500230E-04
8.304624E+03	1.917900E-02	3.615567E-04
8.314569E+03	1.965696E-02	3.746502E-04
8.324515E+03	2.020442E-02	3.893176E-04
8.334461E+03	2.081809E-02	4.055397E-04
8.344406E+03	2.149532E-02	4.233070E-04
8.354352E+03	2.223072E-02	4.425546E-04
8.364297E+03	2.301857E-02	4.632059E-04
8.374243E+03	2.385130E-02	4.851423E-04
8.384189E+03	2.472005E-02	5.082125E-04
8.394134E+03	2.561507E-02	5.322388E-04
8.404080E+03	2.652497E-02	5.570004E-04
8.414026E+03	2.743910E-02	5.822827E-04
8.423971E+03	2.834495E-02	6.078209E-04
8.433917E+03	2.923217E-02	6.333858E-04
8.443863E+03	3.008988E-02	6.587276E-04
8.453808E+03	3.090594E-02	6.835582E-04
8.463754E+03	3.167342E-02	7.076944E-04
8.473700E+03	3.238291E-02	7.308910E-04
8.483645E+03	3.302998E-02	7.530071E-04
8.493591E+03	3.360833E-02	7.738542E-04
8.503537E+03	3.411607E-02	7.933412E-04
8.513482E+03	3.455174E-02	8.113840E-04
8.523428E+03	3.491432E-02	8.279082E-04
8.533374E+03	3.520616E-02	8.429184E-04
8.543319E+03	3.542739E-02	8.563678E-04
8.553265E+03	3.558308E-02	8.683301E-04
8.563211E+03	3.567576E-02	8.788210E-04
8.573156E+03	3.570951E-02	8.878972E-04
8.583102E+03	3.568730E-02	8.955909E-04
8.593048E+03	3.561560E-02	9.020260E-04
8.602993E+03	3.549547E-02	9.071938E-04
8.612939E+03	3.533320E-02	9.112216E-04
8.622885E+03	3.513165E-02	9.141539E-04
8.632830E+03	3.489357E-02	9.160339E-04
8.642776E+03	3.462440E-02	9.169798E-04
8.652722E+03	3.432503E-02	9.169923E-04
8.662667E+03	3.399940E-02	9.161560E-04
8.672613E+03	3.364892E-02	9.144902E-04
8.682559E+03	3.327593E-02	9.120409E-04
8.692504E+03	3.288264E-02	9.088530E-04
8.702450E+03	3.247106E-02	9.049676E-04
8.712395E+03	3.204206E-02	9.003964E-04
8.722341E+03	3.159869E-02	8.952130E-04
8.732287E+03	3.114208E-02	8.894394E-04
8.742232E+03	3.067551E-02	8.831605E-04
8.752178E+03	3.019934E-02	8.763800E-04
8.762124E+03	2.971745E-02	8.692045E-04
8.772069E+03	2.923278E-02	8.617165E-04
8.782015E+03	2.874837E-02	8.540043E-04
8.791961E+03	2.826684E-02	8.461467E-04
8.801906E+03	2.779367E-02	8.383109E-04
8.811852E+03	2.733128E-02	8.305762E-04
8.821798E+03	2.688317E-02	8.230574E-04
8.831743E+03	2.645260E-02	8.158651E-04
8.841689E+03	2.604332E-02	8.091273E-04
8.851635E+03	2.565665E-02	8.029003E-04
8.861580E+03	2.529625E-02	7.973152E-04
8.871526E+03	2.496171E-02	7.923764E-04
8.881472E+03	2.465619E-02	7.882026E-04
8.891417E+03	2.437803E-02	7.847603E-04
8.901363E+03	2.412795E-02	7.820914E-04
8.911309E+03	2.390512E-02	7.801872E-04
8.921254E+03	2.370936E-02	7.790605E-04
8.931200E+03	2.353951E-02	7.786908E-04
8.941146E+03	2.339394E-02	7.790415E-04
8.951091E+03	2.327010E-02	7.800425E-04
8.990874E+03	2.297553E-02	7.902723E-04
9.030656E+03	2.292808E-02	8.084751E-04
9.070439E+03	2.305853E-02	8.327823E-04
9.110222E+03	2.328832E-02	8.607327E-04
9.150004E+03	2.353871E-02	8.895868E-04
9.189787E+03	2.372973E-02	9.162925E-04
9.229570E+03	2.379425E-02	9.380443E-04
9.269352E+03	2.367227E-02	9.521150E-04
9.309135E+03	2.332835E-02	9.566050E-04
9.348918E+03	2.277178E-02	9.513900E-04
9.388700E+03	2.205841E-02	9.383699E-04
9.428483E+03	2.126129E-02	9.203743E-04
9.468265E+03	2.044476E-02	9.000759E-04
9.508048E+03	1.965379E-02	8.794742E-04
9.547831E+03	1.891246E-02	8.597496E-04
9.587613E+03	1.824047E-02	8.419439E-04
9.627396E+03	1.765569E-02	8.270664E-04
9.667179E+03	1.717037E-02	8.159009E-04
9.706961E+03	1.679313E-02	8.090824E-04
9.746744E+03	1.652422E-02	8.068528E-04
9.786526E+03	1.636123E-02	8.093151E-04
9.826309E+03	1.629649E-02	8.162945E-04
9.866092E+03	1.632173E-02	8.275611E-04
9.905874E+03	1.642863E-02	8.428527E-04
9.945657E+03	1.661083E-02	8.619850E-04
9.985440E+03	1.686596E-02	8.849632E-04
1.002522E+04	1.718806E-02	9.115890E-04
1.006500E+04	1.756799E-02	9.414787E-04
1.010479E+04	1.798906E-02	9.738142E-04
1.014457E+04	1.844108E-02	1.008093E-03
1.018435E+04	1.891641E-02	1.043931E-03
1.022414E+04	1.940909E-02	1.081020E-03
1.026392E+04	1.991591E-02	1.119192E-03
