#wls	flux	fluxerr
1.600000E+03	1.961119E-13	4.142251E-14
1.640000E+03	1.552670E-13	2.959568E-14
1.680000E+03	1.209406E-13	2.059493E-14
1.720000E+03	9.267753E-14	1.393161E-14
1.760000E+03	6.985939E-14	9.136894E-15
1.800000E+03	5.184286E-14	5.794602E-15
1.840000E+03	3.790889E-14	3.539330E-15
1.880000E+03	2.737252E-14	2.071279E-15
1.920000E+03	1.957768E-14	1.151480E-15
1.960000E+03	1.393282E-14	5.986940E-16
2.000000E+03	9.934395E-15	2.823203E-16
2.040000E+03	7.163164E-15	1.142205E-16
2.080000E+03	5.288887E-15	4.907588E-17
2.120000E+03	4.055155E-15	4.981266E-17
2.160000E+03	3.260343E-15	4.854493E-17
2.200000E+03	2.775056E-15	3.759437E-17
2.240000E+03	2.524697E-15	2.536734E-17
2.280000E+03	2.473546E-15	2.943234E-17
2.320000E+03	2.611730E-15	4.981952E-17
2.360000E+03	2.955571E-15	7.694108E-17
2.400000E+03	3.551113E-15	1.097049E-16
2.440000E+03	4.475848E-15	1.472320E-16
2.480000E+03	5.836815E-15	1.848711E-16
2.520000E+03	7.765777E-15	2.110120E-16
2.560000E+03	1.040687E-14	2.065474E-16
2.600000E+03	1.391528E-14	1.708962E-16
2.640000E+03	1.846923E-14	2.688018E-16
2.680000E+03	2.407060E-14	6.157527E-16
2.720000E+03	3.041097E-14	1.148939E-15
2.760000E+03	3.697264E-14	1.825431E-15
2.800000E+03	4.311937E-14	2.577632E-15
2.840000E+03	4.822608E-14	3.312405E-15
2.880000E+03	5.182026E-14	3.932246E-15
2.920000E+03	5.367939E-14	4.360508E-15
2.960000E+03	5.385205E-14	4.558760E-15
3.000000E+03	5.261230E-14	4.530791E-15
3.010000E+03	5.212788E-14	4.492277E-15
3.020000E+03	5.158656E-14	4.442586E-15
3.030000E+03	5.099740E-14	4.382758E-15
3.040000E+03	5.036487E-14	4.313473E-15
3.050000E+03	4.969789E-14	4.235826E-15
3.060000E+03	4.900298E-14	4.150724E-15
3.070000E+03	4.828750E-14	4.059157E-15
3.080000E+03	4.755557E-14	3.961846E-15
3.090000E+03	4.681611E-14	3.859910E-15
3.100000E+03	4.607280E-14	3.754017E-15
3.110000E+03	4.533289E-14	3.645118E-15
3.120000E+03	4.460142E-14	3.533950E-15
3.130000E+03	4.388232E-14	3.421140E-15
3.140000E+03	4.318182E-14	3.307462E-15
3.150000E+03	4.250331E-14	3.193431E-15
3.160000E+03	4.185163E-14	3.079633E-15
3.170000E+03	4.123051E-14	2.966530E-15
3.180000E+03	4.064355E-14	2.854530E-15
3.190000E+03	4.009486E-14	2.744032E-15
3.200000E+03	3.958768E-14	2.635324E-15
3.210000E+03	3.912446E-14	2.528597E-15
3.220000E+03	3.870964E-14	2.424126E-15
3.230000E+03	3.834557E-14	2.321998E-15
3.240000E+03	3.803594E-14	2.222335E-15
3.250000E+03	3.778382E-14	2.125169E-15
3.260000E+03	3.759175E-14	2.030455E-15
3.270000E+03	3.746424E-14	1.938204E-15
3.280000E+03	3.740356E-14	1.848253E-15
3.290000E+03	3.741454E-14	1.760518E-15
3.300000E+03	3.750107E-14	1.674809E-15
3.310000E+03	3.766621E-14	1.590847E-15
3.320000E+03	3.791558E-14	1.508409E-15
3.330000E+03	3.825400E-14	1.427179E-15
3.340000E+03	3.868605E-14	1.346777E-15
3.350000E+03	3.921726E-14	1.266807E-15
3.360000E+03	3.985342E-14	1.186838E-15
3.370000E+03	4.060058E-14	1.106411E-15
3.380000E+03	4.146496E-14	1.025055E-15
3.390000E+03	4.245280E-14	9.423199E-16
3.400000E+03	4.356956E-14	8.578188E-16
3.410000E+03	4.482020E-14	7.713459E-16
3.420000E+03	4.621051E-14	6.830947E-16
3.430000E+03	4.774192E-14	5.939583E-16
3.440000E+03	4.941600E-14	5.063859E-16
3.450000E+03	5.122992E-14	4.258832E-16
3.460000E+03	5.317678E-14	3.636205E-16
3.470000E+03	5.524172E-14	3.370738E-16
3.480000E+03	5.740079E-14	3.582817E-16
3.490000E+03	5.961746E-14	4.180129E-16
3.500000E+03	6.184111E-14	4.973469E-16
3.510000E+03	6.401132E-14	5.821525E-16
3.520000E+03	6.605453E-14	6.640718E-16
3.530000E+03	6.789100E-14	7.381988E-16
3.540000E+03	6.943623E-14	8.016182E-16
3.550000E+03	7.061170E-14	8.527514E-16
3.560000E+03	7.135190E-14	8.909671E-16
3.570000E+03	7.161007E-14	9.164814E-16
3.580000E+03	7.137002E-14	9.302360E-16
3.590000E+03	7.064652E-14	9.335457E-16
3.600000E+03	6.948429E-14	9.281113E-16
3.610000E+03	6.795634E-14	9.158946E-16
3.620000E+03	6.615519E-14	8.987866E-16
3.630000E+03	6.418542E-14	8.786961E-16
3.640000E+03	6.215263E-14	8.574312E-16
3.650000E+03	6.015756E-14	8.364980E-16
3.660000E+03	5.829092E-14	8.172182E-16
3.670000E+03	5.662953E-14	8.006901E-16
3.680000E+03	5.523504E-14	7.876390E-16
3.690000E+03	5.415649E-14	7.785900E-16
3.700000E+03	5.343121E-14	7.738823E-16
3.710000E+03	5.308697E-14	7.735888E-16
3.720000E+03	5.314300E-14	7.776473E-16
3.730000E+03	5.361662E-14	7.859952E-16
3.740000E+03	5.451954E-14	7.984526E-16
3.750000E+03	5.586241E-14	8.148329E-16
3.760000E+03	5.765639E-14	8.349138E-16
3.770000E+03	5.990818E-14	8.582371E-16
3.780000E+03	6.262498E-14	8.843003E-16
3.790000E+03	6.581117E-14	9.125583E-16
3.800000E+03	6.946540E-14	9.423253E-16
3.810000E+03	7.358121E-14	9.729867E-16
3.820000E+03	7.813915E-14	1.003987E-15
3.830000E+03	8.309897E-14	1.034672E-15
3.840000E+03	8.839869E-14	1.064588E-15
3.850000E+03	9.395235E-14	1.093531E-15
3.860000E+03	9.963934E-14	1.121176E-15
3.870000E+03	1.053148E-13	1.147543E-15
3.880000E+03	1.108153E-13	1.172943E-15
3.890000E+03	1.159752E-13	1.197486E-15
3.900000E+03	1.206364E-13	1.221476E-15
3.910000E+03	1.246621E-13	1.245307E-15
3.920000E+03	1.279608E-13	1.268800E-15
3.930000E+03	1.304887E-13	1.291674E-15
3.940000E+03	1.322490E-13	1.313469E-15
3.950000E+03	1.332972E-13	1.332922E-15
3.960000E+03	1.337286E-13	1.348868E-15
3.970000E+03	1.336603E-13	1.360507E-15
3.980000E+03	1.332194E-13	1.366939E-15
3.990000E+03	1.325320E-13	1.367907E-15
4.000000E+03	1.317096E-13	1.363754E-15
4.010000E+03	1.308326E-13	1.354567E-15
4.020000E+03	1.299586E-13	1.340728E-15
4.030000E+03	1.291196E-13	1.322658E-15
4.040000E+03	1.283145E-13	1.299998E-15
4.050000E+03	1.275204E-13	1.272433E-15
4.060000E+03	1.267036E-13	1.239977E-15
4.070000E+03	1.258277E-13	1.202594E-15
4.080000E+03	1.248540E-13	1.160941E-15
4.090000E+03	1.237501E-13	1.116333E-15
4.100000E+03	1.224959E-13	1.069947E-15
4.110000E+03	1.210797E-13	1.023603E-15
4.120000E+03	1.194933E-13	9.792879E-16
4.130000E+03	1.177338E-13	9.377808E-16
4.140000E+03	1.158012E-13	8.998361E-16
4.150000E+03	1.136926E-13	8.658898E-16
4.160000E+03	1.114015E-13	8.347065E-16
4.170000E+03	1.089201E-13	8.052115E-16
4.180000E+03	1.062474E-13	7.769071E-16
4.190000E+03	1.033895E-13	7.487899E-16
4.200000E+03	1.003666E-13	7.206961E-16
4.210000E+03	9.721422E-14	6.930644E-16
4.220000E+03	9.399423E-14	6.656487E-16
4.230000E+03	9.077996E-14	6.387995E-16
4.240000E+03	8.765877E-14	6.132654E-16
4.250000E+03	8.472972E-14	5.887334E-16
4.260000E+03	8.209405E-14	5.653640E-16
4.270000E+03	7.984135E-14	5.437063E-16
4.280000E+03	7.805197E-14	5.234346E-16
4.290000E+03	7.679544E-14	5.045094E-16
4.300000E+03	7.611485E-14	4.868764E-16
4.310000E+03	7.601800E-14	4.691326E-16
4.320000E+03	7.648554E-14	4.501825E-16
4.330000E+03	7.747008E-14	4.299185E-16
4.340000E+03	7.886703E-14	4.088194E-16
4.350000E+03	8.053900E-14	3.902740E-16
4.360000E+03	8.233118E-14	3.810078E-16
4.370000E+03	8.408978E-14	3.872842E-16
4.380000E+03	8.574452E-14	4.117684E-16
4.390000E+03	8.730633E-14	4.515904E-16
4.400000E+03	8.881474E-14	4.992747E-16
4.410000E+03	9.031881E-14	5.477422E-16
4.420000E+03	9.185968E-14	5.923191E-16
4.430000E+03	9.344360E-14	6.296344E-16
4.440000E+03	9.505597E-14	6.581855E-16
4.450000E+03	9.666651E-14	6.780086E-16
4.460000E+03	9.822819E-14	6.894503E-16
4.470000E+03	9.968238E-14	6.939559E-16
4.480000E+03	1.009690E-13	6.936099E-16
4.490000E+03	1.020336E-13	6.894967E-16
4.500000E+03	1.028291E-13	6.832757E-16
4.510000E+03	1.033165E-13	6.768085E-16
4.520000E+03	1.034742E-13	6.699852E-16
4.530000E+03	1.032923E-13	6.630906E-16
4.540000E+03	1.027761E-13	6.569919E-16
4.550000E+03	1.019469E-13	6.510432E-16
4.560000E+03	1.008382E-13	6.453995E-16
4.570000E+03	9.949483E-14	6.411016E-16
4.580000E+03	9.796231E-14	6.378972E-16
4.590000E+03	9.629152E-14	6.362254E-16
4.600000E+03	9.452873E-14	6.367750E-16
4.610000E+03	9.270832E-14	6.381173E-16
4.620000E+03	9.085688E-14	6.388965E-16
4.630000E+03	8.899590E-14	6.383965E-16
4.640000E+03	8.713934E-14	6.353346E-16
4.650000E+03	8.529684E-14	6.291006E-16
4.660000E+03	8.347420E-14	6.199563E-16
4.670000E+03	8.167151E-14	6.081229E-16
4.680000E+03	7.989132E-14	5.944211E-16
4.690000E+03	7.813776E-14	5.797953E-16
4.700000E+03	7.641757E-14	5.642059E-16
4.710000E+03	7.474228E-14	5.478970E-16
4.720000E+03	7.312652E-14	5.319116E-16
4.730000E+03	7.158607E-14	5.176062E-16
4.740000E+03	7.013864E-14	5.071023E-16
4.750000E+03	6.879740E-14	5.026791E-16
4.760000E+03	6.757184E-14	5.050946E-16
4.770000E+03	6.646834E-14	5.129820E-16
4.780000E+03	6.548846E-14	5.239317E-16
4.790000E+03	6.462718E-14	5.356150E-16
4.800000E+03	6.387463E-14	5.464777E-16
4.810000E+03	6.322242E-14	5.554116E-16
4.820000E+03	6.266319E-14	5.609778E-16
4.830000E+03	6.219045E-14	5.620892E-16
4.840000E+03	6.179450E-14	5.583611E-16
4.850000E+03	6.145923E-14	5.499826E-16
4.860000E+03	6.116193E-14	5.379319E-16
4.870000E+03	6.087047E-14	5.237621E-16
4.880000E+03	6.053416E-14	5.089740E-16
4.890000E+03	6.009943E-14	4.952370E-16
4.900000E+03	5.951870E-14	4.838084E-16
4.910000E+03	5.875983E-14	4.746217E-16
4.920000E+03	5.780923E-14	4.671371E-16
4.930000E+03	5.668062E-14	4.607919E-16
4.940000E+03	5.541901E-14	4.547623E-16
4.950000E+03	5.409022E-14	4.486059E-16
4.960000E+03	5.277065E-14	4.422150E-16
4.970000E+03	5.154063E-14	4.352508E-16
4.980000E+03	5.047873E-14	4.277217E-16
4.990000E+03	4.965372E-14	4.200746E-16
5.000000E+03	4.912065E-14	4.128157E-16
5.010000E+03	4.892325E-14	4.067337E-16
5.020000E+03	4.909134E-14	4.026619E-16
5.030000E+03	4.963404E-14	4.009084E-16
5.040000E+03	5.054830E-14	4.017856E-16
5.050000E+03	5.182146E-14	4.056263E-16
5.060000E+03	5.342833E-14	4.122491E-16
5.070000E+03	5.533253E-14	4.215004E-16
5.080000E+03	5.748717E-14	4.331889E-16
5.090000E+03	5.983612E-14	4.463718E-16
5.100000E+03	6.231196E-14	4.600995E-16
5.110000E+03	6.483683E-14	4.736799E-16
5.120000E+03	6.732571E-14	4.861820E-16
5.130000E+03	6.968719E-14	4.971724E-16
5.140000E+03	7.182671E-14	5.066345E-16
5.150000E+03	7.365146E-14	5.139635E-16
5.160000E+03	7.507804E-14	5.189497E-16
5.170000E+03	7.603652E-14	5.217408E-16
5.180000E+03	7.648352E-14	5.217674E-16
5.190000E+03	7.640336E-14	5.189563E-16
5.200000E+03	7.581731E-14	5.138616E-16
5.210000E+03	7.478889E-14	5.065525E-16
5.220000E+03	7.341173E-14	4.977847E-16
5.230000E+03	7.179842E-14	4.887609E-16
5.240000E+03	7.007878E-14	4.797300E-16
5.250000E+03	6.837669E-14	4.710729E-16
5.260000E+03	6.679312E-14	4.631597E-16
5.270000E+03	6.539026E-14	4.551402E-16
5.280000E+03	6.420380E-14	4.461426E-16
5.290000E+03	6.324568E-14	4.355906E-16
5.300000E+03	6.249998E-14	4.225934E-16
5.310000E+03	6.193550E-14	4.067421E-16
5.320000E+03	6.151324E-14	3.882437E-16
5.330000E+03	6.119068E-14	3.674571E-16
5.340000E+03	6.092310E-14	3.457097E-16
5.350000E+03	6.066899E-14	3.251535E-16
5.360000E+03	6.038964E-14	3.075547E-16
5.370000E+03	6.005801E-14	2.947356E-16
5.380000E+03	5.967298E-14	2.871703E-16
5.390000E+03	5.925241E-14	2.822456E-16
5.400000E+03	5.883404E-14	2.774340E-16
5.410000E+03	5.845508E-14	2.725479E-16
5.420000E+03	5.813470E-14	2.693507E-16
5.430000E+03	5.788408E-14	2.714813E-16
5.440000E+03	5.772250E-14	2.813697E-16
5.450000E+03	5.767397E-14	2.970281E-16
5.460000E+03	5.776859E-14	3.145957E-16
5.470000E+03	5.802504E-14	3.311923E-16
5.480000E+03	5.843667E-14	3.452713E-16
5.490000E+03	5.898189E-14	3.570090E-16
5.500000E+03	5.962611E-14	3.673446E-16
5.510000E+03	6.032184E-14	3.762966E-16
5.520000E+03	6.101585E-14	3.841762E-16
5.530000E+03	6.165677E-14	3.916493E-16
5.540000E+03	6.220699E-14	3.985157E-16
5.550000E+03	6.263592E-14	4.048510E-16
5.560000E+03	6.292616E-14	4.110675E-16
5.570000E+03	6.307236E-14	4.166904E-16
5.580000E+03	6.307837E-14	4.215078E-16
5.590000E+03	6.295382E-14	4.256472E-16
5.600000E+03	6.271195E-14	4.284987E-16
5.610000E+03	6.236708E-14	4.297716E-16
5.620000E+03	6.193458E-14	4.295913E-16
5.630000E+03	6.142381E-14	4.275480E-16
5.640000E+03	6.084566E-14	4.236555E-16
5.650000E+03	6.020904E-14	4.184472E-16
5.660000E+03	5.952610E-14	4.122937E-16
5.670000E+03	5.880993E-14	4.059664E-16
5.680000E+03	5.807686E-14	4.003766E-16
5.690000E+03	5.734923E-14	3.956673E-16
5.700000E+03	5.665152E-14	3.920491E-16
5.710000E+03	5.600993E-14	3.898484E-16
5.720000E+03	5.545022E-14	3.887675E-16
5.730000E+03	5.499531E-14	3.887341E-16
5.740000E+03	5.466467E-14	3.899793E-16
5.750000E+03	5.446873E-14	3.922775E-16
5.760000E+03	5.440995E-14	3.955764E-16
5.770000E+03	5.448370E-14	3.998878E-16
5.780000E+03	5.467544E-14	4.045124E-16
5.790000E+03	5.496264E-14	4.088187E-16
5.800000E+03	5.531724E-14	4.125622E-16
5.810000E+03	5.570917E-14	4.155405E-16
5.820000E+03	5.610697E-14	4.179706E-16
5.830000E+03	5.647974E-14	4.203446E-16
5.840000E+03	5.679987E-14	4.228400E-16
5.850000E+03	5.704551E-14	4.257074E-16
5.860000E+03	5.719995E-14	4.291284E-16
5.870000E+03	5.725434E-14	4.326182E-16
5.880000E+03	5.720539E-14	4.356487E-16
5.890000E+03	5.705370E-14	4.377893E-16
5.900000E+03	5.680406E-14	4.382975E-16
5.910000E+03	5.646233E-14	4.366745E-16
5.920000E+03	5.603726E-14	4.327857E-16
5.930000E+03	5.553163E-14	4.263954E-16
5.940000E+03	5.494943E-14	4.176917E-16
5.950000E+03	5.429246E-14	4.072463E-16
5.960000E+03	5.355668E-14	3.955342E-16
5.970000E+03	5.273661E-14	3.833945E-16
5.980000E+03	5.182582E-14	3.718471E-16
5.990000E+03	5.081408E-14	3.614324E-16
6.000000E+03	4.969418E-14	3.529411E-16
6.010000E+03	4.846325E-14	3.472369E-16
6.020000E+03	4.712954E-14	3.444310E-16
6.030000E+03	4.570777E-14	3.446839E-16
6.040000E+03	4.422615E-14	3.481460E-16
6.050000E+03	4.272462E-14	3.540914E-16
6.060000E+03	4.125101E-14	3.617711E-16
6.070000E+03	3.985028E-14	3.705328E-16
6.080000E+03	3.856384E-14	3.793703E-16
6.090000E+03	3.742656E-14	3.874232E-16
6.100000E+03	3.646713E-14	3.941727E-16
6.110000E+03	3.570181E-14	3.991796E-16
6.120000E+03	3.514241E-14	4.021859E-16
6.130000E+03	3.479333E-14	4.030410E-16
6.140000E+03	3.465421E-14	4.016262E-16
6.150000E+03	3.472016E-14	3.978556E-16
6.160000E+03	3.498288E-14	3.916877E-16
6.170000E+03	3.542750E-14	3.830849E-16
6.180000E+03	3.603560E-14	3.721301E-16
6.190000E+03	3.678217E-14	3.590061E-16
6.200000E+03	3.763356E-14	3.439591E-16
6.210000E+03	3.854913E-14	3.276415E-16
6.220000E+03	3.948483E-14	3.112952E-16
6.230000E+03	4.039513E-14	2.966011E-16
6.240000E+03	4.123273E-14	2.855692E-16
6.250000E+03	4.195626E-14	2.794707E-16
6.260000E+03	4.254012E-14	2.775493E-16
6.270000E+03	4.296961E-14	2.784089E-16
6.280000E+03	4.323965E-14	2.807545E-16
6.290000E+03	4.335515E-14	2.829072E-16
6.300000E+03	4.332884E-14	2.840077E-16
6.310000E+03	4.317847E-14	2.840544E-16
6.320000E+03	4.292238E-14	2.828440E-16
6.330000E+03	4.258105E-14	2.807070E-16
6.340000E+03	4.217231E-14	2.782494E-16
6.350000E+03	4.171164E-14	2.752912E-16
6.360000E+03	4.121115E-14	2.717220E-16
6.370000E+03	4.068112E-14	2.675580E-16
6.380000E+03	4.012815E-14	2.621742E-16
6.390000E+03	3.955753E-14	2.551176E-16
6.400000E+03	3.897377E-14	2.462421E-16
6.410000E+03	3.838266E-14	2.352066E-16
6.420000E+03	3.779106E-14	2.222597E-16
6.430000E+03	3.720743E-14	2.085568E-16
6.440000E+03	3.664298E-14	1.959259E-16
6.450000E+03	3.610866E-14	1.872462E-16
6.460000E+03	3.561327E-14	1.854534E-16
6.470000E+03	3.516084E-14	1.910539E-16
6.480000E+03	3.474766E-14	2.017726E-16
6.490000E+03	3.436541E-14	2.145202E-16
6.500000E+03	3.400753E-14	2.267957E-16
6.510000E+03	3.366704E-14	2.372063E-16
6.520000E+03	3.333731E-14	2.452327E-16
6.530000E+03	3.301421E-14	2.507557E-16
6.540000E+03	3.269409E-14	2.540511E-16
6.550000E+03	3.237360E-14	2.556133E-16
6.560000E+03	3.205090E-14	2.558247E-16
6.570000E+03	3.172580E-14	2.551364E-16
6.580000E+03	3.139604E-14	2.539747E-16
6.590000E+03	3.106236E-14	2.525080E-16
6.600000E+03	3.072479E-14	2.508733E-16
6.610000E+03	3.038246E-14	2.492033E-16
6.620000E+03	3.003656E-14	2.474501E-16
6.630000E+03	2.968643E-14	2.456008E-16
6.640000E+03	2.933356E-14	2.437279E-16
6.650000E+03	2.897781E-14	2.417569E-16
6.660000E+03	2.862077E-14	2.397012E-16
6.670000E+03	2.826391E-14	2.376437E-16
6.680000E+03	2.790862E-14	2.355409E-16
6.690000E+03	2.755701E-14	2.334107E-16
6.700000E+03	2.721162E-14	2.313284E-16
6.710000E+03	2.687392E-14	2.292420E-16
6.720000E+03	2.654548E-14	2.271588E-16
6.730000E+03	2.622730E-14	2.251468E-16
6.740000E+03	2.591958E-14	2.231789E-16
6.750000E+03	2.562172E-14	2.212978E-16
6.760000E+03	2.533237E-14	2.196156E-16
6.770000E+03	2.504889E-14	2.181553E-16
6.780000E+03	2.476902E-14	2.169982E-16
6.790000E+03	2.448986E-14	2.162521E-16
6.800000E+03	2.420817E-14	2.158911E-16
6.810000E+03	2.392191E-14	2.158854E-16
6.820000E+03	2.362870E-14	2.161734E-16
6.830000E+03	2.332752E-14	2.165457E-16
6.840000E+03	2.301802E-14	2.167997E-16
6.850000E+03	2.270048E-14	2.167787E-16
6.860000E+03	2.237629E-14	2.162875E-16
6.870000E+03	2.204604E-14	2.152154E-16
6.880000E+03	2.171179E-14	2.135707E-16
6.890000E+03	2.137543E-14	2.113528E-16
6.900000E+03	2.103859E-14	2.086412E-16
6.910000E+03	2.070365E-14	2.055825E-16
6.920000E+03	2.037248E-14	2.022572E-16
6.930000E+03	2.004652E-14	1.987670E-16
6.940000E+03	1.972749E-14	1.952316E-16
6.950000E+03	1.941718E-14	1.916899E-16
6.960000E+03	1.911651E-14	1.881807E-16
6.970000E+03	1.882663E-14	1.847606E-16
6.980000E+03	1.854829E-14	1.814259E-16
6.990000E+03	1.828203E-14	1.781889E-16
7.000000E+03	1.802774E-14	1.750686E-16
7.010000E+03	1.778590E-14	1.720294E-16
7.020000E+03	1.755528E-14	1.690481E-16
7.030000E+03	1.733551E-14	1.661484E-16
7.040000E+03	1.712532E-14	1.633194E-16
7.050000E+03	1.692369E-14	1.606053E-16
7.060000E+03	1.672997E-14	1.581027E-16
7.070000E+03	1.654290E-14	1.558729E-16
7.080000E+03	1.636140E-14	1.540106E-16
7.090000E+03	1.618566E-14	1.526284E-16
7.100000E+03	1.601531E-14	1.517440E-16
7.110000E+03	1.585024E-14	1.513656E-16
7.120000E+03	1.569121E-14	1.514923E-16
7.130000E+03	1.553866E-14	1.520214E-16
7.140000E+03	1.539371E-14	1.528486E-16
7.150000E+03	1.525661E-14	1.538685E-16
7.160000E+03	1.512783E-14	1.549241E-16
7.170000E+03	1.500660E-14	1.558656E-16
7.180000E+03	1.489269E-14	1.565980E-16
7.190000E+03	1.478544E-14	1.570426E-16
7.200000E+03	1.468293E-14	1.571487E-16
7.210000E+03	1.458363E-14	1.569071E-16
7.220000E+03	1.448606E-14	1.563201E-16
7.230000E+03	1.438831E-14	1.554099E-16
7.240000E+03	1.428821E-14	1.542117E-16
7.250000E+03	1.418418E-14	1.527546E-16
7.260000E+03	1.407425E-14	1.510701E-16
7.270000E+03	1.395710E-14	1.491939E-16
7.280000E+03	1.383202E-14	1.471352E-16
7.290000E+03	1.369816E-14	1.448989E-16
7.300000E+03	1.355575E-14	1.424985E-16
7.310000E+03	1.340472E-14	1.399163E-16
7.320000E+03	1.324571E-14	1.371613E-16
7.330000E+03	1.308026E-14	1.342733E-16
7.340000E+03	1.290880E-14	1.312628E-16
7.350000E+03	1.273310E-14	1.281957E-16
7.360000E+03	1.255425E-14	1.251624E-16
7.370000E+03	1.237406E-14	1.222222E-16
7.380000E+03	1.219445E-14	1.194544E-16
7.390000E+03	1.201699E-14	1.169346E-16
7.400000E+03	1.184439E-14	1.146667E-16
7.410000E+03	1.167888E-14	1.126332E-16
7.420000E+03	1.152292E-14	1.108001E-16
7.430000E+03	1.137871E-14	1.090519E-16
7.440000E+03	1.124809E-14	1.072705E-16
7.450000E+03	1.113257E-14	1.053504E-16
7.460000E+03	1.103208E-14	1.031404E-16
7.470000E+03	1.094623E-14	1.005401E-16
7.480000E+03	1.087349E-14	9.752515E-17
7.490000E+03	1.081165E-14	9.413502E-17
7.500000E+03	1.075729E-14	9.054607E-17
7.510000E+03	1.070647E-14	8.710908E-17
7.520000E+03	1.065512E-14	8.430020E-17
7.530000E+03	1.059964E-14	8.265506E-17
7.540000E+03	1.053759E-14	8.254720E-17
7.550000E+03	1.046874E-14	8.395196E-17
7.560000E+03	1.039395E-14	8.653126E-17
7.570000E+03	1.031587E-14	8.983196E-17
7.580000E+03	1.023620E-14	9.337073E-17
7.590000E+03	1.015673E-14	9.677675E-17
7.600000E+03	1.007883E-14	9.980345E-17
7.610000E+03	1.000378E-14	1.022657E-16
7.620000E+03	9.932485E-15	1.040722E-16
7.630000E+03	9.865860E-15	1.052155E-16
7.640000E+03	9.804275E-15	1.057073E-16
7.650000E+03	9.748591E-15	1.056171E-16
7.660000E+03	9.699208E-15	1.050505E-16
7.670000E+03	9.657008E-15	1.041126E-16
7.680000E+03	9.621612E-15	1.029197E-16
7.690000E+03	9.594002E-15	1.016128E-16
7.700000E+03	9.573827E-15	1.002747E-16
7.710000E+03	9.560558E-15	9.898683E-17
7.720000E+03	9.553996E-15	9.783623E-17
7.730000E+03	9.553408E-15	9.686400E-17
7.740000E+03	9.557855E-15	9.610567E-17
7.750000E+03	9.566223E-15	9.558780E-17
7.760000E+03	9.577434E-15	9.528878E-17
7.770000E+03	9.589533E-15	9.517616E-17
7.780000E+03	9.601506E-15	9.522966E-17
7.790000E+03	9.611854E-15	9.538875E-17
7.800000E+03	9.618634E-15	9.560304E-17
7.810000E+03	9.621316E-15	9.585588E-17
7.820000E+03	9.618627E-15	9.610212E-17
7.830000E+03	9.609503E-15	9.632150E-17
7.840000E+03	9.593864E-15	9.652562E-17
7.850000E+03	9.571134E-15	9.669717E-17
7.860000E+03	9.541420E-15	9.684046E-17
7.870000E+03	9.504693E-15	9.697327E-17
7.880000E+03	9.461287E-15	9.709329E-17
7.890000E+03	9.411102E-15	9.720108E-17
7.900000E+03	9.354617E-15	9.730839E-17
7.910000E+03	9.292376E-15	9.739713E-17
7.920000E+03	9.224500E-15	9.744452E-17
7.930000E+03	9.151971E-15	9.742987E-17
7.940000E+03	9.075360E-15	9.728394E-17
7.950000E+03	8.995597E-15	9.694486E-17
7.960000E+03	8.913705E-15	9.636727E-17
7.970000E+03	8.830029E-15	9.548746E-17
7.980000E+03	8.745944E-15	9.428759E-17
7.990000E+03	8.662043E-15	9.278869E-17
8.000000E+03	8.579018E-15	9.103729E-17
8.010000E+03	8.496919E-15	8.911977E-17
8.020000E+03	8.416003E-15	8.715963E-17
8.030000E+03	8.336069E-15	8.527101E-17
8.040000E+03	8.256386E-15	8.358172E-17
8.050000E+03	8.176168E-15	8.219776E-17
8.060000E+03	8.094207E-15	8.111845E-17
8.070000E+03	8.008759E-15	8.032134E-17
8.080000E+03	7.919191E-15	7.980522E-17
8.090000E+03	7.824302E-15	7.953094E-17
8.100000E+03	7.724008E-15	7.949137E-17
8.110000E+03	7.618326E-15	7.969372E-17
8.120000E+03	7.508167E-15	8.010690E-17
8.130000E+03	7.394823E-15	8.070396E-17
8.140000E+03	7.280716E-15	8.147691E-17
8.150000E+03	7.167810E-15	8.238473E-17
8.160000E+03	7.059026E-15	8.339658E-17
8.170000E+03	6.957063E-15	8.448947E-17
8.180000E+03	6.864828E-15	8.564135E-17
8.190000E+03	6.785350E-15	8.684102E-17
8.200000E+03	6.721052E-15	8.808036E-17
8.210000E+03	6.673975E-15	8.934975E-17
8.220000E+03	6.646425E-15	9.065675E-17
8.230000E+03	6.639829E-15	9.201675E-17
8.240000E+03	6.655444E-15	9.345953E-17
8.250000E+03	6.694019E-15	9.502430E-17
8.260000E+03	6.756306E-15	9.675734E-17
8.270000E+03	6.842345E-15	9.868750E-17
8.280000E+03	6.951628E-15	1.008352E-16
8.290000E+03	7.083837E-15	1.032207E-16
8.300000E+03	7.238281E-15	1.058419E-16
8.310000E+03	7.413950E-15	1.086827E-16
8.320000E+03	7.609992E-15	1.117099E-16
8.330000E+03	7.825783E-15	1.148483E-16
8.340000E+03	8.060186E-15	1.179950E-16
8.350000E+03	8.312367E-15	1.210515E-16
8.360000E+03	8.580780E-15	1.239144E-16
8.370000E+03	8.863787E-15	1.264985E-16
8.380000E+03	9.159321E-15	1.287379E-16
8.390000E+03	9.464763E-15	1.305804E-16
8.400000E+03	9.776914E-15	1.320017E-16
8.410000E+03	1.009229E-14	1.330090E-16
8.420000E+03	1.040596E-14	1.336142E-16
8.430000E+03	1.071337E-14	1.338782E-16
8.440000E+03	1.100946E-14	1.338964E-16
8.450000E+03	1.128928E-14	1.337785E-16
8.460000E+03	1.154809E-14	1.336657E-16
8.470000E+03	1.178180E-14	1.336895E-16
8.480000E+03	1.198741E-14	1.338793E-16
8.490000E+03	1.216362E-14	1.342441E-16
8.500000E+03	1.230930E-14	1.347628E-16
8.510000E+03	1.242520E-14	1.353310E-16
8.520000E+03	1.251212E-14	1.358446E-16
8.530000E+03	1.257207E-14	1.362403E-16
8.540000E+03	1.260695E-14	1.364171E-16
8.550000E+03	1.261927E-14	1.363298E-16
8.560000E+03	1.261200E-14	1.359927E-16
8.570000E+03	1.258711E-14	1.353854E-16
8.580000E+03	1.254798E-14	1.345530E-16
8.590000E+03	1.249663E-14	1.335762E-16
8.600000E+03	1.243538E-14	1.325113E-16
8.610000E+03	1.236586E-14	1.314314E-16
8.620000E+03	1.229051E-14	1.304337E-16
8.630000E+03	1.221009E-14	1.295485E-16
8.640000E+03	1.212611E-14	1.288116E-16
8.650000E+03	1.203899E-14	1.282472E-16
8.660000E+03	1.195006E-14	1.278528E-16
8.670000E+03	1.185845E-14	1.276137E-16
8.680000E+03	1.176489E-14	1.275516E-16
8.690000E+03	1.166880E-14	1.276555E-16
8.700000E+03	1.157013E-14	1.279334E-16
8.710000E+03	1.146751E-14	1.283797E-16
8.720000E+03	1.136098E-14	1.289529E-16
8.730000E+03	1.124937E-14	1.295701E-16
8.740000E+03	1.113182E-14	1.301178E-16
8.750000E+03	1.100725E-14	1.304128E-16
8.760000E+03	1.087536E-14	1.302606E-16
8.770000E+03	1.073566E-14	1.294708E-16
8.780000E+03	1.058760E-14	1.278564E-16
8.790000E+03	1.043158E-14	1.252740E-16
8.800000E+03	1.026757E-14	1.216152E-16
8.810000E+03	1.009663E-14	1.168131E-16
8.820000E+03	9.919082E-15	1.108429E-16
8.830000E+03	9.736867E-15	1.037560E-16
8.840000E+03	9.550995E-15	9.564893E-17
8.850000E+03	9.363948E-15	8.674310E-17
8.860000E+03	9.177020E-15	7.741919E-17
8.870000E+03	8.993213E-15	6.832420E-17
8.880000E+03	8.813845E-15	6.047201E-17
8.890000E+03	8.640890E-15	5.526083E-17
8.900000E+03	8.475587E-15	5.391211E-17
8.910000E+03	8.318572E-15	5.643555E-17
8.920000E+03	8.169337E-15	6.156661E-17
8.930000E+03	8.026801E-15	6.784688E-17
8.940000E+03	7.890654E-15	7.427894E-17
8.950000E+03	7.759472E-15	8.031031E-17
8.960000E+03	7.633112E-15	8.568877E-17
8.970000E+03	7.510723E-15	9.032533E-17
8.980000E+03	7.392122E-15	9.423263E-17
8.990000E+03	7.276686E-15	9.746237E-17
9.000000E+03	7.164687E-15	1.001013E-16
9.040000E+03	6.743434E-15	1.063048E-16
9.080000E+03	6.362311E-15	1.082308E-16
9.120000E+03	6.013401E-15	1.076100E-16
9.160000E+03	5.683987E-15	1.054277E-16
9.200000E+03	5.356868E-15	1.025027E-16
9.240000E+03	5.019600E-15	9.934582E-17
9.280000E+03	4.673978E-15	9.597443E-17
9.320000E+03	4.336832E-15	9.196062E-17
9.360000E+03	4.030549E-15	8.735975E-17
9.400000E+03	3.772574E-15	8.344838E-17
9.440000E+03	3.572621E-15	8.170416E-17
9.480000E+03	3.431199E-15	8.286797E-17
9.520000E+03	3.344043E-15	8.763307E-17
9.560000E+03	3.301384E-15	9.651894E-17
9.600000E+03	3.288707E-15	1.089684E-16
9.640000E+03	3.290987E-15	1.234602E-16
9.680000E+03	3.297279E-15	1.382844E-16
9.720000E+03	3.301710E-15	1.520791E-16
9.760000E+03	3.303385E-15	1.641321E-16
9.800000E+03	3.304300E-15	1.743802E-16
9.840000E+03	3.308476E-15	1.833814E-16
9.880000E+03	3.319840E-15	1.922277E-16
9.920000E+03	3.340203E-15	2.024483E-16
9.960000E+03	3.370523E-15	2.160107E-16
1.000000E+04	3.409598E-15	2.349751E-16
1.004000E+04	3.454944E-15	2.610814E-16
1.008000E+04	3.504375E-15	2.954339E-16
1.012000E+04	3.555613E-15	3.383343E-16
1.016000E+04	3.607080E-15	3.894896E-16
1.020000E+04	3.656939E-15	4.481618E-16
1.024000E+04	3.704016E-15	5.134543E-16
1.028000E+04	3.748194E-15	5.845247E-16
1.032000E+04	3.788920E-15	6.604673E-16
