#wls	flux	fluxerr
1.600000E+03	5.012180E-16	2.010236E-17
1.640000E+03	5.106161E-16	2.047666E-17
1.680000E+03	5.197033E-16	2.083832E-17
1.720000E+03	5.285180E-16	2.118889E-17
1.760000E+03	5.370001E-16	2.152596E-17
1.800000E+03	5.451894E-16	2.185112E-17
1.840000E+03	5.529190E-16	2.215769E-17
1.880000E+03	5.602253E-16	2.244713E-17
1.920000E+03	5.671474E-16	2.272100E-17
1.960000E+03	5.736179E-16	2.297662E-17
2.000000E+03	5.795666E-16	2.321116E-17
2.040000E+03	5.850308E-16	2.342614E-17
2.080000E+03	5.899387E-16	2.361869E-17
2.120000E+03	5.944365E-16	2.379465E-17
2.160000E+03	5.982315E-16	2.394233E-17
2.200000E+03	6.013598E-16	2.406318E-17
2.240000E+03	6.038574E-16	2.415865E-17
2.280000E+03	6.055448E-16	2.422157E-17
2.320000E+03	6.064628E-16	2.425359E-17
2.360000E+03	6.064431E-16	2.424799E-17
2.400000E+03	6.055370E-16	2.420685E-17
2.440000E+03	6.035958E-16	2.412425E-17
2.480000E+03	6.005886E-16	2.399897E-17
2.520000E+03	5.964982E-16	2.383036E-17
2.560000E+03	5.913219E-16	2.361833E-17
2.600000E+03	5.850730E-16	2.336345E-17
2.640000E+03	5.777806E-16	2.306692E-17
2.680000E+03	5.694906E-16	2.273059E-17
2.720000E+03	5.601813E-16	2.235363E-17
2.760000E+03	5.500186E-16	2.194269E-17
2.800000E+03	5.390922E-16	2.150138E-17
2.840000E+03	5.274281E-16	2.103078E-17
2.880000E+03	5.152152E-16	2.053843E-17
2.920000E+03	5.025660E-16	2.002884E-17
2.960000E+03	4.896582E-16	1.950911E-17
3.000000E+03	4.767157E-16	1.898818E-17
3.010000E+03	4.735045E-16	1.885895E-17
3.020000E+03	4.703227E-16	1.873090E-17
3.030000E+03	4.671113E-16	1.860169E-17
3.040000E+03	4.639892E-16	1.847604E-17
3.050000E+03	4.608391E-16	1.834929E-17
3.060000E+03	4.577200E-16	1.822379E-17
3.070000E+03	4.546319E-16	1.809954E-17
3.080000E+03	4.515746E-16	1.797652E-17
3.090000E+03	4.485481E-16	1.785473E-17
3.100000E+03	4.456058E-16	1.773631E-17
3.110000E+03	4.426392E-16	1.761694E-17
3.120000E+03	4.397552E-16	1.750086E-17
3.130000E+03	4.368994E-16	1.738592E-17
3.140000E+03	4.340714E-16	1.727210E-17
3.150000E+03	4.313214E-16	1.716139E-17
3.160000E+03	4.285969E-16	1.705170E-17
3.170000E+03	4.259466E-16	1.694498E-17
3.180000E+03	4.233679E-16	1.684111E-17
3.190000E+03	4.208103E-16	1.673810E-17
3.200000E+03	4.183205E-16	1.663779E-17
3.210000E+03	4.159420E-16	1.654192E-17
3.220000E+03	4.135789E-16	1.644667E-17
3.230000E+03	4.112752E-16	1.635379E-17
3.240000E+03	4.090730E-16	1.626495E-17
3.250000E+03	4.069237E-16	1.617823E-17
3.260000E+03	4.048245E-16	1.609350E-17
3.270000E+03	4.028154E-16	1.601237E-17
3.280000E+03	4.008496E-16	1.593296E-17
3.290000E+03	3.990076E-16	1.585848E-17
3.300000E+03	3.972008E-16	1.578541E-17
3.310000E+03	3.955077E-16	1.571686E-17
3.320000E+03	3.938420E-16	1.564941E-17
3.330000E+03	3.922798E-16	1.558607E-17
3.340000E+03	3.907761E-16	1.552506E-17
3.350000E+03	3.893647E-16	1.546772E-17
3.360000E+03	3.880399E-16	1.541383E-17
3.370000E+03	3.867958E-16	1.536314E-17
3.380000E+03	3.856266E-16	1.531544E-17
3.390000E+03	3.845269E-16	1.527049E-17
3.400000E+03	3.834911E-16	1.522809E-17
3.410000E+03	3.825491E-16	1.518941E-17
3.420000E+03	3.816941E-16	1.515419E-17
3.430000E+03	3.809198E-16	1.512217E-17
3.440000E+03	3.802199E-16	1.509311E-17
3.450000E+03	3.795886E-16	1.506677E-17
3.460000E+03	3.790528E-16	1.504421E-17
3.470000E+03	3.785735E-16	1.502390E-17
3.480000E+03	3.781776E-16	1.500690E-17
3.490000E+03	3.778588E-16	1.499295E-17
3.500000E+03	3.776118E-16	1.498185E-17
3.510000E+03	3.774614E-16	1.497458E-17
3.520000E+03	3.773720E-16	1.496972E-17
3.530000E+03	3.773686E-16	1.496828E-17
3.540000E+03	3.774467E-16	1.497006E-17
3.550000E+03	3.776019E-16	1.497489E-17
3.560000E+03	3.778309E-16	1.498264E-17
3.570000E+03	3.781309E-16	1.499320E-17
3.580000E+03	3.785269E-16	1.500756E-17
3.590000E+03	3.790163E-16	1.502562E-17
3.600000E+03	3.795978E-16	1.504731E-17
3.610000E+03	3.802705E-16	1.507262E-17
3.620000E+03	3.810345E-16	1.510153E-17
3.630000E+03	3.818910E-16	1.513410E-17
3.640000E+03	3.828663E-16	1.517136E-17
3.650000E+03	3.839377E-16	1.521243E-17
3.660000E+03	3.851324E-16	1.525836E-17
3.670000E+03	3.864301E-16	1.530836E-17
3.680000E+03	3.878812E-16	1.536442E-17
3.690000E+03	3.894664E-16	1.542578E-17
3.700000E+03	3.911900E-16	1.549260E-17
3.710000E+03	3.930571E-16	1.556509E-17
3.720000E+03	3.950724E-16	1.564343E-17
3.730000E+03	3.972622E-16	1.572865E-17
3.740000E+03	3.996094E-16	1.582009E-17
3.750000E+03	4.021392E-16	1.591873E-17
3.760000E+03	4.048341E-16	1.602389E-17
3.770000E+03	4.077175E-16	1.613648E-17
3.780000E+03	4.107712E-16	1.625578E-17
3.790000E+03	4.140158E-16	1.638261E-17
3.800000E+03	4.174508E-16	1.651694E-17
3.810000E+03	4.210547E-16	1.665792E-17
3.820000E+03	4.248435E-16	1.680619E-17
3.830000E+03	4.288117E-16	1.696152E-17
3.840000E+03	4.329522E-16	1.712363E-17
3.850000E+03	4.372371E-16	1.729141E-17
3.860000E+03	4.416558E-16	1.746444E-17
3.870000E+03	4.462315E-16	1.764364E-17
3.880000E+03	4.508946E-16	1.782627E-17
3.890000E+03	4.556642E-16	1.801305E-17
3.900000E+03	4.605206E-16	1.820323E-17
3.910000E+03	4.654252E-16	1.839526E-17
3.920000E+03	4.703555E-16	1.858827E-17
3.930000E+03	4.752873E-16	1.878130E-17
3.940000E+03	4.801955E-16	1.897335E-17
3.950000E+03	4.850537E-16	1.916337E-17
3.960000E+03	4.898349E-16	1.935032E-17
3.970000E+03	4.944958E-16	1.953247E-17
3.980000E+03	4.990095E-16	1.970876E-17
3.990000E+03	5.033660E-16	1.987881E-17
4.000000E+03	5.075236E-16	2.004096E-17
4.010000E+03	5.114585E-16	2.019428E-17
4.020000E+03	5.151484E-16	2.033789E-17
4.030000E+03	5.185581E-16	2.047040E-17
4.040000E+03	5.216707E-16	2.059116E-17
4.050000E+03	5.244867E-16	2.070018E-17
4.060000E+03	5.269658E-16	2.079587E-17
4.070000E+03	5.291153E-16	2.087854E-17
4.080000E+03	5.309174E-16	2.094748E-17
4.090000E+03	5.323870E-16	2.100328E-17
4.100000E+03	5.335001E-16	2.104500E-17
4.110000E+03	5.342797E-16	2.107355E-17
4.120000E+03	5.347378E-16	2.108941E-17
4.130000E+03	5.348641E-16	2.109218E-17
4.140000E+03	5.347048E-16	2.108369E-17
4.150000E+03	5.342445E-16	2.106332E-17
4.160000E+03	5.335350E-16	2.103313E-17
4.170000E+03	5.325926E-16	2.099376E-17
4.180000E+03	5.314362E-16	2.094596E-17
4.190000E+03	5.301106E-16	2.089150E-17
4.200000E+03	5.286383E-16	2.083126E-17
4.210000E+03	5.270431E-16	2.076619E-17
4.220000E+03	5.253724E-16	2.069816E-17
4.230000E+03	5.236398E-16	2.062770E-17
4.240000E+03	5.218928E-16	2.055668E-17
4.250000E+03	5.201664E-16	2.048649E-17
4.260000E+03	5.184743E-16	2.041766E-17
4.270000E+03	5.168607E-16	2.035193E-17
4.280000E+03	5.153479E-16	2.029018E-17
4.290000E+03	5.139669E-16	2.023362E-17
4.300000E+03	5.127370E-16	2.018303E-17
4.310000E+03	5.116953E-16	2.013985E-17
4.320000E+03	5.108484E-16	2.010434E-17
4.330000E+03	5.102288E-16	2.007778E-17
4.340000E+03	5.098393E-16	2.006028E-17
4.350000E+03	5.097166E-16	2.005328E-17
4.360000E+03	5.098586E-16	2.005669E-17
4.370000E+03	5.102789E-16	2.007104E-17
4.380000E+03	5.109792E-16	2.009639E-17
4.390000E+03	5.119843E-16	2.013373E-17
4.400000E+03	5.132730E-16	2.018221E-17
4.410000E+03	5.148634E-16	2.024253E-17
4.420000E+03	5.167445E-16	2.031427E-17
4.430000E+03	5.189022E-16	2.039687E-17
4.440000E+03	5.213432E-16	2.049057E-17
4.450000E+03	5.240374E-16	2.059421E-17
4.460000E+03	5.269756E-16	2.070741E-17
4.470000E+03	5.301359E-16	2.082931E-17
4.480000E+03	5.334770E-16	2.095829E-17
4.490000E+03	5.369693E-16	2.109317E-17
4.500000E+03	5.405879E-16	2.123299E-17
4.510000E+03	5.442800E-16	2.137566E-17
4.520000E+03	5.480137E-16	2.151992E-17
4.530000E+03	5.517381E-16	2.166380E-17
4.540000E+03	5.554085E-16	2.180552E-17
4.550000E+03	5.589700E-16	2.194293E-17
4.560000E+03	5.623829E-16	2.207448E-17
4.570000E+03	5.655917E-16	2.219799E-17
4.580000E+03	5.685492E-16	2.231161E-17
4.590000E+03	5.712179E-16	2.241387E-17
4.600000E+03	5.735398E-16	2.250250E-17
4.610000E+03	5.754761E-16	2.257598E-17
4.620000E+03	5.770008E-16	2.263330E-17
4.630000E+03	5.780854E-16	2.267335E-17
4.640000E+03	5.786929E-16	2.269468E-17
4.650000E+03	5.788169E-16	2.269705E-17
4.660000E+03	5.784580E-16	2.268048E-17
4.670000E+03	5.775959E-16	2.264419E-17
4.680000E+03	5.762627E-16	2.258944E-17
4.690000E+03	5.744547E-16	2.251609E-17
4.700000E+03	5.722060E-16	2.242549E-17
4.710000E+03	5.695505E-16	2.231897E-17
4.720000E+03	5.665291E-16	2.219813E-17
4.730000E+03	5.631817E-16	2.206456E-17
4.740000E+03	5.595671E-16	2.192054E-17
4.750000E+03	5.557339E-16	2.176799E-17
4.760000E+03	5.517406E-16	2.160921E-17
4.770000E+03	5.476404E-16	2.144628E-17
4.780000E+03	5.435067E-16	2.128208E-17
4.790000E+03	5.393984E-16	2.111890E-17
4.800000E+03	5.353591E-16	2.095847E-17
4.810000E+03	5.314550E-16	2.080337E-17
4.820000E+03	5.277351E-16	2.065551E-17
4.830000E+03	5.242435E-16	2.051662E-17
4.840000E+03	5.210184E-16	2.038819E-17
4.850000E+03	5.180980E-16	2.027172E-17
4.860000E+03	5.155076E-16	2.016818E-17
4.870000E+03	5.132720E-16	2.007854E-17
4.880000E+03	5.114028E-16	2.000326E-17
4.890000E+03	5.099047E-16	1.994251E-17
4.900000E+03	5.087821E-16	1.989647E-17
4.910000E+03	5.080269E-16	1.986480E-17
4.920000E+03	5.076193E-16	1.984673E-17
4.930000E+03	5.075577E-16	1.984219E-17
4.940000E+03	5.078067E-16	1.984980E-17
4.950000E+03	5.083450E-16	1.986872E-17
4.960000E+03	5.091480E-16	1.989798E-17
4.970000E+03	5.101838E-16	1.993634E-17
4.980000E+03	5.114195E-16	1.998250E-17
4.990000E+03	5.128225E-16	2.003519E-17
5.000000E+03	5.143616E-16	2.009319E-17
5.010000E+03	5.160128E-16	2.015557E-17
5.020000E+03	5.177555E-16	2.022150E-17
5.030000E+03	5.195555E-16	2.028966E-17
5.040000E+03	5.214056E-16	2.035977E-17
5.050000E+03	5.232915E-16	2.043127E-17
5.060000E+03	5.251982E-16	2.050357E-17
5.070000E+03	5.271268E-16	2.057671E-17
5.080000E+03	5.290829E-16	2.065092E-17
5.090000E+03	5.310590E-16	2.072589E-17
5.100000E+03	5.330746E-16	2.080240E-17
5.110000E+03	5.351351E-16	2.088065E-17
5.120000E+03	5.372597E-16	2.096138E-17
5.130000E+03	5.394642E-16	2.104523E-17
5.140000E+03	5.417594E-16	2.113260E-17
5.150000E+03	5.441684E-16	2.122439E-17
5.160000E+03	5.467141E-16	2.132151E-17
5.170000E+03	5.494014E-16	2.142413E-17
5.180000E+03	5.522511E-16	2.153307E-17
5.190000E+03	5.552768E-16	2.164886E-17
5.200000E+03	5.584895E-16	2.177191E-17
5.210000E+03	5.619040E-16	2.190282E-17
5.220000E+03	5.655142E-16	2.204134E-17
5.230000E+03	5.693348E-16	2.218803E-17
5.240000E+03	5.733593E-16	2.234265E-17
5.250000E+03	5.775835E-16	2.250503E-17
5.260000E+03	5.820055E-16	2.267509E-17
5.270000E+03	5.866016E-16	2.285190E-17
5.280000E+03	5.913678E-16	2.303532E-17
5.290000E+03	5.962783E-16	2.322433E-17
5.300000E+03	6.013149E-16	2.341822E-17
5.310000E+03	6.064368E-16	2.361541E-17
5.320000E+03	6.116233E-16	2.381508E-17
5.330000E+03	6.168313E-16	2.401556E-17
5.340000E+03	6.220191E-16	2.421523E-17
5.350000E+03	6.271413E-16	2.441231E-17
5.360000E+03	6.321486E-16	2.460490E-17
5.370000E+03	6.369881E-16	2.479093E-17
5.380000E+03	6.416107E-16	2.496849E-17
5.390000E+03	6.459451E-16	2.513482E-17
5.400000E+03	6.499447E-16	2.528811E-17
5.410000E+03	6.535359E-16	2.542549E-17
5.420000E+03	6.566720E-16	2.554514E-17
5.430000E+03	6.592876E-16	2.564455E-17
5.440000E+03	6.613202E-16	2.572128E-17
5.450000E+03	6.627319E-16	2.577385E-17
5.460000E+03	6.634700E-16	2.580024E-17
5.470000E+03	6.634891E-16	2.579867E-17
5.480000E+03	6.627721E-16	2.576850E-17
5.490000E+03	6.612919E-16	2.570867E-17
5.500000E+03	6.590321E-16	2.561857E-17
5.510000E+03	6.560014E-16	2.549853E-17
5.520000E+03	6.522213E-16	2.534939E-17
5.530000E+03	6.477121E-16	2.517196E-17
5.540000E+03	6.425207E-16	2.496806E-17
5.550000E+03	6.366862E-16	2.473922E-17
5.560000E+03	6.302852E-16	2.448842E-17
5.570000E+03	6.233856E-16	2.421830E-17
5.580000E+03	6.160700E-16	2.393209E-17
5.590000E+03	6.084350E-16	2.363352E-17
5.600000E+03	6.005693E-16	2.332606E-17
5.610000E+03	5.925778E-16	2.301378E-17
5.620000E+03	5.845543E-16	2.270032E-17
5.630000E+03	5.765981E-16	2.238953E-17
5.640000E+03	5.688118E-16	2.208540E-17
5.650000E+03	5.612822E-16	2.179130E-17
5.660000E+03	5.540965E-16	2.151061E-17
5.670000E+03	5.473349E-16	2.124644E-17
5.680000E+03	5.410698E-16	2.100159E-17
5.690000E+03	5.353696E-16	2.077872E-17
5.700000E+03	5.302782E-16	2.057952E-17
5.710000E+03	5.258497E-16	2.040609E-17
5.720000E+03	5.221077E-16	2.025933E-17
5.730000E+03	5.190804E-16	2.014034E-17
5.740000E+03	5.167799E-16	2.004958E-17
5.750000E+03	5.152030E-16	1.998691E-17
5.760000E+03	5.143453E-16	1.995217E-17
5.770000E+03	5.141822E-16	1.994438E-17
5.780000E+03	5.146886E-16	1.996257E-17
5.790000E+03	5.158149E-16	2.000482E-17
5.800000E+03	5.175223E-16	2.006960E-17
5.810000E+03	5.197484E-16	2.015451E-17
5.820000E+03	5.224236E-16	2.025683E-17
5.830000E+03	5.254822E-16	2.037401E-17
5.840000E+03	5.288485E-16	2.050312E-17
5.850000E+03	5.324382E-16	2.064088E-17
5.860000E+03	5.361708E-16	2.078418E-17
5.870000E+03	5.399654E-16	2.092988E-17
5.880000E+03	5.437378E-16	2.107472E-17
5.890000E+03	5.474234E-16	2.121618E-17
5.900000E+03	5.509414E-16	2.135114E-17
5.910000E+03	5.542285E-16	2.147716E-17
5.920000E+03	5.572295E-16	2.159209E-17
5.930000E+03	5.598981E-16	2.169414E-17
5.940000E+03	5.621980E-16	2.178190E-17
5.950000E+03	5.640978E-16	2.185417E-17
5.960000E+03	5.655813E-16	2.191033E-17
5.970000E+03	5.666481E-16	2.195035E-17
5.980000E+03	5.672912E-16	2.197397E-17
5.990000E+03	5.675281E-16	2.198187E-17
6.000000E+03	5.673788E-16	2.197483E-17
6.010000E+03	5.668588E-16	2.195345E-17
6.020000E+03	5.660111E-16	2.191941E-17
6.030000E+03	5.648662E-16	2.187387E-17
6.040000E+03	5.634627E-16	2.181835E-17
6.050000E+03	5.618413E-16	2.175441E-17
6.060000E+03	5.600373E-16	2.168342E-17
6.070000E+03	5.581021E-16	2.160738E-17
6.080000E+03	5.560688E-16	2.152757E-17
6.090000E+03	5.539690E-16	2.144522E-17
6.100000E+03	5.518469E-16	2.136202E-17
6.110000E+03	5.497328E-16	2.127917E-17
6.120000E+03	5.476474E-16	2.119745E-17
6.130000E+03	5.456237E-16	2.111815E-17
6.140000E+03	5.436793E-16	2.104194E-17
6.150000E+03	5.418223E-16	2.096914E-17
6.160000E+03	5.400721E-16	2.090050E-17
6.170000E+03	5.384282E-16	2.083600E-17
6.180000E+03	5.368860E-16	2.077546E-17
6.190000E+03	5.354373E-16	2.071856E-17
6.200000E+03	5.340862E-16	2.066547E-17
6.210000E+03	5.328134E-16	2.061543E-17
6.220000E+03	5.316177E-16	2.056840E-17
6.230000E+03	5.304810E-16	2.052367E-17
6.240000E+03	5.293896E-16	2.048072E-17
6.250000E+03	5.283195E-16	2.043862E-17
6.260000E+03	5.272688E-16	2.039728E-17
6.270000E+03	5.262150E-16	2.035586E-17
6.280000E+03	5.251521E-16	2.031410E-17
6.290000E+03	5.240694E-16	2.027159E-17
6.300000E+03	5.229522E-16	2.022778E-17
6.310000E+03	5.217915E-16	2.018230E-17
6.320000E+03	5.205901E-16	2.013527E-17
6.330000E+03	5.193361E-16	2.008623E-17
6.340000E+03	5.180241E-16	2.003496E-17
6.350000E+03	5.166544E-16	1.998148E-17
6.360000E+03	5.152237E-16	1.992567E-17
6.370000E+03	5.137296E-16	1.986742E-17
6.380000E+03	5.121755E-16	1.980688E-17
6.390000E+03	5.105563E-16	1.974383E-17
6.400000E+03	5.088828E-16	1.967870E-17
6.410000E+03	5.071567E-16	1.961157E-17
6.420000E+03	5.053760E-16	1.954234E-17
6.430000E+03	5.035499E-16	1.947137E-17
6.440000E+03	5.016887E-16	1.939907E-17
6.450000E+03	4.997933E-16	1.932546E-17
6.460000E+03	4.978708E-16	1.925082E-17
6.470000E+03	4.959283E-16	1.917543E-17
6.480000E+03	4.939787E-16	1.909978E-17
6.490000E+03	4.920239E-16	1.902395E-17
6.500000E+03	4.900706E-16	1.894819E-17
6.510000E+03	4.881343E-16	1.887311E-17
6.520000E+03	4.862188E-16	1.879886E-17
6.530000E+03	4.843258E-16	1.872548E-17
6.540000E+03	4.824647E-16	1.865336E-17
6.550000E+03	4.806320E-16	1.858235E-17
6.560000E+03	4.788221E-16	1.851224E-17
6.570000E+03	4.770264E-16	1.844269E-17
6.580000E+03	4.752392E-16	1.837349E-17
6.590000E+03	4.734533E-16	1.830436E-17
6.600000E+03	4.716497E-16	1.823455E-17
6.610000E+03	4.698139E-16	1.816352E-17
6.620000E+03	4.679417E-16	1.809109E-17
6.630000E+03	4.660142E-16	1.801654E-17
6.640000E+03	4.640243E-16	1.793959E-17
6.650000E+03	4.619620E-16	1.785986E-17
6.660000E+03	4.598147E-16	1.777685E-17
6.670000E+03	4.575885E-16	1.769081E-17
6.680000E+03	4.552777E-16	1.760151E-17
6.690000E+03	4.528905E-16	1.750927E-17
6.700000E+03	4.504339E-16	1.741436E-17
6.710000E+03	4.479191E-16	1.731721E-17
6.720000E+03	4.453606E-16	1.721839E-17
6.730000E+03	4.427765E-16	1.711859E-17
6.740000E+03	4.401882E-16	1.701864E-17
6.750000E+03	4.376246E-16	1.691965E-17
6.760000E+03	4.351120E-16	1.682265E-17
6.770000E+03	4.326783E-16	1.672871E-17
6.780000E+03	4.303476E-16	1.663877E-17
6.790000E+03	4.281600E-16	1.655436E-17
6.800000E+03	4.261352E-16	1.647627E-17
6.810000E+03	4.243129E-16	1.640601E-17
6.820000E+03	4.227117E-16	1.634432E-17
6.830000E+03	4.213684E-16	1.629261E-17
6.840000E+03	4.203080E-16	1.625184E-17
6.850000E+03	4.195430E-16	1.622251E-17
6.860000E+03	4.191022E-16	1.620573E-17
6.870000E+03	4.189966E-16	1.620193E-17
6.880000E+03	4.192427E-16	1.621173E-17
6.890000E+03	4.198430E-16	1.623525E-17
6.900000E+03	4.208001E-16	1.627258E-17
6.910000E+03	4.221171E-16	1.632384E-17
6.920000E+03	4.237823E-16	1.638858E-17
6.930000E+03	4.257888E-16	1.646653E-17
6.940000E+03	4.281156E-16	1.655690E-17
6.950000E+03	4.307428E-16	1.665889E-17
6.960000E+03	4.336513E-16	1.677179E-17
6.970000E+03	4.368097E-16	1.689436E-17
6.980000E+03	4.401888E-16	1.702550E-17
6.990000E+03	4.437588E-16	1.716404E-17
7.000000E+03	4.474890E-16	1.730880E-17
7.010000E+03	4.513496E-16	1.745862E-17
7.020000E+03	4.553120E-16	1.761241E-17
7.030000E+03	4.593497E-16	1.776913E-17
7.040000E+03	4.634388E-16	1.792787E-17
7.050000E+03	4.675527E-16	1.808759E-17
7.060000E+03	4.716793E-16	1.824783E-17
7.070000E+03	4.757980E-16	1.840778E-17
7.080000E+03	4.798966E-16	1.856699E-17
7.090000E+03	4.839714E-16	1.872530E-17
7.100000E+03	4.880027E-16	1.888197E-17
7.110000E+03	4.919895E-16	1.903693E-17
7.120000E+03	4.959251E-16	1.918995E-17
7.130000E+03	4.997964E-16	1.934050E-17
7.140000E+03	5.035949E-16	1.948826E-17
7.150000E+03	5.073105E-16	1.963285E-17
7.160000E+03	5.109303E-16	1.977376E-17
7.170000E+03	5.144329E-16	1.991016E-17
7.180000E+03	5.178060E-16	2.004159E-17
7.190000E+03	5.210157E-16	2.016671E-17
7.200000E+03	5.240503E-16	2.028509E-17
7.210000E+03	5.268641E-16	2.039495E-17
7.220000E+03	5.294412E-16	2.049568E-17
7.230000E+03	5.317452E-16	2.058587E-17
7.240000E+03	5.337460E-16	2.066434E-17
7.250000E+03	5.354070E-16	2.072969E-17
7.260000E+03	5.366929E-16	2.078054E-17
7.270000E+03	5.375908E-16	2.081639E-17
7.280000E+03	5.380638E-16	2.083582E-17
7.290000E+03	5.380863E-16	2.083782E-17
7.300000E+03	5.376571E-16	2.082235E-17
7.310000E+03	5.367468E-16	2.078826E-17
7.320000E+03	5.353654E-16	2.073595E-17
7.330000E+03	5.335018E-16	2.066497E-17
7.340000E+03	5.311711E-16	2.057592E-17
7.350000E+03	5.283808E-16	2.046907E-17
7.360000E+03	5.251442E-16	2.034493E-17
7.370000E+03	5.214990E-16	2.020498E-17
7.380000E+03	5.174552E-16	2.004958E-17
7.390000E+03	5.130587E-16	1.988052E-17
7.400000E+03	5.083328E-16	1.969869E-17
7.410000E+03	5.033292E-16	1.950610E-17
7.420000E+03	4.980814E-16	1.930404E-17
7.430000E+03	4.926309E-16	1.909412E-17
7.440000E+03	4.870192E-16	1.887794E-17
7.450000E+03	4.812876E-16	1.865711E-17
7.460000E+03	4.754829E-16	1.843343E-17
7.470000E+03	4.696328E-16	1.820798E-17
7.480000E+03	4.637873E-16	1.798269E-17
7.490000E+03	4.579714E-16	1.775854E-17
7.500000E+03	4.522314E-16	1.753732E-17
7.510000E+03	4.465889E-16	1.731987E-17
7.520000E+03	4.410861E-16	1.710782E-17
7.530000E+03	4.357467E-16	1.690209E-17
7.540000E+03	4.306036E-16	1.670396E-17
7.550000E+03	4.256775E-16	1.651424E-17
7.560000E+03	4.210042E-16	1.633431E-17
7.570000E+03	4.165951E-16	1.616462E-17
7.580000E+03	4.124802E-16	1.600633E-17
7.590000E+03	4.086754E-16	1.586007E-17
7.600000E+03	4.051885E-16	1.572613E-17
7.610000E+03	4.020341E-16	1.560510E-17
7.620000E+03	3.992225E-16	1.549736E-17
7.630000E+03	3.967504E-16	1.540280E-17
7.640000E+03	3.946154E-16	1.532132E-17
7.650000E+03	3.928111E-16	1.525268E-17
7.660000E+03	3.913373E-16	1.519688E-17
7.670000E+03	3.901693E-16	1.515296E-17
7.680000E+03	3.892938E-16	1.512040E-17
7.690000E+03	3.886884E-16	1.509834E-17
7.700000E+03	3.883322E-16	1.508597E-17
7.710000E+03	3.881857E-16	1.508176E-17
7.720000E+03	3.882272E-16	1.508486E-17
7.730000E+03	3.884166E-16	1.509372E-17
7.740000E+03	3.887177E-16	1.510694E-17
7.750000E+03	3.890975E-16	1.512323E-17
7.760000E+03	3.895126E-16	1.514091E-17
7.770000E+03	3.899246E-16	1.515847E-17
7.780000E+03	3.902956E-16	1.517447E-17
7.790000E+03	3.905946E-16	1.518767E-17
7.800000E+03	3.907816E-16	1.519653E-17
7.810000E+03	3.908244E-16	1.519980E-17
7.820000E+03	3.906935E-16	1.519632E-17
7.830000E+03	3.903677E-16	1.518526E-17
7.840000E+03	3.898185E-16	1.516553E-17
7.850000E+03	3.890265E-16	1.513634E-17
7.860000E+03	3.879751E-16	1.509708E-17
7.870000E+03	3.866521E-16	1.504724E-17
7.880000E+03	3.850484E-16	1.498647E-17
7.890000E+03	3.831637E-16	1.491475E-17
7.900000E+03	3.809907E-16	1.483181E-17
7.910000E+03	3.785360E-16	1.473789E-17
7.920000E+03	3.757985E-16	1.463294E-17
7.930000E+03	3.727908E-16	1.451746E-17
7.940000E+03	3.695230E-16	1.439182E-17
7.950000E+03	3.660128E-16	1.425673E-17
7.960000E+03	3.622700E-16	1.411254E-17
7.970000E+03	3.583169E-16	1.396014E-17
7.980000E+03	3.541769E-16	1.380042E-17
7.990000E+03	3.498705E-16	1.363419E-17
8.000000E+03	3.454141E-16	1.346208E-17
8.010000E+03	3.408446E-16	1.328553E-17
8.020000E+03	3.361707E-16	1.310487E-17
8.030000E+03	3.314207E-16	1.292121E-17
8.040000E+03	3.266137E-16	1.273528E-17
8.050000E+03	3.217734E-16	1.254802E-17
8.060000E+03	3.169191E-16	1.236017E-17
8.070000E+03	3.120785E-16	1.217282E-17
8.080000E+03	3.072701E-16	1.198668E-17
8.090000E+03	3.025160E-16	1.180262E-17
8.100000E+03	2.978379E-16	1.162149E-17
8.110000E+03	2.932566E-16	1.144409E-17
8.120000E+03	2.887922E-16	1.127121E-17
8.130000E+03	2.844601E-16	1.110347E-17
8.140000E+03	2.802873E-16	1.094190E-17
8.150000E+03	2.762800E-16	1.078675E-17
8.160000E+03	2.724680E-16	1.063920E-17
8.170000E+03	2.688608E-16	1.049961E-17
8.180000E+03	2.654793E-16	1.036881E-17
8.190000E+03	2.623366E-16	1.024730E-17
8.200000E+03	2.594533E-16	1.013590E-17
8.210000E+03	2.568425E-16	1.003513E-17
8.220000E+03	2.545248E-16	9.945780E-18
8.230000E+03	2.525135E-16	9.868385E-18
8.240000E+03	2.508257E-16	9.803618E-18
8.250000E+03	2.494831E-16	9.752328E-18
8.260000E+03	2.484995E-16	9.715065E-18
8.270000E+03	2.478972E-16	9.692702E-18
8.280000E+03	2.476877E-16	9.685693E-18
8.290000E+03	2.478939E-16	9.694938E-18
8.300000E+03	2.485394E-16	9.721376E-18
8.310000E+03	2.496373E-16	9.765513E-18
8.320000E+03	2.512124E-16	9.828332E-18
8.330000E+03	2.532822E-16	9.910524E-18
8.340000E+03	2.558726E-16	1.001311E-17
8.350000E+03	2.590022E-16	1.013683E-17
8.360000E+03	2.626978E-16	1.028272E-17
8.370000E+03	2.669742E-16	1.045139E-17
8.380000E+03	2.718624E-16	1.064406E-17
8.390000E+03	2.773767E-16	1.086129E-17
8.400000E+03	2.835432E-16	1.110412E-17
8.410000E+03	2.903782E-16	1.137319E-17
8.420000E+03	2.979056E-16	1.166944E-17
8.430000E+03	3.061378E-16	1.199338E-17
8.440000E+03	3.150841E-16	1.234538E-17
8.450000E+03	3.247648E-16	1.272624E-17
8.460000E+03	3.351758E-16	1.313582E-17
8.470000E+03	3.463171E-16	1.357412E-17
8.480000E+03	3.581878E-16	1.404112E-17
8.490000E+03	3.707685E-16	1.453606E-17
8.500000E+03	3.840358E-16	1.505805E-17
8.510000E+03	3.979500E-16	1.560553E-17
8.520000E+03	4.124728E-16	1.617702E-17
8.530000E+03	4.275406E-16	1.677002E-17
8.540000E+03	4.430903E-16	1.738207E-17
8.550000E+03	4.590314E-16	1.800962E-17
8.560000E+03	4.752579E-16	1.864852E-17
8.570000E+03	4.916661E-16	1.929470E-17
8.580000E+03	5.081319E-16	1.994330E-17
8.590000E+03	5.245110E-16	2.058865E-17
8.600000E+03	5.406571E-16	2.122500E-17
8.610000E+03	5.564265E-16	2.184672E-17
8.620000E+03	5.716533E-16	2.244728E-17
8.630000E+03	5.861794E-16	2.302046E-17
8.640000E+03	5.998503E-16	2.356018E-17
8.650000E+03	6.125183E-16	2.406064E-17
8.660000E+03	6.240470E-16	2.451646E-17
8.670000E+03	6.343145E-16	2.492282E-17
8.680000E+03	6.432168E-16	2.527563E-17
8.690000E+03	6.506819E-16	2.557204E-17
8.700000E+03	6.566373E-16	2.580917E-17
8.710000E+03	6.610448E-16	2.598551E-17
8.720000E+03	6.639022E-16	2.610094E-17
8.730000E+03	6.652182E-16	2.615579E-17
8.740000E+03	6.650359E-16	2.615173E-17
8.750000E+03	6.633938E-16	2.609024E-17
8.760000E+03	6.603842E-16	2.597496E-17
8.770000E+03	6.560783E-16	2.580864E-17
8.780000E+03	6.505834E-16	2.559550E-17
8.790000E+03	6.440161E-16	2.534010E-17
8.800000E+03	6.364870E-16	2.504679E-17
8.810000E+03	6.281226E-16	2.472054E-17
8.820000E+03	6.190505E-16	2.436634E-17
8.830000E+03	6.093730E-16	2.398822E-17
8.840000E+03	5.992257E-16	2.359152E-17
8.850000E+03	5.887156E-16	2.318042E-17
8.860000E+03	5.779330E-16	2.275850E-17
8.870000E+03	5.669620E-16	2.232905E-17
8.880000E+03	5.559145E-16	2.189649E-17
8.890000E+03	5.448381E-16	2.146267E-17
8.900000E+03	5.338184E-16	2.103099E-17
8.910000E+03	5.229222E-16	2.060407E-17
8.920000E+03	5.121977E-16	2.018381E-17
8.930000E+03	5.017078E-16	1.977269E-17
8.940000E+03	4.914766E-16	1.937168E-17
8.950000E+03	4.815535E-16	1.898270E-17
8.960000E+03	4.719811E-16	1.860746E-17
8.970000E+03	4.627658E-16	1.824622E-17
8.980000E+03	4.539395E-16	1.790022E-17
8.990000E+03	4.455189E-16	1.757014E-17
9.000000E+03	4.375167E-16	1.725648E-17
9.040000E+03	4.098693E-16	1.617320E-17
9.080000E+03	3.891921E-16	1.536403E-17
9.120000E+03	3.750718E-16	1.481303E-17
9.160000E+03	3.667134E-16	1.448913E-17
9.200000E+03	3.630520E-16	1.435052E-17
9.240000E+03	3.627986E-16	1.434649E-17
9.280000E+03	3.646476E-16	1.442554E-17
9.320000E+03	3.673393E-16	1.453791E-17
9.360000E+03	3.698673E-16	1.464380E-17
9.400000E+03	3.714561E-16	1.471249E-17
9.440000E+03	3.716410E-16	1.472552E-17
9.480000E+03	3.701687E-16	1.467277E-17
9.520000E+03	3.669688E-16	1.455139E-17
9.560000E+03	3.621282E-16	1.436474E-17
9.600000E+03	3.557823E-16	1.411813E-17
9.640000E+03	3.481442E-16	1.381996E-17
9.680000E+03	3.394069E-16	1.347784E-17
9.720000E+03	3.297475E-16	1.309877E-17
9.760000E+03	3.193124E-16	1.268854E-17
9.800000E+03	3.082003E-16	1.225104E-17
9.840000E+03	2.965222E-16	1.179066E-17
9.880000E+03	2.843678E-16	1.131098E-17
9.920000E+03	2.718061E-16	1.081471E-17
9.960000E+03	2.589781E-16	1.030747E-17
1.000000E+04	2.460305E-16	9.795098E-18
1.004000E+04	2.330919E-16	9.282718E-18
1.008000E+04	2.203541E-16	8.777985E-18
1.012000E+04	2.079453E-16	8.286018E-18
1.016000E+04	1.959986E-16	7.812141E-18
1.020000E+04	1.845706E-16	7.358644E-18
1.024000E+04	1.737611E-16	6.929522E-18
1.028000E+04	1.635687E-16	6.524751E-18
1.032000E+04	1.540261E-16	6.145666E-18
