#wls	flux	fluxerr
1.600000E+03	6.752240E-15	7.716371E-16
1.640000E+03	6.868707E-15	7.125135E-16
1.680000E+03	6.985090E-15	6.517359E-16
1.720000E+03	7.102672E-15	5.897446E-16
1.760000E+03	7.224017E-15	5.270841E-16
1.800000E+03	7.346723E-15	4.639662E-16
1.840000E+03	7.473045E-15	4.010592E-16
1.880000E+03	7.603496E-15	3.390380E-16
1.920000E+03	7.734935E-15	2.787116E-16
1.960000E+03	7.867409E-15	2.216077E-16
2.000000E+03	7.992769E-15	1.701391E-16
2.040000E+03	8.102912E-15	1.290109E-16
2.080000E+03	8.187322E-15	1.052692E-16
2.120000E+03	8.237586E-15	1.004659E-16
2.160000E+03	8.266656E-15	1.032950E-16
2.200000E+03	8.291101E-15	1.051246E-16
2.240000E+03	8.319418E-15	1.075258E-16
2.280000E+03	8.356560E-15	1.169481E-16
2.320000E+03	8.413314E-15	1.336654E-16
2.360000E+03	8.495998E-15	1.515588E-16
2.400000E+03	8.614198E-15	1.650449E-16
2.440000E+03	8.767811E-15	1.703324E-16
2.480000E+03	8.953399E-15	1.652225E-16
2.520000E+03	9.159928E-15	1.492771E-16
2.560000E+03	9.364564E-15	1.257776E-16
2.600000E+03	9.534207E-15	1.077120E-16
2.640000E+03	9.631909E-15	1.186174E-16
2.680000E+03	9.657213E-15	1.589756E-16
2.720000E+03	9.641140E-15	2.102294E-16
2.760000E+03	9.609987E-15	2.618198E-16
2.800000E+03	9.580943E-15	3.094244E-16
2.840000E+03	9.562287E-15	3.510660E-16
2.880000E+03	9.551900E-15	3.854533E-16
2.920000E+03	9.551556E-15	4.119186E-16
2.960000E+03	9.558509E-15	4.299097E-16
3.000000E+03	9.573898E-15	4.392596E-16
3.010000E+03	9.578354E-15	4.402076E-16
3.020000E+03	9.584652E-15	4.406749E-16
3.030000E+03	9.591084E-15	4.405850E-16
3.040000E+03	9.598539E-15	4.399813E-16
3.050000E+03	9.606203E-15	4.388297E-16
3.060000E+03	9.614963E-15	4.371746E-16
3.070000E+03	9.624860E-15	4.350218E-16
3.080000E+03	9.635940E-15	4.323779E-16
3.090000E+03	9.647433E-15	4.292135E-16
3.100000E+03	9.661047E-15	4.256103E-16
3.110000E+03	9.676022E-15	4.215397E-16
3.120000E+03	9.691625E-15	4.169763E-16
3.130000E+03	9.709555E-15	4.119997E-16
3.140000E+03	9.729089E-15	4.065852E-16
3.150000E+03	9.750324E-15	4.007436E-16
3.160000E+03	9.773365E-15	3.944864E-16
3.170000E+03	9.799108E-15	3.878564E-16
3.180000E+03	9.826879E-15	3.808335E-16
3.190000E+03	9.857582E-15	3.734598E-16
3.200000E+03	9.891338E-15	3.657456E-16
3.210000E+03	9.927506E-15	3.576742E-16
3.220000E+03	9.966995E-15	3.492858E-16
3.230000E+03	1.001070E-14	3.406174E-16
3.240000E+03	1.005723E-14	3.316275E-16
3.250000E+03	1.010824E-14	3.223780E-16
3.260000E+03	1.016384E-14	3.128777E-16
3.270000E+03	1.022339E-14	3.031124E-16
3.280000E+03	1.028774E-14	2.931149E-16
3.290000E+03	1.035618E-14	2.828731E-16
3.300000E+03	1.043026E-14	2.724375E-16
3.310000E+03	1.050992E-14	2.618143E-16
3.320000E+03	1.059434E-14	2.509931E-16
3.330000E+03	1.068409E-14	2.400018E-16
3.340000E+03	1.077889E-14	2.288515E-16
3.350000E+03	1.087833E-14	2.175571E-16
3.360000E+03	1.098261E-14	2.061538E-16
3.370000E+03	1.109098E-14	1.946686E-16
3.380000E+03	1.120248E-14	1.831421E-16
3.390000E+03	1.131738E-14	1.716560E-16
3.400000E+03	1.143268E-14	1.602694E-16
3.410000E+03	1.154725E-14	1.491129E-16
3.420000E+03	1.166030E-14	1.383686E-16
3.430000E+03	1.176841E-14	1.282472E-16
3.440000E+03	1.186914E-14	1.190435E-16
3.450000E+03	1.195883E-14	1.111051E-16
3.460000E+03	1.203478E-14	1.048242E-16
3.470000E+03	1.209173E-14	1.005315E-16
3.480000E+03	1.212548E-14	9.841113E-17
3.490000E+03	1.213186E-14	9.837365E-17
3.500000E+03	1.210799E-14	1.000676E-16
3.510000E+03	1.205594E-14	1.030006E-16
3.520000E+03	1.197778E-14	1.066433E-16
3.530000E+03	1.187786E-14	1.105499E-16
3.540000E+03	1.176091E-14	1.143846E-16
3.550000E+03	1.163106E-14	1.179153E-16
3.560000E+03	1.149227E-14	1.210031E-16
3.570000E+03	1.134766E-14	1.235747E-16
3.580000E+03	1.120171E-14	1.256277E-16
3.590000E+03	1.105619E-14	1.271710E-16
3.600000E+03	1.091363E-14	1.282491E-16
3.610000E+03	1.077615E-14	1.289202E-16
3.620000E+03	1.064549E-14	1.292492E-16
3.630000E+03	1.052301E-14	1.293026E-16
3.640000E+03	1.040886E-14	1.291334E-16
3.650000E+03	1.030477E-14	1.288129E-16
3.660000E+03	1.021041E-14	1.283835E-16
3.670000E+03	1.012655E-14	1.278967E-16
3.680000E+03	1.005294E-14	1.273848E-16
3.690000E+03	9.989595E-15	1.268777E-16
3.700000E+03	9.936008E-15	1.263923E-16
3.710000E+03	9.891980E-15	1.259435E-16
3.720000E+03	9.857601E-15	1.255445E-16
3.730000E+03	9.831783E-15	1.251888E-16
3.740000E+03	9.814173E-15	1.248756E-16
3.750000E+03	9.804394E-15	1.246010E-16
3.760000E+03	9.802058E-15	1.243596E-16
3.770000E+03	9.806445E-15	1.241416E-16
3.780000E+03	9.817188E-15	1.239425E-16
3.790000E+03	9.833927E-15	1.237591E-16
3.800000E+03	9.855999E-15	1.235862E-16
3.810000E+03	9.883083E-15	1.234244E-16
3.820000E+03	9.914565E-15	1.232712E-16
3.830000E+03	9.950163E-15	1.231281E-16
3.840000E+03	9.989600E-15	1.229956E-16
3.850000E+03	1.003261E-14	1.228721E-16
3.860000E+03	1.007835E-14	1.227466E-16
3.870000E+03	1.012687E-14	1.226165E-16
3.880000E+03	1.017793E-14	1.224743E-16
3.890000E+03	1.023071E-14	1.223049E-16
3.900000E+03	1.028498E-14	1.221007E-16
3.910000E+03	1.034080E-14	1.218585E-16
3.920000E+03	1.039738E-14	1.215676E-16
3.930000E+03	1.045477E-14	1.212297E-16
3.940000E+03	1.051222E-14	1.208399E-16
3.950000E+03	1.056951E-14	1.204024E-16
3.960000E+03	1.062671E-14	1.199263E-16
3.970000E+03	1.068312E-14	1.194131E-16
3.980000E+03	1.073859E-14	1.188711E-16
3.990000E+03	1.079299E-14	1.183084E-16
4.000000E+03	1.084624E-14	1.177333E-16
4.010000E+03	1.089782E-14	1.171483E-16
4.020000E+03	1.094799E-14	1.165637E-16
4.030000E+03	1.099633E-14	1.159815E-16
4.040000E+03	1.104345E-14	1.154127E-16
4.050000E+03	1.108879E-14	1.148539E-16
4.060000E+03	1.113301E-14	1.143110E-16
4.070000E+03	1.117587E-14	1.137761E-16
4.080000E+03	1.121758E-14	1.132407E-16
4.090000E+03	1.125839E-14	1.126904E-16
4.100000E+03	1.129832E-14	1.121020E-16
4.110000E+03	1.133762E-14	1.114487E-16
4.120000E+03	1.137659E-14	1.106984E-16
4.130000E+03	1.141558E-14	1.098155E-16
4.140000E+03	1.145454E-14	1.087588E-16
4.150000E+03	1.149438E-14	1.074958E-16
4.160000E+03	1.153522E-14	1.059885E-16
4.170000E+03	1.157784E-14	1.042084E-16
4.180000E+03	1.162264E-14	1.021268E-16
4.190000E+03	1.167017E-14	9.972089E-17
4.200000E+03	1.172087E-14	9.697058E-17
4.210000E+03	1.177522E-14	9.386023E-17
4.220000E+03	1.183278E-14	9.037385E-17
4.230000E+03	1.189355E-14	8.651165E-17
4.240000E+03	1.195647E-14	8.228826E-17
4.250000E+03	1.201990E-14	7.775362E-17
4.260000E+03	1.208239E-14	7.302112E-17
4.270000E+03	1.214081E-14	6.828688E-17
4.280000E+03	1.219222E-14	6.387571E-17
4.290000E+03	1.223237E-14	6.025036E-17
4.300000E+03	1.225773E-14	5.797749E-17
4.310000E+03	1.226443E-14	5.754532E-17
4.320000E+03	1.225096E-14	5.905274E-17
4.330000E+03	1.221812E-14	6.212511E-17
4.340000E+03	1.216808E-14	6.621259E-17
4.350000E+03	1.210270E-14	7.080411E-17
4.360000E+03	1.202452E-14	7.551195E-17
4.370000E+03	1.193577E-14	8.005911E-17
4.380000E+03	1.183841E-14	8.424611E-17
4.390000E+03	1.173449E-14	8.794059E-17
4.400000E+03	1.162597E-14	9.106703E-17
4.410000E+03	1.151461E-14	9.359555E-17
4.420000E+03	1.140261E-14	9.553849E-17
4.430000E+03	1.129124E-14	9.693084E-17
4.440000E+03	1.118248E-14	9.783594E-17
4.450000E+03	1.107751E-14	9.832499E-17
4.460000E+03	1.097749E-14	9.847676E-17
4.470000E+03	1.088322E-14	9.836829E-17
4.480000E+03	1.079541E-14	9.807254E-17
4.490000E+03	1.071436E-14	9.765205E-17
4.500000E+03	1.064016E-14	9.715848E-17
4.510000E+03	1.057252E-14	9.663109E-17
4.520000E+03	1.051145E-14	9.610286E-17
4.530000E+03	1.045652E-14	9.559536E-17
4.540000E+03	1.040709E-14	9.512201E-17
4.550000E+03	1.036278E-14	9.469365E-17
4.560000E+03	1.032304E-14	9.431607E-17
4.570000E+03	1.028753E-14	9.399359E-17
4.580000E+03	1.025566E-14	9.372609E-17
4.590000E+03	1.022735E-14	9.351564E-17
4.600000E+03	1.020232E-14	9.336076E-17
4.610000E+03	1.018025E-14	9.325816E-17
4.620000E+03	1.016129E-14	9.320812E-17
4.630000E+03	1.014557E-14	9.321031E-17
4.640000E+03	1.013300E-14	9.326348E-17
4.650000E+03	1.012410E-14	9.337324E-17
4.660000E+03	1.011876E-14	9.354208E-17
4.670000E+03	1.011769E-14	9.378265E-17
4.680000E+03	1.012087E-14	9.410392E-17
4.690000E+03	1.012902E-14	9.452503E-17
4.700000E+03	1.014224E-14	9.506220E-17
4.710000E+03	1.016085E-14	9.573634E-17
4.720000E+03	1.018540E-14	9.657234E-17
4.730000E+03	1.021598E-14	9.759235E-17
4.740000E+03	1.025286E-14	9.882048E-17
4.750000E+03	1.029607E-14	1.002777E-16
4.760000E+03	1.034542E-14	1.019802E-16
4.770000E+03	1.040092E-14	1.039412E-16
4.780000E+03	1.046205E-14	1.061619E-16
4.790000E+03	1.052824E-14	1.086332E-16
4.800000E+03	1.059877E-14	1.113321E-16
4.810000E+03	1.067273E-14	1.142201E-16
4.820000E+03	1.074906E-14	1.172433E-16
4.830000E+03	1.082659E-14	1.203334E-16
4.840000E+03	1.090402E-14	1.234105E-16
4.850000E+03	1.097999E-14	1.263875E-16
4.860000E+03	1.105309E-14	1.291744E-16
4.870000E+03	1.112182E-14	1.316815E-16
4.880000E+03	1.118510E-14	1.338309E-16
4.890000E+03	1.124146E-14	1.355493E-16
4.900000E+03	1.128983E-14	1.367807E-16
4.910000E+03	1.132942E-14	1.374876E-16
4.920000E+03	1.135955E-14	1.376491E-16
4.930000E+03	1.137978E-14	1.372631E-16
4.940000E+03	1.138992E-14	1.363461E-16
4.950000E+03	1.138992E-14	1.349298E-16
4.960000E+03	1.138021E-14	1.330647E-16
4.970000E+03	1.136149E-14	1.308139E-16
4.980000E+03	1.133423E-14	1.282466E-16
4.990000E+03	1.129957E-14	1.254452E-16
5.000000E+03	1.125821E-14	1.224903E-16
5.010000E+03	1.121137E-14	1.194684E-16
5.020000E+03	1.116000E-14	1.164592E-16
5.030000E+03	1.110489E-14	1.135327E-16
5.040000E+03	1.104700E-14	1.107494E-16
5.050000E+03	1.098709E-14	1.081529E-16
5.060000E+03	1.092573E-14	1.057693E-16
5.070000E+03	1.086378E-14	1.036122E-16
5.080000E+03	1.080173E-14	1.016777E-16
5.090000E+03	1.074004E-14	9.995209E-17
5.100000E+03	1.067960E-14	9.841939E-17
5.110000E+03	1.062076E-14	9.705566E-17
5.120000E+03	1.056405E-14	9.583925E-17
5.130000E+03	1.051009E-14	9.475121E-17
5.140000E+03	1.045934E-14	9.377383E-17
5.150000E+03	1.041214E-14	9.289120E-17
5.160000E+03	1.036865E-14	9.208735E-17
5.170000E+03	1.032920E-14	9.134903E-17
5.180000E+03	1.029356E-14	9.065807E-17
5.190000E+03	1.026183E-14	8.999862E-17
5.200000E+03	1.023365E-14	8.935049E-17
5.210000E+03	1.020872E-14	8.869329E-17
5.220000E+03	1.018675E-14	8.800689E-17
5.230000E+03	1.016726E-14	8.726908E-17
5.240000E+03	1.014983E-14	8.645841E-17
5.250000E+03	1.013418E-14	8.555379E-17
5.260000E+03	1.011981E-14	8.453107E-17
5.270000E+03	1.010637E-14	8.336484E-17
5.280000E+03	1.009359E-14	8.202765E-17
5.290000E+03	1.008110E-14	8.048796E-17
5.300000E+03	1.006840E-14	7.871079E-17
5.310000E+03	1.005507E-14	7.666092E-17
5.320000E+03	1.004075E-14	7.430560E-17
5.330000E+03	1.002482E-14	7.161640E-17
5.340000E+03	1.000684E-14	6.857820E-17
5.350000E+03	9.986128E-15	6.519470E-17
5.360000E+03	9.962068E-15	6.150258E-17
5.370000E+03	9.934163E-15	5.758817E-17
5.380000E+03	9.901745E-15	5.360798E-17
5.390000E+03	9.864425E-15	4.981686E-17
5.400000E+03	9.821650E-15	4.658222E-17
5.410000E+03	9.773483E-15	4.436244E-17
5.420000E+03	9.720025E-15	4.358120E-17
5.430000E+03	9.662179E-15	4.437839E-17
5.440000E+03	9.601188E-15	4.647994E-17
5.450000E+03	9.538711E-15	4.943087E-17
5.460000E+03	9.475888E-15	5.280051E-17
5.470000E+03	9.414073E-15	5.626946E-17
5.480000E+03	9.354029E-15	5.962831E-17
5.490000E+03	9.296653E-15	6.275653E-17
5.500000E+03	9.242210E-15	6.559022E-17
5.510000E+03	9.190983E-15	6.810456E-17
5.520000E+03	9.142925E-15	7.029641E-17
5.530000E+03	9.097789E-15	7.217512E-17
5.540000E+03	9.055175E-15	7.375669E-17
5.550000E+03	9.014679E-15	7.506120E-17
5.560000E+03	8.975678E-15	7.610909E-17
5.570000E+03	8.937848E-15	7.692432E-17
5.580000E+03	8.900670E-15	7.752997E-17
5.590000E+03	8.863842E-15	7.795133E-17
5.600000E+03	8.827315E-15	7.821575E-17
5.610000E+03	8.791042E-15	7.834976E-17
5.620000E+03	8.755340E-15	7.838122E-17
5.630000E+03	8.720608E-15	7.833602E-17
5.640000E+03	8.687388E-15	7.823804E-17
5.650000E+03	8.656230E-15	7.810778E-17
5.660000E+03	8.627910E-15	7.796459E-17
5.670000E+03	8.603209E-15	7.782508E-17
5.680000E+03	8.582612E-15	7.770113E-17
5.690000E+03	8.566885E-15	7.760574E-17
5.700000E+03	8.556452E-15	7.754811E-17
5.710000E+03	8.551733E-15	7.753734E-17
5.720000E+03	8.553059E-15	7.758230E-17
5.730000E+03	8.560760E-15	7.769300E-17
5.740000E+03	8.574921E-15	7.787861E-17
5.750000E+03	8.595644E-15	7.814974E-17
5.760000E+03	8.623046E-15	7.851784E-17
5.770000E+03	8.657090E-15	7.899251E-17
5.780000E+03	8.697480E-15	7.957919E-17
5.790000E+03	8.744175E-15	8.028229E-17
5.800000E+03	8.796844E-15	8.109912E-17
5.810000E+03	8.854942E-15	8.201977E-17
5.820000E+03	8.917865E-15	8.302861E-17
5.830000E+03	8.984854E-15	8.410403E-17
5.840000E+03	9.055078E-15	8.522041E-17
5.850000E+03	9.127368E-15	8.634691E-17
5.860000E+03	9.200402E-15	8.745067E-17
5.870000E+03	9.273000E-15	8.850087E-17
5.880000E+03	9.343606E-15	8.946486E-17
5.890000E+03	9.410694E-15	9.031282E-17
5.900000E+03	9.472633E-15	9.101702E-17
5.910000E+03	9.527933E-15	9.155452E-17
5.920000E+03	9.575314E-15	9.190832E-17
5.930000E+03	9.613587E-15	9.206662E-17
5.940000E+03	9.641607E-15	9.202301E-17
5.950000E+03	9.658822E-15	9.178181E-17
5.960000E+03	9.664925E-15	9.135422E-17
5.970000E+03	9.659892E-15	9.075719E-17
5.980000E+03	9.644186E-15	9.001325E-17
5.990000E+03	9.618651E-15	8.914733E-17
6.000000E+03	9.584485E-15	8.818457E-17
6.010000E+03	9.543185E-15	8.714879E-17
6.020000E+03	9.496390E-15	8.606052E-17
6.030000E+03	9.445910E-15	8.493747E-17
6.040000E+03	9.393935E-15	8.379687E-17
6.050000E+03	9.342396E-15	8.265036E-17
6.060000E+03	9.293195E-15	8.150652E-17
6.070000E+03	9.248241E-15	8.037154E-17
6.080000E+03	9.209313E-15	7.924784E-17
6.090000E+03	9.178023E-15	7.813340E-17
6.100000E+03	9.155791E-15	7.702089E-17
6.110000E+03	9.143820E-15	7.589695E-17
6.120000E+03	9.143086E-15	7.474151E-17
6.130000E+03	9.154223E-15	7.352667E-17
6.140000E+03	9.177786E-15	7.221867E-17
6.150000E+03	9.213851E-15	7.077490E-17
6.160000E+03	9.262252E-15	6.914664E-17
6.170000E+03	9.322540E-15	6.728026E-17
6.180000E+03	9.393535E-15	6.511719E-17
6.190000E+03	9.473727E-15	6.260215E-17
6.200000E+03	9.561011E-15	5.968977E-17
6.210000E+03	9.652817E-15	5.635875E-17
6.220000E+03	9.745673E-15	5.263026E-17
6.230000E+03	9.835206E-15	4.860131E-17
6.240000E+03	9.916957E-15	4.449787E-17
6.250000E+03	9.985626E-15	4.073211E-17
6.260000E+03	1.003636E-14	3.794204E-17
6.270000E+03	1.006503E-14	3.687216E-17
6.280000E+03	1.006997E-14	3.794417E-17
6.290000E+03	1.005294E-14	4.082978E-17
6.300000E+03	1.001842E-14	4.480928E-17
6.310000E+03	9.971759E-15	4.923298E-17
6.320000E+03	9.918831E-15	5.366953E-17
6.330000E+03	9.865031E-15	5.787917E-17
6.340000E+03	9.815401E-15	6.175438E-17
6.350000E+03	9.774054E-15	6.526638E-17
6.360000E+03	9.744544E-15	6.843323E-17
6.370000E+03	9.729576E-15	7.129638E-17
6.380000E+03	9.731060E-15	7.390807E-17
6.390000E+03	9.750496E-15	7.632721E-17
6.400000E+03	9.788827E-15	7.861509E-17
6.410000E+03	9.846280E-15	8.083290E-17
6.420000E+03	9.922826E-15	8.304534E-17
6.430000E+03	1.001800E-14	8.531940E-17
6.440000E+03	1.013091E-14	8.772435E-17
6.450000E+03	1.026026E-14	9.033074E-17
6.460000E+03	1.040448E-14	9.320916E-17
6.470000E+03	1.056130E-14	9.642200E-17
6.480000E+03	1.072857E-14	1.000251E-16
6.490000E+03	1.090343E-14	1.040523E-16
6.500000E+03	1.108274E-14	1.085126E-16
6.510000E+03	1.126335E-14	1.133863E-16
6.520000E+03	1.144187E-14	1.186188E-16
6.530000E+03	1.161500E-14	1.241241E-16
6.540000E+03	1.177946E-14	1.297872E-16
6.550000E+03	1.193207E-14	1.354708E-16
6.560000E+03	1.206975E-14	1.410229E-16
6.570000E+03	1.218979E-14	1.462883E-16
6.580000E+03	1.228959E-14	1.511131E-16
6.590000E+03	1.236690E-14	1.553541E-16
6.600000E+03	1.241991E-14	1.588858E-16
6.610000E+03	1.244740E-14	1.616068E-16
6.620000E+03	1.244871E-14	1.634430E-16
6.630000E+03	1.242332E-14	1.643436E-16
6.640000E+03	1.237198E-14	1.642986E-16
6.650000E+03	1.229526E-14	1.633193E-16
6.660000E+03	1.219481E-14	1.614551E-16
6.670000E+03	1.207223E-14	1.587774E-16
6.680000E+03	1.192979E-14	1.553862E-16
6.690000E+03	1.176985E-14	1.514000E-16
6.700000E+03	1.159492E-14	1.469528E-16
6.710000E+03	1.140775E-14	1.421897E-16
6.720000E+03	1.121067E-14	1.372532E-16
6.730000E+03	1.100664E-14	1.322901E-16
6.740000E+03	1.079781E-14	1.274272E-16
6.750000E+03	1.058674E-14	1.227795E-16
6.760000E+03	1.037526E-14	1.184321E-16
6.770000E+03	1.016553E-14	1.144495E-16
6.780000E+03	9.959113E-15	1.108634E-16
6.790000E+03	9.757508E-15	1.076807E-16
6.800000E+03	9.562122E-15	1.048867E-16
6.810000E+03	9.373928E-15	1.024462E-16
6.820000E+03	9.193961E-15	1.003147E-16
6.830000E+03	9.022964E-15	9.844030E-17
6.840000E+03	8.861406E-15	9.676851E-17
6.850000E+03	8.709847E-15	9.525066E-17
6.860000E+03	8.568704E-15	9.384437E-17
6.870000E+03	8.437941E-15	9.251199E-17
6.880000E+03	8.317746E-15	9.122911E-17
6.890000E+03	8.208096E-15	8.997966E-17
6.900000E+03	8.108770E-15	8.875531E-17
6.910000E+03	8.019781E-15	8.755884E-17
6.920000E+03	7.940739E-15	8.639554E-17
6.930000E+03	7.871291E-15	8.527629E-17
6.940000E+03	7.811015E-15	8.421486E-17
6.950000E+03	7.759432E-15	8.322627E-17
6.960000E+03	7.716012E-15	8.232550E-17
6.970000E+03	7.680178E-15	8.152610E-17
6.980000E+03	7.651314E-15	8.083927E-17
6.990000E+03	7.628663E-15	8.027206E-17
7.000000E+03	7.611745E-15	7.983133E-17
7.010000E+03	7.599641E-15	7.951609E-17
7.020000E+03	7.591823E-15	7.932618E-17
7.030000E+03	7.587336E-15	7.925382E-17
7.040000E+03	7.585427E-15	7.929036E-17
7.050000E+03	7.585553E-15	7.942659E-17
7.060000E+03	7.586666E-15	7.964545E-17
7.070000E+03	7.588369E-15	7.993440E-17
7.080000E+03	7.589784E-15	8.027370E-17
7.090000E+03	7.590295E-15	8.064445E-17
7.100000E+03	7.589363E-15	8.102689E-17
7.110000E+03	7.586647E-15	8.140202E-17
7.120000E+03	7.581599E-15	8.174773E-17
7.130000E+03	7.574114E-15	8.204627E-17
7.140000E+03	7.564219E-15	8.228173E-17
7.150000E+03	7.551648E-15	8.243618E-17
7.160000E+03	7.536892E-15	8.250199E-17
7.170000E+03	7.519912E-15	8.246859E-17
7.180000E+03	7.501282E-15	8.233565E-17
7.190000E+03	7.481318E-15	8.210375E-17
7.200000E+03	7.460471E-15	8.177877E-17
7.210000E+03	7.439099E-15	8.136888E-17
7.220000E+03	7.417646E-15	8.088608E-17
7.230000E+03	7.396625E-15	8.034532E-17
7.240000E+03	7.376288E-15	7.976035E-17
7.250000E+03	7.356821E-15	7.914530E-17
7.260000E+03	7.338549E-15	7.851643E-17
7.270000E+03	7.321399E-15	7.788594E-17
7.280000E+03	7.305636E-15	7.726929E-17
7.290000E+03	7.291022E-15	7.667572E-17
7.300000E+03	7.277449E-15	7.611418E-17
7.310000E+03	7.264628E-15	7.558921E-17
7.320000E+03	7.252413E-15	7.510340E-17
7.330000E+03	7.240398E-15	7.465264E-17
7.340000E+03	7.228246E-15	7.422941E-17
7.350000E+03	7.215503E-15	7.382153E-17
7.360000E+03	7.201714E-15	7.341479E-17
7.370000E+03	7.186658E-15	7.299714E-17
7.380000E+03	7.169837E-15	7.255557E-17
7.390000E+03	7.151215E-15	7.208558E-17
7.400000E+03	7.130290E-15	7.158303E-17
7.410000E+03	7.107132E-15	7.105519E-17
7.420000E+03	7.081453E-15	7.051078E-17
7.430000E+03	7.053323E-15	6.996556E-17
7.440000E+03	7.022654E-15	6.943472E-17
7.450000E+03	6.989604E-15	6.893390E-17
7.460000E+03	6.954264E-15	6.847328E-17
7.470000E+03	6.916757E-15	6.805626E-17
7.480000E+03	6.877228E-15	6.767812E-17
7.490000E+03	6.835840E-15	6.732582E-17
7.500000E+03	6.792967E-15	6.698074E-17
7.510000E+03	6.748587E-15	6.661407E-17
7.520000E+03	6.703085E-15	6.619630E-17
7.530000E+03	6.656650E-15	6.569259E-17
7.540000E+03	6.609482E-15	6.506593E-17
7.550000E+03	6.561989E-15	6.428030E-17
7.560000E+03	6.514197E-15	6.329620E-17
7.570000E+03	6.466445E-15	6.207913E-17
7.580000E+03	6.419086E-15	6.059845E-17
7.590000E+03	6.372399E-15	5.882850E-17
7.600000E+03	6.326681E-15	5.675162E-17
7.610000E+03	6.282356E-15	5.436107E-17
7.620000E+03	6.239682E-15	5.166085E-17
7.630000E+03	6.199134E-15	4.867202E-17
7.640000E+03	6.161023E-15	4.543359E-17
7.650000E+03	6.125960E-15	4.201269E-17
7.660000E+03	6.094293E-15	3.851018E-17
7.670000E+03	6.066476E-15	3.507836E-17
7.680000E+03	6.043074E-15	3.193899E-17
7.690000E+03	6.024481E-15	2.939283E-17
7.700000E+03	6.011172E-15	2.779338E-17
7.710000E+03	6.003623E-15	2.742976E-17
7.720000E+03	6.001695E-15	2.832131E-17
7.730000E+03	6.004986E-15	3.019814E-17
7.740000E+03	6.012805E-15	3.270342E-17
7.750000E+03	6.024569E-15	3.553163E-17
7.760000E+03	6.039744E-15	3.846687E-17
7.770000E+03	6.057936E-15	4.137259E-17
7.780000E+03	6.078510E-15	4.416644E-17
7.790000E+03	6.101149E-15	4.680473E-17
7.800000E+03	6.125468E-15	4.926621E-17
7.810000E+03	6.151001E-15	5.154291E-17
7.820000E+03	6.177387E-15	5.363595E-17
7.830000E+03	6.204266E-15	5.555138E-17
7.840000E+03	6.231277E-15	5.729802E-17
7.850000E+03	6.257957E-15	5.888528E-17
7.860000E+03	6.283934E-15	6.032410E-17
7.870000E+03	6.308840E-15	6.162560E-17
7.880000E+03	6.332305E-15	6.280065E-17
7.890000E+03	6.353873E-15	6.385852E-17
7.900000E+03	6.373203E-15	6.480864E-17
7.910000E+03	6.389985E-15	6.565957E-17
7.920000E+03	6.403839E-15	6.641790E-17
7.930000E+03	6.414638E-15	6.709168E-17
7.940000E+03	6.422093E-15	6.768629E-17
7.950000E+03	6.426178E-15	6.820920E-17
7.960000E+03	6.426711E-15	6.866580E-17
7.970000E+03	6.423883E-15	6.906519E-17
7.980000E+03	6.417616E-15	6.941355E-17
7.990000E+03	6.407988E-15	6.971858E-17
8.000000E+03	6.395120E-15	6.998818E-17
8.010000E+03	6.379065E-15	7.022905E-17
8.020000E+03	6.360125E-15	7.044989E-17
8.030000E+03	6.338520E-15	7.065772E-17
8.040000E+03	6.314496E-15	7.085880E-17
8.050000E+03	6.288318E-15	7.105852E-17
8.060000E+03	6.260375E-15	7.126253E-17
8.070000E+03	6.230854E-15	7.147294E-17
8.080000E+03	6.200164E-15	7.169309E-17
8.090000E+03	6.168721E-15	7.192508E-17
8.100000E+03	6.136834E-15	7.216851E-17
8.110000E+03	6.104702E-15	7.242060E-17
8.120000E+03	6.072835E-15	7.268136E-17
8.130000E+03	6.041410E-15	7.294639E-17
8.140000E+03	6.010796E-15	7.321343E-17
8.150000E+03	5.981237E-15	7.347883E-17
8.160000E+03	5.952844E-15	7.373769E-17
8.170000E+03	5.926016E-15	7.398927E-17
8.180000E+03	5.900805E-15	7.422936E-17
8.190000E+03	5.877446E-15	7.445688E-17
8.200000E+03	5.855934E-15	7.466887E-17
8.210000E+03	5.836443E-15	7.486584E-17
8.220000E+03	5.819021E-15	7.504792E-17
8.230000E+03	5.803583E-15	7.521482E-17
8.240000E+03	5.790236E-15	7.536983E-17
8.250000E+03	5.778857E-15	7.551431E-17
8.260000E+03	5.769518E-15	7.565301E-17
8.270000E+03	5.762273E-15	7.579115E-17
8.280000E+03	5.756747E-15	7.592879E-17
8.290000E+03	5.753179E-15	7.607440E-17
8.300000E+03	5.751275E-15	7.622959E-17
8.310000E+03	5.750939E-15	7.639857E-17
8.320000E+03	5.752173E-15	7.658675E-17
8.330000E+03	5.754870E-15	7.679779E-17
8.340000E+03	5.758809E-15	7.703349E-17
8.350000E+03	5.763878E-15	7.729660E-17
8.360000E+03	5.769959E-15	7.758934E-17
8.370000E+03	5.777051E-15	7.791480E-17
8.380000E+03	5.784934E-15	7.827258E-17
8.390000E+03	5.793397E-15	7.866154E-17
8.400000E+03	5.802554E-15	7.908435E-17
8.410000E+03	5.812092E-15	7.953699E-17
8.420000E+03	5.821915E-15	8.001774E-17
8.430000E+03	5.832156E-15	8.052721E-17
8.440000E+03	5.842392E-15	8.105769E-17
8.450000E+03	5.852759E-15	8.160846E-17
8.460000E+03	5.863172E-15	8.217508E-17
8.470000E+03	5.873317E-15	8.274930E-17
8.480000E+03	5.883220E-15	8.332706E-17
8.490000E+03	5.892793E-15	8.390237E-17
8.500000E+03	5.901832E-15	8.446742E-17
8.510000E+03	5.910364E-15	8.501780E-17
8.520000E+03	5.918187E-15	8.554624E-17
8.530000E+03	5.925332E-15	8.604965E-17
8.540000E+03	5.931486E-15	8.652090E-17
8.550000E+03	5.936688E-15	8.695920E-17
8.560000E+03	5.940868E-15	8.736330E-17
8.570000E+03	5.943966E-15	8.773318E-17
8.580000E+03	5.945809E-15	8.806800E-17
8.590000E+03	5.946355E-15	8.836943E-17
8.600000E+03	5.945448E-15	8.863779E-17
8.610000E+03	5.943303E-15	8.887902E-17
8.620000E+03	5.939665E-15	8.909195E-17
8.630000E+03	5.934525E-15	8.927891E-17
8.640000E+03	5.927884E-15	8.944201E-17
8.650000E+03	5.919745E-15	8.958317E-17
8.660000E+03	5.910001E-15	8.970225E-17
8.670000E+03	5.898666E-15	8.980073E-17
8.680000E+03	5.885763E-15	8.987993E-17
8.690000E+03	5.871317E-15	8.994105E-17
8.700000E+03	5.855114E-15	8.998142E-17
8.710000E+03	5.837309E-15	9.000385E-17
8.720000E+03	5.817819E-15	9.000725E-17
8.730000E+03	5.796684E-15	8.999233E-17
8.740000E+03	5.773951E-15	8.995969E-17
8.750000E+03	5.749425E-15	8.990604E-17
8.760000E+03	5.723160E-15	8.983193E-17
8.770000E+03	5.695215E-15	8.973796E-17
8.780000E+03	5.665650E-15	8.962485E-17
8.790000E+03	5.634287E-15	8.948959E-17
8.800000E+03	5.601197E-15	8.933314E-17
8.810000E+03	5.566333E-15	8.915461E-17
8.820000E+03	5.529897E-15	8.895708E-17
8.830000E+03	5.491853E-15	8.873972E-17
8.840000E+03	5.452292E-15	8.850363E-17
8.850000E+03	5.411432E-15	8.825178E-17
8.860000E+03	5.369495E-15	8.798703E-17
8.870000E+03	5.326585E-15	8.771007E-17
8.880000E+03	5.283052E-15	8.742539E-17
8.890000E+03	5.239004E-15	8.713323E-17
8.900000E+03	5.194791E-15	8.683765E-17
8.910000E+03	5.150521E-15	8.653846E-17
8.920000E+03	5.106420E-15	8.623732E-17
8.930000E+03	5.062710E-15	8.593586E-17
8.940000E+03	5.019484E-15	8.563362E-17
8.950000E+03	4.976953E-15	8.533238E-17
8.960000E+03	4.935440E-15	8.503630E-17
8.970000E+03	4.894769E-15	8.474147E-17
8.980000E+03	4.855239E-15	8.445290E-17
8.990000E+03	4.817018E-15	8.417398E-17
9.000000E+03	4.779886E-15	8.390215E-17
9.040000E+03	4.645290E-15	8.298374E-17
9.080000E+03	4.532438E-15	8.246953E-17
9.120000E+03	4.438686E-15	8.251382E-17
9.160000E+03	4.359748E-15	8.324595E-17
9.200000E+03	4.290734E-15	8.480172E-17
9.240000E+03	4.227361E-15	8.727864E-17
9.280000E+03	4.166897E-15	9.058695E-17
9.320000E+03	4.109158E-15	9.438123E-17
9.360000E+03	4.055363E-15	9.817231E-17
9.400000E+03	4.006506E-15	1.015534E-16
9.440000E+03	3.963452E-15	1.043644E-16
9.480000E+03	3.925972E-15	1.066531E-16
9.520000E+03	3.893481E-15	1.085994E-16
9.560000E+03	3.864386E-15	1.103954E-16
9.600000E+03	3.836646E-15	1.121466E-16
9.640000E+03	3.807878E-15	1.138131E-16
9.680000E+03	3.776213E-15	1.153122E-16
9.720000E+03	3.740531E-15	1.166172E-16
9.760000E+03	3.701586E-15	1.178280E-16
9.800000E+03	3.659943E-15	1.191251E-16
9.840000E+03	3.616486E-15	1.208061E-16
9.880000E+03	3.572171E-15	1.233028E-16
9.920000E+03	3.527740E-15	1.271776E-16
9.960000E+03	3.483709E-15	1.330812E-16
1.000000E+04	3.439628E-15	1.416128E-16
1.004000E+04	3.396006E-15	1.532273E-16
1.008000E+04	3.352230E-15	1.680136E-16
1.012000E+04	3.308358E-15	1.857452E-16
1.016000E+04	3.263718E-15	2.059149E-16
1.020000E+04	3.218480E-15	2.279694E-16
1.024000E+04	3.172649E-15	2.513652E-16
1.028000E+04	3.126017E-15	2.756019E-16
1.032000E+04	3.078402E-15	3.002437E-16
