#wls	flux	fluxerr
1.600000E+03	6.741227E-15	7.701556E-16
1.640000E+03	6.856786E-15	7.110247E-16
1.680000E+03	6.972172E-15	6.502474E-16
1.720000E+03	7.088660E-15	5.882652E-16
1.760000E+03	7.208804E-15	5.256237E-16
1.800000E+03	7.330213E-15	4.625364E-16
1.840000E+03	7.455144E-15	3.996717E-16
1.880000E+03	7.584130E-15	3.377036E-16
1.920000E+03	7.714069E-15	2.774376E-16
1.960000E+03	7.845049E-15	2.203926E-16
2.000000E+03	7.968974E-15	1.689684E-16
2.040000E+03	8.077745E-15	1.278639E-16
2.080000E+03	8.160758E-15	1.041657E-16
2.120000E+03	8.209525E-15	9.945217E-17
2.160000E+03	8.237110E-15	1.023070E-16
2.200000E+03	8.260154E-15	1.040574E-16
2.240000E+03	8.287072E-15	1.063347E-16
2.280000E+03	8.322631E-15	1.156938E-16
2.320000E+03	8.377555E-15	1.324161E-16
2.360000E+03	8.458224E-15	1.503227E-16
2.400000E+03	8.574228E-15	1.638113E-16
2.440000E+03	8.725489E-15	1.690981E-16
2.480000E+03	8.908632E-15	1.639909E-16
2.520000E+03	9.112764E-15	1.480422E-16
2.560000E+03	9.315260E-15	1.244923E-16
2.600000E+03	9.483165E-15	1.062956E-16
2.640000E+03	9.579509E-15	1.171346E-16
2.680000E+03	9.603906E-15	1.574489E-16
2.720000E+03	9.587402E-15	2.085582E-16
2.760000E+03	9.556112E-15	2.599447E-16
2.800000E+03	9.526972E-15	3.073292E-16
2.840000E+03	9.508051E-15	3.487548E-16
2.880000E+03	9.497102E-15	3.829390E-16
2.920000E+03	9.495780E-15	4.092161E-16
2.960000E+03	9.501268E-15	4.270356E-16
3.000000E+03	9.514622E-15	4.362310E-16
3.010000E+03	9.518476E-15	4.371434E-16
3.020000E+03	9.524123E-15	4.375761E-16
3.030000E+03	9.529864E-15	4.374530E-16
3.040000E+03	9.536581E-15	4.368173E-16
3.050000E+03	9.543465E-15	4.356353E-16
3.060000E+03	9.551396E-15	4.339511E-16
3.070000E+03	9.560412E-15	4.317706E-16
3.080000E+03	9.570558E-15	4.291005E-16
3.090000E+03	9.581069E-15	4.259119E-16
3.100000E+03	9.593639E-15	4.222858E-16
3.110000E+03	9.607511E-15	4.181941E-16
3.120000E+03	9.621958E-15	4.136117E-16
3.130000E+03	9.638664E-15	4.086180E-16
3.140000E+03	9.656910E-15	4.031885E-16
3.150000E+03	9.676792E-15	3.973342E-16
3.160000E+03	9.698412E-15	3.910668E-16
3.170000E+03	9.722658E-15	3.844291E-16
3.180000E+03	9.748861E-15	3.774012E-16
3.190000E+03	9.777916E-15	3.700252E-16
3.200000E+03	9.809942E-15	3.623118E-16
3.210000E+03	9.844304E-15	3.542445E-16
3.220000E+03	9.881900E-15	3.458637E-16
3.230000E+03	9.923621E-15	3.372064E-16
3.240000E+03	9.968087E-15	3.282317E-16
3.250000E+03	1.001694E-14	3.190015E-16
3.260000E+03	1.007029E-14	3.095247E-16
3.270000E+03	1.012750E-14	2.997879E-16
3.280000E+03	1.018942E-14	2.898238E-16
3.290000E+03	1.025536E-14	2.796210E-16
3.300000E+03	1.032684E-14	2.692297E-16
3.310000E+03	1.040382E-14	2.586566E-16
3.320000E+03	1.048549E-14	2.478916E-16
3.330000E+03	1.057242E-14	2.369628E-16
3.340000E+03	1.066435E-14	2.258812E-16
3.350000E+03	1.076089E-14	2.146619E-16
3.360000E+03	1.086223E-14	2.033394E-16
3.370000E+03	1.096767E-14	1.919405E-16
3.380000E+03	1.107626E-14	1.805052E-16
3.390000E+03	1.118828E-14	1.691135E-16
3.400000E+03	1.130080E-14	1.578238E-16
3.410000E+03	1.141271E-14	1.467641E-16
3.420000E+03	1.152326E-14	1.361142E-16
3.430000E+03	1.162907E-14	1.260819E-16
3.440000E+03	1.172776E-14	1.169590E-16
3.450000E+03	1.181572E-14	1.090905E-16
3.460000E+03	1.189028E-14	1.028663E-16
3.470000E+03	1.194622E-14	9.861611E-17
3.480000E+03	1.197937E-14	9.652299E-17
3.490000E+03	1.198555E-14	9.649649E-17
3.500000E+03	1.196190E-14	9.818453E-17
3.510000E+03	1.191047E-14	1.010955E-16
3.520000E+03	1.183332E-14	1.047029E-16
3.530000E+03	1.173478E-14	1.085651E-16
3.540000E+03	1.161954E-14	1.123503E-16
3.550000E+03	1.149169E-14	1.158304E-16
3.560000E+03	1.135517E-14	1.188697E-16
3.570000E+03	1.121305E-14	1.213974E-16
3.580000E+03	1.106975E-14	1.234126E-16
3.590000E+03	1.092702E-14	1.249249E-16
3.600000E+03	1.078735E-14	1.259794E-16
3.610000E+03	1.065283E-14	1.266342E-16
3.620000E+03	1.052516E-14	1.269540E-16
3.630000E+03	1.040569E-14	1.270046E-16
3.640000E+03	1.029454E-14	1.268389E-16
3.650000E+03	1.019342E-14	1.265273E-16
3.660000E+03	1.010198E-14	1.261118E-16
3.670000E+03	1.002100E-14	1.256430E-16
3.680000E+03	9.950192E-15	1.251530E-16
3.690000E+03	9.889576E-15	1.246708E-16
3.700000E+03	9.838638E-15	1.242128E-16
3.710000E+03	9.797171E-15	1.237934E-16
3.720000E+03	9.765253E-15	1.234250E-16
3.730000E+03	9.741799E-15	1.231006E-16
3.740000E+03	9.726450E-15	1.228189E-16
3.750000E+03	9.718826E-15	1.225753E-16
3.760000E+03	9.718540E-15	1.223641E-16
3.770000E+03	9.724870E-15	1.221749E-16
3.780000E+03	9.737451E-15	1.220030E-16
3.790000E+03	9.755924E-15	1.218449E-16
3.800000E+03	9.779629E-15	1.216954E-16
3.810000E+03	9.808248E-15	1.215551E-16
3.820000E+03	9.841171E-15	1.214218E-16
3.830000E+03	9.878118E-15	1.212972E-16
3.840000E+03	9.918818E-15	1.211818E-16
3.850000E+03	9.963005E-15	1.210742E-16
3.860000E+03	1.000985E-14	1.209634E-16
3.870000E+03	1.005940E-14	1.208470E-16
3.880000E+03	1.011140E-14	1.207172E-16
3.890000E+03	1.016507E-14	1.205590E-16
3.900000E+03	1.022017E-14	1.203645E-16
3.910000E+03	1.027675E-14	1.201306E-16
3.920000E+03	1.033404E-14	1.198467E-16
3.930000E+03	1.039208E-14	1.195142E-16
3.940000E+03	1.045012E-14	1.191287E-16
3.950000E+03	1.050796E-14	1.186944E-16
3.960000E+03	1.056565E-14	1.182205E-16
3.970000E+03	1.062250E-14	1.177089E-16
3.980000E+03	1.067836E-14	1.171678E-16
3.990000E+03	1.073309E-14	1.166058E-16
4.000000E+03	1.078662E-14	1.160309E-16
4.010000E+03	1.083842E-14	1.154459E-16
4.020000E+03	1.088876E-14	1.148614E-16
4.030000E+03	1.093722E-14	1.142796E-16
4.040000E+03	1.098440E-14	1.137116E-16
4.050000E+03	1.102976E-14	1.131548E-16
4.060000E+03	1.107394E-14	1.126152E-16
4.070000E+03	1.111671E-14	1.120854E-16
4.080000E+03	1.115829E-14	1.115574E-16
4.090000E+03	1.119891E-14	1.110171E-16
4.100000E+03	1.123859E-14	1.104414E-16
4.110000E+03	1.127759E-14	1.098035E-16
4.120000E+03	1.131620E-14	1.090714E-16
4.130000E+03	1.135474E-14	1.082094E-16
4.140000E+03	1.139320E-14	1.071761E-16
4.150000E+03	1.143247E-14	1.059392E-16
4.160000E+03	1.147266E-14	1.044609E-16
4.170000E+03	1.151459E-14	1.027129E-16
4.180000E+03	1.155865E-14	1.006676E-16
4.190000E+03	1.160542E-14	9.830275E-17
4.200000E+03	1.165538E-14	9.559912E-17
4.210000E+03	1.170900E-14	9.254162E-17
4.220000E+03	1.176590E-14	8.911451E-17
4.230000E+03	1.182611E-14	8.531755E-17
4.240000E+03	1.188860E-14	8.116426E-17
4.250000E+03	1.195177E-14	7.670264E-17
4.260000E+03	1.201419E-14	7.204315E-17
4.270000E+03	1.207276E-14	6.737812E-17
4.280000E+03	1.212457E-14	6.302775E-17
4.290000E+03	1.216536E-14	5.945020E-17
4.300000E+03	1.219162E-14	5.720869E-17
4.310000E+03	1.219944E-14	5.678989E-17
4.320000E+03	1.218728E-14	5.829275E-17
4.330000E+03	1.215594E-14	6.134493E-17
4.340000E+03	1.210754E-14	6.540003E-17
4.350000E+03	1.204391E-14	6.995170E-17
4.360000E+03	1.196754E-14	7.461668E-17
4.370000E+03	1.188065E-14	7.912102E-17
4.380000E+03	1.178514E-14	8.326665E-17
4.390000E+03	1.168304E-14	8.692148E-17
4.400000E+03	1.157631E-14	9.000983E-17
4.410000E+03	1.146669E-14	9.250169E-17
4.420000E+03	1.135637E-14	9.440938E-17
4.430000E+03	1.124662E-14	9.576819E-17
4.440000E+03	1.113943E-14	9.664188E-17
4.450000E+03	1.103598E-14	9.710229E-17
4.460000E+03	1.093746E-14	9.722883E-17
4.470000E+03	1.084466E-14	9.709912E-17
4.480000E+03	1.075829E-14	9.678646E-17
4.490000E+03	1.067866E-14	9.635346E-17
4.500000E+03	1.060585E-14	9.585163E-17
4.510000E+03	1.053958E-14	9.531981E-17
4.520000E+03	1.047983E-14	9.479040E-17
4.530000E+03	1.042618E-14	9.428437E-17
4.540000E+03	1.037797E-14	9.381457E-17
4.550000E+03	1.033480E-14	9.339127E-17
4.560000E+03	1.029615E-14	9.301982E-17
4.570000E+03	1.026165E-14	9.270418E-17
4.580000E+03	1.023071E-14	9.244396E-17
4.590000E+03	1.020325E-14	9.224094E-17
4.600000E+03	1.017899E-14	9.209343E-17
4.610000E+03	1.015761E-14	9.199793E-17
4.620000E+03	1.013927E-14	9.195444E-17
4.630000E+03	1.012410E-14	9.196239E-17
4.640000E+03	1.011202E-14	9.202034E-17
4.650000E+03	1.010355E-14	9.213370E-17
4.660000E+03	1.009859E-14	9.230491E-17
4.670000E+03	1.009786E-14	9.254655E-17
4.680000E+03	1.010134E-14	9.286772E-17
4.690000E+03	1.010977E-14	9.328764E-17
4.700000E+03	1.012325E-14	9.382283E-17
4.710000E+03	1.014211E-14	9.449449E-17
4.720000E+03	1.016690E-14	9.532787E-17
4.730000E+03	1.019773E-14	9.634561E-17
4.740000E+03	1.023488E-14	9.757231E-17
4.750000E+03	1.027839E-14	9.902960E-17
4.760000E+03	1.032806E-14	1.007342E-16
4.770000E+03	1.038391E-14	1.027001E-16
4.780000E+03	1.044544E-14	1.049291E-16
4.790000E+03	1.051208E-14	1.074124E-16
4.800000E+03	1.058310E-14	1.101274E-16
4.810000E+03	1.065758E-14	1.130353E-16
4.820000E+03	1.073448E-14	1.160818E-16
4.830000E+03	1.081259E-14	1.191977E-16
4.840000E+03	1.089062E-14	1.223019E-16
4.850000E+03	1.096718E-14	1.253061E-16
4.860000E+03	1.104088E-14	1.281188E-16
4.870000E+03	1.111019E-14	1.306493E-16
4.880000E+03	1.117401E-14	1.328182E-16
4.890000E+03	1.123087E-14	1.345517E-16
4.900000E+03	1.127968E-14	1.357930E-16
4.910000E+03	1.131966E-14	1.365042E-16
4.920000E+03	1.135010E-14	1.366643E-16
4.930000E+03	1.137058E-14	1.362714E-16
4.940000E+03	1.138089E-14	1.353422E-16
4.950000E+03	1.138099E-14	1.339093E-16
4.960000E+03	1.137133E-14	1.320234E-16
4.970000E+03	1.135259E-14	1.297487E-16
4.980000E+03	1.132530E-14	1.271553E-16
4.990000E+03	1.129058E-14	1.243264E-16
5.000000E+03	1.124914E-14	1.213441E-16
5.010000E+03	1.120223E-14	1.182960E-16
5.020000E+03	1.115081E-14	1.152630E-16
5.030000E+03	1.109567E-14	1.123163E-16
5.040000E+03	1.103777E-14	1.095172E-16
5.050000E+03	1.097786E-14	1.069099E-16
5.060000E+03	1.091652E-14	1.045207E-16
5.070000E+03	1.085461E-14	1.023624E-16
5.080000E+03	1.079259E-14	1.004308E-16
5.090000E+03	1.073093E-14	9.871101E-17
5.100000E+03	1.067052E-14	9.718624E-17
5.110000E+03	1.061171E-14	9.583172E-17
5.120000E+03	1.055504E-14	9.462521E-17
5.130000E+03	1.050113E-14	9.354743E-17
5.140000E+03	1.045044E-14	9.258052E-17
5.150000E+03	1.040333E-14	9.170863E-17
5.160000E+03	1.035994E-14	9.091595E-17
5.170000E+03	1.032062E-14	9.018935E-17
5.180000E+03	1.028514E-14	8.951085E-17
5.190000E+03	1.025358E-14	8.886467E-17
5.200000E+03	1.022559E-14	8.823074E-17
5.210000E+03	1.020085E-14	8.758876E-17
5.220000E+03	1.017908E-14	8.691879E-17
5.230000E+03	1.015977E-14	8.619894E-17
5.240000E+03	1.014252E-14	8.540817E-17
5.250000E+03	1.012704E-14	8.452589E-17
5.260000E+03	1.011284E-14	8.352856E-17
5.270000E+03	1.009955E-14	8.239134E-17
5.280000E+03	1.008693E-14	8.108721E-17
5.290000E+03	1.007459E-14	7.958494E-17
5.300000E+03	1.006206E-14	7.784962E-17
5.310000E+03	1.004890E-14	7.584586E-17
5.320000E+03	1.003476E-14	7.354047E-17
5.330000E+03	1.001903E-14	7.090432E-17
5.340000E+03	1.000126E-14	6.792125E-17
5.350000E+03	9.980750E-15	6.459360E-17
5.360000E+03	9.956901E-15	6.095626E-17
5.370000E+03	9.929201E-15	5.709333E-17
5.380000E+03	9.896974E-15	5.315873E-17
5.390000E+03	9.859821E-15	4.940458E-17
5.400000E+03	9.817180E-15	4.619597E-17
5.410000E+03	9.769105E-15	4.399025E-17
5.420000E+03	9.715695E-15	4.321178E-17
5.430000E+03	9.657869E-15	4.400129E-17
5.440000E+03	9.596893E-15	4.608598E-17
5.450000E+03	9.534452E-15	4.901164E-17
5.460000E+03	9.471703E-15	5.234929E-17
5.470000E+03	9.410015E-15	5.578182E-17
5.480000E+03	9.350161E-15	5.910214E-17
5.490000E+03	9.293046E-15	6.219172E-17
5.500000E+03	9.238932E-15	6.498824E-17
5.510000E+03	9.188098E-15	6.746796E-17
5.520000E+03	9.140488E-15	6.962836E-17
5.530000E+03	9.095839E-15	7.147903E-17
5.540000E+03	9.053734E-15	7.303594E-17
5.550000E+03	9.013752E-15	7.431891E-17
5.560000E+03	8.975251E-15	7.534801E-17
5.570000E+03	8.937888E-15	7.614679E-17
5.580000E+03	8.901130E-15	7.673795E-17
5.590000E+03	8.864663E-15	7.714648E-17
5.600000E+03	8.828429E-15	7.739959E-17
5.610000E+03	8.792379E-15	7.752372E-17
5.620000E+03	8.756832E-15	7.754669E-17
5.630000E+03	8.722196E-15	7.749437E-17
5.640000E+03	8.689020E-15	7.739052E-17
5.650000E+03	8.657869E-15	7.725556E-17
5.660000E+03	8.629534E-15	7.710863E-17
5.670000E+03	8.604804E-15	7.696611E-17
5.680000E+03	8.584177E-15	7.683968E-17
5.690000E+03	8.568426E-15	7.674210E-17
5.700000E+03	8.557981E-15	7.668235E-17
5.710000E+03	8.553264E-15	7.666935E-17
5.720000E+03	8.554608E-15	7.671184E-17
5.730000E+03	8.562344E-15	7.681977E-17
5.740000E+03	8.576560E-15	7.700240E-17
5.750000E+03	8.597359E-15	7.727056E-17
5.760000E+03	8.624862E-15	7.763600E-17
5.770000E+03	8.659035E-15	7.810873E-17
5.780000E+03	8.699593E-15	7.869458E-17
5.790000E+03	8.746496E-15	7.939827E-17
5.800000E+03	8.799422E-15	8.021728E-17
5.810000E+03	8.857832E-15	8.114171E-17
5.820000E+03	8.921126E-15	8.215574E-17
5.830000E+03	8.988546E-15	8.323745E-17
5.840000E+03	9.059263E-15	8.436081E-17
5.850000E+03	9.132104E-15	8.549457E-17
5.860000E+03	9.205743E-15	8.660547E-17
5.870000E+03	9.278989E-15	8.766228E-17
5.880000E+03	9.350276E-15	8.863208E-17
5.890000E+03	9.418060E-15	8.948478E-17
5.900000E+03	9.480693E-15	9.019243E-17
5.910000E+03	9.536664E-15	9.073194E-17
5.920000E+03	9.584675E-15	9.108612E-17
5.930000E+03	9.623513E-15	9.124307E-17
5.940000E+03	9.652016E-15	9.119641E-17
5.950000E+03	9.669613E-15	9.095062E-17
5.960000E+03	9.675985E-15	9.051733E-17
5.970000E+03	9.671099E-15	8.991401E-17
5.980000E+03	9.655412E-15	8.916380E-17
5.990000E+03	9.629772E-15	8.829217E-17
6.000000E+03	9.595382E-15	8.732471E-17
6.010000E+03	9.553750E-15	8.628550E-17
6.020000E+03	9.506530E-15	8.519522E-17
6.030000E+03	9.455544E-15	8.407164E-17
6.040000E+03	9.402999E-15	8.293195E-17
6.050000E+03	9.350841E-15	8.178778E-17
6.060000E+03	9.300985E-15	8.064776E-17
6.070000E+03	9.255353E-15	7.951817E-17
6.080000E+03	9.215733E-15	7.840162E-17
6.090000E+03	9.183747E-15	7.729630E-17
6.100000E+03	9.160823E-15	7.619518E-17
6.110000E+03	9.148171E-15	7.508519E-17
6.120000E+03	9.146774E-15	7.394659E-17
6.130000E+03	9.157274E-15	7.275182E-17
6.140000E+03	9.180236E-15	7.146746E-17
6.150000E+03	9.215747E-15	7.005124E-17
6.160000E+03	9.263658E-15	6.845470E-17
6.170000E+03	9.323536E-15	6.662439E-17
6.180000E+03	9.394222E-15	6.450171E-17
6.190000E+03	9.474225E-15	6.203114E-17
6.200000E+03	9.561457E-15	5.916669E-17
6.210000E+03	9.653358E-15	5.588600E-17
6.220000E+03	9.746455E-15	5.220854E-17
6.230000E+03	9.836354E-15	4.822889E-17
6.240000E+03	9.918547E-15	4.416981E-17
6.250000E+03	9.987655E-15	4.043975E-17
6.260000E+03	1.003872E-14	3.767337E-17
6.270000E+03	1.006748E-14	3.661350E-17
6.280000E+03	1.007221E-14	3.768021E-17
6.290000E+03	1.005471E-14	4.054587E-17
6.300000E+03	1.001957E-14	4.449183E-17
6.310000E+03	9.972272E-15	4.887157E-17
6.320000E+03	9.918756E-15	5.325767E-17
6.330000E+03	9.864479E-15	5.741384E-17
6.340000E+03	9.814518E-15	6.123524E-17
6.350000E+03	9.772997E-15	6.469494E-17
6.360000E+03	9.743471E-15	6.781197E-17
6.370000E+03	9.728636E-15	7.062815E-17
6.380000E+03	9.730389E-15	7.319562E-17
6.390000E+03	9.750215E-15	7.557288E-17
6.400000E+03	9.789045E-15	7.782075E-17
6.410000E+03	9.847094E-15	8.000007E-17
6.420000E+03	9.924327E-15	8.217542E-17
6.430000E+03	1.002027E-14	8.441397E-17
6.440000E+03	1.013401E-14	8.678558E-17
6.450000E+03	1.026426E-14	8.936180E-17
6.460000E+03	1.040944E-14	9.221460E-17
6.470000E+03	1.056724E-14	9.540804E-17
6.480000E+03	1.073552E-14	9.899959E-17
6.490000E+03	1.091138E-14	1.030246E-16
6.500000E+03	1.109168E-14	1.074931E-16
6.510000E+03	1.127325E-14	1.123853E-16
6.520000E+03	1.145269E-14	1.176461E-16
6.530000E+03	1.162669E-14	1.231880E-16
6.540000E+03	1.179196E-14	1.288940E-16
6.550000E+03	1.194530E-14	1.346240E-16
6.560000E+03	1.208365E-14	1.402238E-16
6.570000E+03	1.220427E-14	1.455357E-16
6.580000E+03	1.230456E-14	1.504037E-16
6.590000E+03	1.238227E-14	1.546830E-16
6.600000E+03	1.243555E-14	1.582467E-16
6.610000E+03	1.246321E-14	1.609926E-16
6.620000E+03	1.246459E-14	1.628456E-16
6.630000E+03	1.243913E-14	1.637549E-16
6.640000E+03	1.238763E-14	1.637102E-16
6.650000E+03	1.231065E-14	1.627231E-16
6.660000E+03	1.220986E-14	1.608435E-16
6.670000E+03	1.208688E-14	1.581435E-16
6.680000E+03	1.194400E-14	1.547241E-16
6.690000E+03	1.178358E-14	1.507051E-16
6.700000E+03	1.160816E-14	1.462221E-16
6.710000E+03	1.142051E-14	1.414219E-16
6.720000E+03	1.122295E-14	1.364490E-16
6.730000E+03	1.101847E-14	1.314523E-16
6.740000E+03	1.080923E-14	1.265605E-16
6.750000E+03	1.059778E-14	1.218904E-16
6.760000E+03	1.038596E-14	1.175285E-16
6.770000E+03	1.017593E-14	1.135397E-16
6.780000E+03	9.969259E-15	1.099558E-16
6.790000E+03	9.767436E-15	1.067832E-16
6.800000E+03	9.571871E-15	1.040059E-16
6.810000E+03	9.383535E-15	1.015873E-16
6.820000E+03	9.203460E-15	9.948128E-17
6.830000E+03	9.032387E-15	9.763413E-17
6.840000E+03	8.870785E-15	9.598987E-17
6.850000E+03	8.719211E-15	9.449848E-17
6.860000E+03	8.578081E-15	9.311644E-17
6.870000E+03	8.447357E-15	9.180536E-17
6.880000E+03	8.327226E-15	9.054036E-17
6.890000E+03	8.217665E-15	8.930525E-17
6.900000E+03	8.118451E-15	8.809178E-17
6.910000E+03	8.029597E-15	8.690300E-17
6.920000E+03	7.950713E-15	8.574465E-17
6.930000E+03	7.881441E-15	8.462811E-17
6.940000E+03	7.821361E-15	8.356767E-17
6.950000E+03	7.769992E-15	8.257897E-17
6.960000E+03	7.726801E-15	8.167749E-17
6.970000E+03	7.691211E-15	8.087730E-17
6.980000E+03	7.662603E-15	8.018997E-17
6.990000E+03	7.640218E-15	7.962290E-17
7.000000E+03	7.623577E-15	7.918315E-17
7.010000E+03	7.611756E-15	7.886988E-17
7.020000E+03	7.604227E-15	7.868299E-17
7.030000E+03	7.600030E-15	7.861474E-17
7.040000E+03	7.598409E-15	7.865643E-17
7.050000E+03	7.598817E-15	7.879877E-17
7.060000E+03	7.600204E-15	7.902462E-17
7.070000E+03	7.602166E-15	7.932126E-17
7.080000E+03	7.603821E-15	7.966879E-17
7.090000E+03	7.604549E-15	8.004812E-17
7.100000E+03	7.603803E-15	8.043923E-17
7.110000E+03	7.601237E-15	8.082287E-17
7.120000E+03	7.596302E-15	8.117663E-17
7.130000E+03	7.588890E-15	8.148249E-17
7.140000E+03	7.579029E-15	8.172424E-17
7.150000E+03	7.566455E-15	8.188371E-17
7.160000E+03	7.551665E-15	8.195307E-17
7.170000E+03	7.534626E-15	8.192167E-17
7.180000E+03	7.515919E-15	8.178914E-17
7.190000E+03	7.495868E-15	8.155620E-17
7.200000E+03	7.474935E-15	8.122888E-17
7.210000E+03	7.453483E-15	8.081563E-17
7.220000E+03	7.431964E-15	8.032871E-17
7.230000E+03	7.410897E-15	7.978336E-17
7.240000E+03	7.390540E-15	7.919358E-17
7.250000E+03	7.371082E-15	7.857379E-17
7.260000E+03	7.352850E-15	7.794047E-17
7.270000E+03	7.335773E-15	7.730607E-17
7.280000E+03	7.320117E-15	7.668630E-17
7.290000E+03	7.305643E-15	7.609065E-17
7.300000E+03	7.292240E-15	7.552831E-17
7.310000E+03	7.279616E-15	7.500399E-17
7.320000E+03	7.267621E-15	7.452038E-17
7.330000E+03	7.255845E-15	7.407327E-17
7.340000E+03	7.243944E-15	7.365487E-17
7.350000E+03	7.231458E-15	7.325258E-17
7.360000E+03	7.217928E-15	7.285165E-17
7.370000E+03	7.203128E-15	7.243945E-17
7.380000E+03	7.186556E-15	7.200251E-17
7.390000E+03	7.168174E-15	7.153600E-17
7.400000E+03	7.147481E-15	7.103577E-17
7.410000E+03	7.124547E-15	7.050931E-17
7.420000E+03	7.099084E-15	6.996590E-17
7.430000E+03	7.071164E-15	6.942208E-17
7.440000E+03	7.040701E-15	6.889393E-17
7.450000E+03	7.007855E-15	6.839801E-17
7.460000E+03	6.972721E-15	6.794526E-17
7.470000E+03	6.935423E-15	6.753963E-17
7.480000E+03	6.896108E-15	6.717665E-17
7.490000E+03	6.854941E-15	6.684325E-17
7.500000E+03	6.812299E-15	6.652059E-17
7.510000E+03	6.768157E-15	6.617954E-17
7.520000E+03	6.722902E-15	6.579017E-17
7.530000E+03	6.676723E-15	6.531717E-17
7.540000E+03	6.629818E-15	6.472304E-17
7.550000E+03	6.582592E-15	6.397114E-17
7.560000E+03	6.535073E-15	6.302129E-17
7.570000E+03	6.487595E-15	6.183825E-17
7.580000E+03	6.440512E-15	6.039063E-17
7.590000E+03	6.394098E-15	5.865202E-17
7.600000E+03	6.348652E-15	5.660410E-17
7.610000E+03	6.304593E-15	5.423954E-17
7.620000E+03	6.262178E-15	5.156187E-17
7.630000E+03	6.221881E-15	4.859177E-17
7.640000E+03	6.184011E-15	4.536794E-17
7.650000E+03	6.149177E-15	4.195726E-17
7.660000E+03	6.117720E-15	3.846037E-17
7.670000E+03	6.090089E-15	3.502945E-17
7.680000E+03	6.066842E-15	3.188644E-17
7.690000E+03	6.048360E-15	2.933295E-17
7.700000E+03	6.035109E-15	2.772446E-17
7.710000E+03	6.027555E-15	2.735236E-17
7.720000E+03	6.025559E-15	2.823657E-17
7.730000E+03	6.028726E-15	3.010578E-17
7.740000E+03	6.036374E-15	3.260125E-17
7.750000E+03	6.047932E-15	3.541667E-17
7.760000E+03	6.062876E-15	3.833629E-17
7.770000E+03	6.080821E-15	4.122412E-17
7.780000E+03	6.101140E-15	4.399862E-17
7.790000E+03	6.123524E-15	4.661684E-17
7.800000E+03	6.147595E-15	4.905816E-17
7.810000E+03	6.172891E-15	5.131509E-17
7.820000E+03	6.199054E-15	5.338909E-17
7.830000E+03	6.225728E-15	5.528646E-17
7.840000E+03	6.252554E-15	5.701617E-17
7.850000E+03	6.279067E-15	5.858772E-17
7.860000E+03	6.304898E-15	6.001212E-17
7.870000E+03	6.329674E-15	6.130054E-17
7.880000E+03	6.353026E-15	6.246386E-17
7.890000E+03	6.374492E-15	6.351136E-17
7.900000E+03	6.393731E-15	6.445244E-17
7.910000E+03	6.410427E-15	6.529563E-17
7.920000E+03	6.424200E-15	6.604741E-17
7.930000E+03	6.434917E-15	6.671572E-17
7.940000E+03	6.442290E-15	6.730586E-17
7.950000E+03	6.446290E-15	6.782516E-17
7.960000E+03	6.446735E-15	6.827892E-17
7.970000E+03	6.443814E-15	6.867621E-17
7.980000E+03	6.437450E-15	6.902317E-17
7.990000E+03	6.427721E-15	6.932753E-17
8.000000E+03	6.414748E-15	6.959722E-17
8.010000E+03	6.398585E-15	6.983898E-17
8.020000E+03	6.379534E-15	7.006156E-17
8.030000E+03	6.357815E-15	7.027199E-17
8.040000E+03	6.333676E-15	7.047654E-17
8.050000E+03	6.307381E-15	7.068061E-17
8.060000E+03	6.279319E-15	7.088982E-17
8.070000E+03	6.249677E-15	7.110627E-17
8.080000E+03	6.218866E-15	7.133322E-17
8.090000E+03	6.187303E-15	7.157270E-17
8.100000E+03	6.155296E-15	7.182419E-17
8.110000E+03	6.123048E-15	7.208479E-17
8.120000E+03	6.091067E-15	7.235433E-17
8.130000E+03	6.059532E-15	7.262826E-17
8.140000E+03	6.028815E-15	7.290413E-17
8.150000E+03	5.999159E-15	7.317815E-17
8.160000E+03	5.970676E-15	7.344529E-17
8.170000E+03	5.943765E-15	7.370466E-17
8.180000E+03	5.918480E-15	7.395195E-17
8.190000E+03	5.895054E-15	7.418598E-17
8.200000E+03	5.873482E-15	7.440371E-17
8.210000E+03	5.853939E-15	7.460561E-17
8.220000E+03	5.836470E-15	7.479179E-17
8.230000E+03	5.820990E-15	7.496197E-17
8.240000E+03	5.807606E-15	7.511948E-17
8.250000E+03	5.796194E-15	7.526576E-17
8.260000E+03	5.786823E-15	7.540560E-17
8.270000E+03	5.779550E-15	7.554434E-17
8.280000E+03	5.773997E-15	7.568213E-17
8.290000E+03	5.770403E-15	7.582753E-17
8.300000E+03	5.768473E-15	7.598225E-17
8.310000E+03	5.768111E-15	7.615059E-17
8.320000E+03	5.769318E-15	7.633804E-17
8.330000E+03	5.771986E-15	7.654833E-17
8.340000E+03	5.775894E-15	7.678335E-17
8.350000E+03	5.780928E-15	7.704590E-17
8.360000E+03	5.786972E-15	7.733825E-17
8.370000E+03	5.794021E-15	7.766353E-17
8.380000E+03	5.801860E-15	7.802138E-17
8.390000E+03	5.810272E-15	7.841072E-17
8.400000E+03	5.819377E-15	7.883418E-17
8.410000E+03	5.828859E-15	7.928781E-17
8.420000E+03	5.838623E-15	7.976985E-17
8.430000E+03	5.848803E-15	8.028091E-17
8.440000E+03	5.858977E-15	8.081330E-17
8.450000E+03	5.869282E-15	8.136623E-17
8.460000E+03	5.879631E-15	8.193524E-17
8.470000E+03	5.889714E-15	8.251205E-17
8.480000E+03	5.899554E-15	8.309252E-17
8.490000E+03	5.909066E-15	8.367058E-17
8.500000E+03	5.918044E-15	8.423833E-17
8.510000E+03	5.926517E-15	8.479125E-17
8.520000E+03	5.934281E-15	8.532200E-17
8.530000E+03	5.941369E-15	8.582740E-17
8.540000E+03	5.947465E-15	8.630030E-17
8.550000E+03	5.952610E-15	8.673989E-17
8.560000E+03	5.956734E-15	8.714496E-17
8.570000E+03	5.959776E-15	8.751553E-17
8.580000E+03	5.961564E-15	8.785088E-17
8.590000E+03	5.962054E-15	8.815273E-17
8.600000E+03	5.961092E-15	8.842152E-17
8.610000E+03	5.958892E-15	8.866322E-17
8.620000E+03	5.955201E-15	8.887676E-17
8.630000E+03	5.950008E-15	8.906449E-17
8.640000E+03	5.943315E-15	8.922858E-17
8.650000E+03	5.935126E-15	8.937096E-17
8.660000E+03	5.925333E-15	8.949150E-17
8.670000E+03	5.913952E-15	8.959169E-17
8.680000E+03	5.901003E-15	8.967285E-17
8.690000E+03	5.886513E-15	8.973617E-17
8.700000E+03	5.870267E-15	8.977900E-17
8.710000E+03	5.852419E-15	8.980413E-17
8.720000E+03	5.832886E-15	8.981048E-17
8.730000E+03	5.811709E-15	8.979873E-17
8.740000E+03	5.788933E-15	8.976946E-17
8.750000E+03	5.764363E-15	8.971938E-17
8.760000E+03	5.738053E-15	8.964899E-17
8.770000E+03	5.710060E-15	8.955887E-17
8.780000E+03	5.680445E-15	8.944973E-17
8.790000E+03	5.649029E-15	8.931853E-17
8.800000E+03	5.615882E-15	8.916624E-17
8.810000E+03	5.580956E-15	8.899194E-17
8.820000E+03	5.544453E-15	8.879872E-17
8.830000E+03	5.506336E-15	8.858575E-17
8.840000E+03	5.466697E-15	8.835410E-17
8.850000E+03	5.425753E-15	8.810673E-17
8.860000E+03	5.383726E-15	8.784651E-17
8.870000E+03	5.340721E-15	8.757408E-17
8.880000E+03	5.297089E-15	8.729392E-17
8.890000E+03	5.252936E-15	8.700623E-17
8.900000E+03	5.208616E-15	8.671504E-17
8.910000E+03	5.164236E-15	8.642009E-17
8.920000E+03	5.120021E-15	8.612302E-17
8.930000E+03	5.076196E-15	8.582537E-17
8.940000E+03	5.032854E-15	8.552665E-17
8.950000E+03	4.990207E-15	8.522855E-17
8.960000E+03	4.948580E-15	8.493518E-17
8.970000E+03	4.907794E-15	8.464261E-17
8.980000E+03	4.868153E-15	8.435578E-17
8.990000E+03	4.829822E-15	8.407808E-17
9.000000E+03	4.792583E-15	8.380694E-17
9.040000E+03	4.657587E-15	8.288629E-17
9.080000E+03	4.544365E-15	8.236245E-17
9.120000E+03	4.450244E-15	8.238953E-17
9.160000E+03	4.370909E-15	8.309730E-17
9.200000E+03	4.301452E-15	8.462512E-17
9.240000E+03	4.237568E-15	8.707715E-17
9.280000E+03	4.176524E-15	9.036851E-17
9.320000E+03	4.118169E-15	9.415282E-17
9.360000E+03	4.063771E-15	9.793535E-17
9.400000E+03	4.014351E-15	1.013046E-16
9.440000E+03	3.970785E-15	1.040992E-16
9.480000E+03	3.932848E-15	1.063689E-16
9.520000E+03	3.899952E-15	1.082961E-16
9.560000E+03	3.870497E-15	1.100759E-16
9.600000E+03	3.842425E-15	1.118152E-16
9.640000E+03	3.813328E-15	1.134719E-16
9.680000E+03	3.781316E-15	1.149611E-16
9.720000E+03	3.745269E-15	1.162553E-16
9.760000E+03	3.705955E-15	1.174541E-16
9.800000E+03	3.663952E-15	1.187386E-16
9.840000E+03	3.620154E-15	1.204071E-16
9.880000E+03	3.575521E-15	1.228927E-16
9.920000E+03	3.530799E-15	1.267603E-16
9.960000E+03	3.486500E-15	1.326644E-16
1.000000E+04	3.442176E-15	1.412080E-16
1.004000E+04	3.398331E-15	1.528482E-16
1.008000E+04	3.354348E-15	1.676727E-16
1.012000E+04	3.310283E-15	1.854506E-16
1.016000E+04	3.265459E-15	2.056691E-16
1.020000E+04	3.220047E-15	2.277705E-16
1.024000E+04	3.174051E-15	2.512089E-16
1.028000E+04	3.127265E-15	2.754828E-16
1.032000E+04	3.079506E-15	3.001562E-16
