#wls	flux	fluxerr
1.583061E+03	7.135821E-02	9.010227E-03
1.622638E+03	7.301732E-02	9.107659E-03
1.662214E+03	7.465315E-02	9.195509E-03
1.701791E+03	7.626105E-02	9.273229E-03
1.741367E+03	7.783800E-02	9.340492E-03
1.780944E+03	7.939703E-02	9.398910E-03
1.820520E+03	8.092725E-02	9.447216E-03
1.860097E+03	8.243501E-02	9.486210E-03
1.899673E+03	8.395999E-02	9.520436E-03
1.939250E+03	8.549097E-02	9.548491E-03
1.978827E+03	8.707976E-02	9.575983E-03
2.018403E+03	8.874135E-02	9.604182E-03
2.057980E+03	9.052543E-02	9.637946E-03
2.097556E+03	9.246976E-02	9.680530E-03
2.137133E+03	9.461028E-02	9.734727E-03
2.176709E+03	9.699954E-02	9.804739E-03
2.216286E+03	9.966223E-02	9.891601E-03
2.255862E+03	1.026707E-01	1.000077E-02
2.295439E+03	1.060436E-01	1.013201E-02
2.335015E+03	1.098257E-01	1.028736E-02
2.374592E+03	1.140491E-01	1.046734E-02
2.414168E+03	1.187704E-01	1.067439E-02
2.453745E+03	1.240400E-01	1.090996E-02
2.493321E+03	1.299389E-01	1.117772E-02
2.532898E+03	1.365427E-01	1.148023E-02
2.572475E+03	1.439345E-01	1.182007E-02
2.612051E+03	1.522498E-01	1.220338E-02
2.651628E+03	1.614739E-01	1.262345E-02
2.691204E+03	1.716138E-01	1.307534E-02
2.730781E+03	1.826166E-01	1.354966E-02
2.770357E+03	1.943915E-01	1.403471E-02
2.809934E+03	2.067830E-01	1.451493E-02
2.849510E+03	2.196412E-01	1.497652E-02
2.889087E+03	2.327182E-01	1.540049E-02
2.928663E+03	2.457408E-01	1.576835E-02
2.968240E+03	2.584422E-01	1.606431E-02
2.978134E+03	2.615230E-01	1.612463E-02
2.988028E+03	2.645472E-01	1.617848E-02
2.997922E+03	2.675367E-01	1.622727E-02
3.007816E+03	2.704275E-01	1.626723E-02
3.017710E+03	2.732697E-01	1.630150E-02
3.027605E+03	2.760564E-01	1.632977E-02
3.037499E+03	2.787232E-01	1.634835E-02
3.047393E+03	2.813205E-01	1.636038E-02
3.057287E+03	2.838410E-01	1.636555E-02
3.067181E+03	2.862201E-01	1.636030E-02
3.077075E+03	2.885372E-01	1.634936E-02
3.086969E+03	2.906992E-01	1.632762E-02
3.096864E+03	2.927853E-01	1.629972E-02
3.106758E+03	2.947027E-01	1.626070E-02
3.116652E+03	2.965314E-01	1.621518E-02
3.126546E+03	2.981790E-01	1.615832E-02
3.136440E+03	2.997252E-01	1.609468E-02
3.146334E+03	3.011079E-01	1.602113E-02
3.156228E+03	3.023500E-01	1.593914E-02
3.166122E+03	3.034185E-01	1.584723E-02
3.176017E+03	3.043655E-01	1.574834E-02
3.185911E+03	3.051311E-01	1.563962E-02
3.195805E+03	3.057123E-01	1.552121E-02
3.205699E+03	3.061615E-01	1.539603E-02
3.215593E+03	3.064223E-01	1.526148E-02
3.225487E+03	3.065470E-01	1.512043E-02
3.235381E+03	3.064814E-01	1.497046E-02
3.245276E+03	3.062521E-01	1.481316E-02
3.255170E+03	3.058604E-01	1.464883E-02
3.265064E+03	3.053078E-01	1.447779E-02
3.274958E+03	3.046217E-01	1.430159E-02
3.284852E+03	3.037546E-01	1.411823E-02
3.294746E+03	3.027609E-01	1.393047E-02
3.304640E+03	3.015954E-01	1.373646E-02
3.314534E+03	3.003132E-01	1.353894E-02
3.324429E+03	2.988959E-01	1.333727E-02
3.334323E+03	2.973508E-01	1.313196E-02
3.344217E+03	2.957086E-01	1.292455E-02
3.354111E+03	2.939547E-01	1.271456E-02
3.364005E+03	2.920981E-01	1.250252E-02
3.373899E+03	2.901708E-01	1.228996E-02
3.383793E+03	2.881821E-01	1.207735E-02
3.393688E+03	2.860993E-01	1.186344E-02
3.403582E+03	2.839968E-01	1.165141E-02
3.413476E+03	2.818430E-01	1.144001E-02
3.423370E+03	2.796485E-01	1.122973E-02
3.433264E+03	2.774429E-01	1.102181E-02
3.443158E+03	2.752341E-01	1.081657E-02
3.453052E+03	2.730301E-01	1.061428E-02
3.462946E+03	2.708388E-01	1.041518E-02
3.472841E+03	2.686509E-01	1.021886E-02
3.482735E+03	2.664959E-01	1.002635E-02
3.492629E+03	2.643825E-01	9.837906E-03
3.502523E+03	2.623204E-01	9.653769E-03
3.512417E+03	2.603184E-01	9.474152E-03
3.522311E+03	2.584007E-01	9.299808E-03
3.532205E+03	2.565420E-01	9.129695E-03
3.542100E+03	2.547656E-01	8.964516E-03
3.551994E+03	2.530930E-01	8.804882E-03
3.561888E+03	2.515131E-01	8.650250E-03
3.571782E+03	2.500303E-01	8.500624E-03
3.581676E+03	2.486471E-01	8.355940E-03
3.591570E+03	2.473799E-01	8.216596E-03
3.601464E+03	2.462146E-01	8.081960E-03
3.611358E+03	2.451502E-01	7.951858E-03
3.621253E+03	2.441984E-01	7.826521E-03
3.631147E+03	2.433552E-01	7.705671E-03
3.641041E+03	2.426014E-01	7.588558E-03
3.650935E+03	2.419300E-01	7.474849E-03
3.660829E+03	2.413460E-01	7.364580E-03
3.670723E+03	2.408391E-01	7.257329E-03
3.680617E+03	2.403974E-01	7.152643E-03
3.690512E+03	2.399968E-01	7.049730E-03
3.700406E+03	2.396371E-01	6.948525E-03
3.710300E+03	2.393049E-01	6.848599E-03
3.720194E+03	2.389870E-01	6.749545E-03
3.730088E+03	2.386589E-01	6.650657E-03
3.739982E+03	2.383308E-01	6.552237E-03
3.749876E+03	2.379671E-01	6.453321E-03
3.759770E+03	2.375672E-01	6.353941E-03
3.769665E+03	2.371192E-01	6.253834E-03
3.779559E+03	2.366118E-01	6.152772E-03
3.789453E+03	2.360335E-01	6.050545E-03
3.799347E+03	2.353740E-01	5.946991E-03
3.809241E+03	2.346334E-01	5.842224E-03
3.819135E+03	2.337818E-01	5.735623E-03
3.829029E+03	2.328205E-01	5.627379E-03
3.838924E+03	2.317422E-01	5.517463E-03
3.848818E+03	2.305409E-01	5.405901E-03
3.858712E+03	2.292212E-01	5.292970E-03
3.868606E+03	2.277612E-01	5.178344E-03
3.878500E+03	2.261690E-01	5.062400E-03
3.888394E+03	2.244546E-01	4.945546E-03
3.898288E+03	2.226018E-01	4.827611E-03
3.908182E+03	2.206245E-01	4.709089E-03
3.918077E+03	2.185368E-01	4.590465E-03
3.927971E+03	2.163294E-01	4.471715E-03
3.937865E+03	2.140194E-01	4.353369E-03
3.947759E+03	2.116170E-01	4.235798E-03
3.957653E+03	2.091335E-01	4.119376E-03
3.967547E+03	2.065738E-01	4.004341E-03
3.977441E+03	2.039659E-01	3.891368E-03
3.987336E+03	2.013081E-01	3.780531E-03
3.997230E+03	1.986212E-01	3.672330E-03
4.007124E+03	1.959114E-01	3.566966E-03
4.017018E+03	1.931911E-01	3.464746E-03
4.026912E+03	1.904840E-01	3.366163E-03
4.036806E+03	1.877803E-01	3.271095E-03
4.046700E+03	1.851013E-01	3.179962E-03
4.056594E+03	1.824476E-01	3.092814E-03
4.066489E+03	1.798200E-01	3.009697E-03
4.076383E+03	1.772366E-01	2.930940E-03
4.086277E+03	1.746993E-01	2.856583E-03
4.096171E+03	1.722111E-01	2.786682E-03
4.106065E+03	1.697869E-01	2.721478E-03
4.115959E+03	1.674382E-01	2.661134E-03
4.125853E+03	1.651724E-01	2.605744E-03
4.135748E+03	1.630024E-01	2.555476E-03
4.145642E+03	1.609417E-01	2.510497E-03
4.155536E+03	1.590031E-01	2.470958E-03
4.165430E+03	1.571979E-01	2.436974E-03
4.175324E+03	1.555347E-01	2.408608E-03
4.185218E+03	1.540151E-01	2.385712E-03
4.195112E+03	1.526421E-01	2.368112E-03
4.205006E+03	1.514182E-01	2.355636E-03
4.214901E+03	1.503295E-01	2.347874E-03
4.224795E+03	1.493703E-01	2.344547E-03
4.234689E+03	1.485255E-01	2.345239E-03
4.244583E+03	1.477719E-01	2.349412E-03
4.254477E+03	1.470901E-01	2.356589E-03
4.264371E+03	1.464455E-01	2.366047E-03
4.274265E+03	1.458206E-01	2.377331E-03
4.284159E+03	1.451882E-01	2.389821E-03
4.294054E+03	1.445339E-01	2.403100E-03
4.303948E+03	1.438373E-01	2.416651E-03
4.313842E+03	1.430848E-01	2.430058E-03
4.323736E+03	1.422635E-01	2.442916E-03
4.333630E+03	1.413745E-01	2.455057E-03
4.343524E+03	1.404092E-01	2.466155E-03
4.353418E+03	1.393742E-01	2.476152E-03
4.363313E+03	1.382700E-01	2.484893E-03
4.373207E+03	1.371126E-01	2.492511E-03
4.383101E+03	1.359073E-01	2.498970E-03
4.392995E+03	1.346703E-01	2.504442E-03
4.402889E+03	1.334146E-01	2.509070E-03
4.412783E+03	1.321501E-01	2.512945E-03
4.422677E+03	1.308860E-01	2.516171E-03
4.432571E+03	1.296389E-01	2.519006E-03
4.442466E+03	1.284120E-01	2.521467E-03
4.452360E+03	1.272160E-01	2.523726E-03
4.462254E+03	1.260572E-01	2.525886E-03
4.472148E+03	1.249384E-01	2.527985E-03
4.482042E+03	1.238644E-01	2.530107E-03
4.491936E+03	1.228392E-01	2.532330E-03
4.501830E+03	1.218661E-01	2.534724E-03
4.511725E+03	1.209481E-01	2.537357E-03
4.521619E+03	1.200854E-01	2.540242E-03
4.531513E+03	1.192828E-01	2.543490E-03
4.541407E+03	1.185424E-01	2.547161E-03
4.551301E+03	1.178638E-01	2.551259E-03
4.561195E+03	1.172485E-01	2.555839E-03
4.571089E+03	1.166981E-01	2.560949E-03
4.580983E+03	1.162161E-01	2.566684E-03
4.590878E+03	1.158012E-01	2.573033E-03
4.600772E+03	1.154541E-01	2.580030E-03
4.610666E+03	1.151753E-01	2.587700E-03
4.620560E+03	1.149625E-01	2.596011E-03
4.630454E+03	1.148200E-01	2.605069E-03
4.640348E+03	1.147448E-01	2.614821E-03
4.650242E+03	1.147359E-01	2.625251E-03
4.660137E+03	1.147894E-01	2.636281E-03
4.670031E+03	1.149054E-01	2.647919E-03
4.679925E+03	1.150831E-01	2.660150E-03
4.689819E+03	1.153152E-01	2.672803E-03
4.699713E+03	1.155996E-01	2.685832E-03
4.709607E+03	1.159316E-01	2.699123E-03
4.719501E+03	1.163057E-01	2.712542E-03
4.729395E+03	1.167157E-01	2.725937E-03
4.739290E+03	1.171545E-01	2.739133E-03
4.749184E+03	1.176143E-01	2.751936E-03
4.759078E+03	1.180865E-01	2.764138E-03
4.768972E+03	1.185620E-01	2.775513E-03
4.778866E+03	1.190334E-01	2.785875E-03
4.788760E+03	1.194887E-01	2.794934E-03
4.798654E+03	1.199178E-01	2.802448E-03
4.808549E+03	1.203109E-01	2.808180E-03
4.818443E+03	1.206607E-01	2.811961E-03
4.828337E+03	1.209590E-01	2.813600E-03
4.838231E+03	1.211968E-01	2.812891E-03
4.848125E+03	1.213703E-01	2.809760E-03
4.858019E+03	1.214758E-01	2.804131E-03
4.867913E+03	1.215086E-01	2.795920E-03
4.877807E+03	1.214723E-01	2.785230E-03
4.887702E+03	1.213640E-01	2.772021E-03
4.897596E+03	1.211904E-01	2.756481E-03
4.907490E+03	1.209537E-01	2.738689E-03
4.917384E+03	1.206593E-01	2.718809E-03
4.927278E+03	1.203141E-01	2.697026E-03
4.937172E+03	1.199270E-01	2.673583E-03
4.947066E+03	1.195033E-01	2.648635E-03
4.956961E+03	1.190503E-01	2.622381E-03
4.966855E+03	1.185793E-01	2.595107E-03
4.976749E+03	1.180937E-01	2.566918E-03
4.986643E+03	1.176021E-01	2.538039E-03
4.996537E+03	1.171095E-01	2.508605E-03
5.006431E+03	1.166259E-01	2.478861E-03
5.016325E+03	1.161534E-01	2.448880E-03
5.026219E+03	1.156996E-01	2.418843E-03
5.036114E+03	1.152717E-01	2.388924E-03
5.046008E+03	1.148707E-01	2.359163E-03
5.055902E+03	1.145050E-01	2.329750E-03
5.065796E+03	1.141751E-01	2.300708E-03
5.075690E+03	1.138883E-01	2.272200E-03
5.085584E+03	1.136460E-01	2.244263E-03
5.095478E+03	1.134525E-01	2.216992E-03
5.105373E+03	1.133058E-01	2.190360E-03
5.115267E+03	1.132107E-01	2.164468E-03
5.125161E+03	1.131656E-01	2.139293E-03
5.135055E+03	1.131697E-01	2.114837E-03
5.144949E+03	1.132237E-01	2.091124E-03
5.154843E+03	1.133238E-01	2.068101E-03
5.164737E+03	1.134693E-01	2.045779E-03
5.174631E+03	1.136541E-01	2.024071E-03
5.184526E+03	1.138787E-01	2.003020E-03
5.194420E+03	1.141385E-01	1.982577E-03
5.204314E+03	1.144321E-01	1.962763E-03
5.214208E+03	1.147546E-01	1.943540E-03
5.224102E+03	1.151029E-01	1.924910E-03
5.233996E+03	1.154735E-01	1.906876E-03
5.243890E+03	1.158628E-01	1.889446E-03
5.253785E+03	1.162687E-01	1.872658E-03
5.263679E+03	1.166848E-01	1.856492E-03
5.273573E+03	1.171063E-01	1.840958E-03
5.283467E+03	1.175275E-01	1.826063E-03
5.293361E+03	1.179423E-01	1.811812E-03
5.303255E+03	1.183435E-01	1.798203E-03
5.313149E+03	1.187248E-01	1.785255E-03
5.323043E+03	1.190737E-01	1.772893E-03
5.332938E+03	1.193828E-01	1.761131E-03
5.342832E+03	1.196369E-01	1.749867E-03
5.352726E+03	1.198285E-01	1.739112E-03
5.362620E+03	1.199433E-01	1.728779E-03
5.372514E+03	1.199814E-01	1.718979E-03
5.382408E+03	1.199471E-01	1.709877E-03
5.392302E+03	1.198487E-01	1.701673E-03
5.402196E+03	1.197013E-01	1.694614E-03
5.412091E+03	1.195147E-01	1.688767E-03
5.421985E+03	1.192992E-01	1.684185E-03
5.431879E+03	1.190645E-01	1.680901E-03
5.441773E+03	1.188192E-01	1.678929E-03
5.451667E+03	1.185709E-01	1.678259E-03
5.461561E+03	1.183279E-01	1.678896E-03
5.471455E+03	1.180941E-01	1.680779E-03
5.481350E+03	1.178743E-01	1.683862E-03
5.491244E+03	1.176728E-01	1.688094E-03
5.501138E+03	1.174953E-01	1.693447E-03
5.511032E+03	1.173432E-01	1.699838E-03
5.520926E+03	1.172197E-01	1.707212E-03
5.530820E+03	1.171296E-01	1.715541E-03
5.540714E+03	1.170758E-01	1.724779E-03
5.550608E+03	1.170593E-01	1.734853E-03
5.560503E+03	1.170848E-01	1.745754E-03
5.570397E+03	1.171551E-01	1.757448E-03
5.580291E+03	1.172732E-01	1.769909E-03
5.590185E+03	1.174402E-01	1.783086E-03
5.600079E+03	1.176623E-01	1.797014E-03
5.609973E+03	1.179403E-01	1.811647E-03
5.619867E+03	1.182765E-01	1.826966E-03
5.629762E+03	1.186726E-01	1.842947E-03
5.639656E+03	1.191302E-01	1.859565E-03
5.649550E+03	1.196520E-01	1.876817E-03
5.659444E+03	1.202364E-01	1.894631E-03
5.669338E+03	1.208829E-01	1.912957E-03
5.679232E+03	1.215923E-01	1.931763E-03
5.689126E+03	1.223626E-01	1.950976E-03
5.699020E+03	1.231893E-01	1.970478E-03
5.708915E+03	1.240707E-01	1.990200E-03
5.718809E+03	1.250026E-01	2.010030E-03
5.728703E+03	1.259801E-01	2.029844E-03
5.738597E+03	1.269957E-01	2.049477E-03
5.748491E+03	1.280458E-01	2.068822E-03
5.758385E+03	1.291262E-01	2.087767E-03
5.768279E+03	1.302268E-01	2.106104E-03
5.778174E+03	1.313434E-01	2.123722E-03
5.788068E+03	1.324725E-01	2.140516E-03
5.797962E+03	1.336043E-01	2.156289E-03
5.807856E+03	1.347361E-01	2.170955E-03
5.817750E+03	1.358657E-01	2.184443E-03
5.827644E+03	1.369881E-01	2.196632E-03
5.837538E+03	1.381009E-01	2.207456E-03
5.847432E+03	1.392011E-01	2.216837E-03
5.857327E+03	1.402962E-01	2.224864E-03
5.867221E+03	1.413821E-01	2.231449E-03
5.877115E+03	1.424652E-01	2.236672E-03
5.887009E+03	1.435541E-01	2.240647E-03
5.896903E+03	1.446546E-01	2.243445E-03
5.906797E+03	1.457769E-01	2.245204E-03
5.916691E+03	1.469324E-01	2.246083E-03
5.926586E+03	1.481347E-01	2.246264E-03
5.936480E+03	1.493982E-01	2.245941E-03
5.946374E+03	1.507384E-01	2.245319E-03
5.956268E+03	1.521739E-01	2.244641E-03
5.966162E+03	1.537164E-01	2.244038E-03
5.976056E+03	1.553872E-01	2.243776E-03
5.985950E+03	1.571996E-01	2.243995E-03
5.995844E+03	1.591658E-01	2.244811E-03
6.005739E+03	1.613043E-01	2.246423E-03
6.015633E+03	1.636208E-01	2.248844E-03
6.025527E+03	1.661283E-01	2.252189E-03
6.035421E+03	1.688287E-01	2.256417E-03
6.045315E+03	1.717181E-01	2.261420E-03
6.055209E+03	1.747924E-01	2.267101E-03
6.065103E+03	1.780406E-01	2.273290E-03
6.074998E+03	1.814332E-01	2.279613E-03
6.084892E+03	1.849394E-01	2.285721E-03
6.094786E+03	1.885135E-01	2.291134E-03
6.104680E+03	1.920915E-01	2.295217E-03
6.114574E+03	1.956038E-01	2.297352E-03
6.124468E+03	1.989521E-01	2.296677E-03
6.134362E+03	2.020284E-01	2.292332E-03
6.144256E+03	2.047061E-01	2.283361E-03
6.154151E+03	2.068451E-01	2.268784E-03
6.164045E+03	2.082924E-01	2.247600E-03
6.173939E+03	2.088921E-01	2.218882E-03
6.183833E+03	2.085066E-01	2.181983E-03
6.193727E+03	2.070199E-01	2.136515E-03
6.203621E+03	2.043780E-01	2.082710E-03
6.213515E+03	2.006445E-01	2.021912E-03
6.223410E+03	1.960583E-01	1.957045E-03
6.233304E+03	1.909584E-01	1.891804E-03
6.243198E+03	1.856750E-01	1.829569E-03
6.253092E+03	1.805028E-01	1.773209E-03
6.262986E+03	1.756834E-01	1.724981E-03
6.272880E+03	1.714033E-01	1.686569E-03
6.282774E+03	1.677846E-01	1.658978E-03
6.292668E+03	1.649048E-01	1.642650E-03
6.302563E+03	1.628108E-01	1.637799E-03
6.312457E+03	1.615091E-01	1.644343E-03
6.322351E+03	1.609948E-01	1.662183E-03
6.332245E+03	1.612536E-01	1.691212E-03
6.342139E+03	1.622559E-01	1.731240E-03
6.352033E+03	1.639791E-01	1.782203E-03
6.361927E+03	1.663912E-01	1.843988E-03
6.371822E+03	1.694507E-01	1.916399E-03
6.381716E+03	1.731231E-01	1.999329E-03
6.391610E+03	1.773626E-01	2.092543E-03
6.401504E+03	1.821138E-01	2.195667E-03
6.411398E+03	1.873163E-01	2.308233E-03
6.421292E+03	1.929057E-01	2.429666E-03
6.431186E+03	1.988074E-01	2.559196E-03
6.441080E+03	2.049393E-01	2.695873E-03
6.450975E+03	2.112101E-01	2.838526E-03
6.460869E+03	2.175326E-01	2.985934E-03
6.470763E+03	2.238132E-01	3.136678E-03
6.480657E+03	2.299553E-01	3.289182E-03
6.490551E+03	2.358624E-01	3.441757E-03
6.500445E+03	2.414431E-01	3.592670E-03
6.510339E+03	2.465959E-01	3.739931E-03
6.520234E+03	2.512416E-01	3.881783E-03
6.530128E+03	2.552963E-01	4.016307E-03
6.540022E+03	2.586922E-01	4.141760E-03
6.549916E+03	2.613828E-01	4.256686E-03
6.559810E+03	2.633335E-01	4.359785E-03
6.569704E+03	2.645198E-01	4.449923E-03
6.579598E+03	2.649384E-01	4.526316E-03
6.589492E+03	2.646052E-01	4.588543E-03
6.599387E+03	2.635490E-01	4.636457E-03
6.609281E+03	2.617977E-01	4.669946E-03
6.619175E+03	2.593980E-01	4.689305E-03
6.629069E+03	2.564138E-01	4.695216E-03
6.638963E+03	2.529005E-01	4.688290E-03
6.648857E+03	2.489218E-01	4.669377E-03
6.658751E+03	2.445434E-01	4.639443E-03
6.668645E+03	2.398352E-01	4.599618E-03
6.678540E+03	2.348532E-01	4.550839E-03
6.688434E+03	2.296684E-01	4.494402E-03
6.698328E+03	2.243356E-01	4.431352E-03
6.708222E+03	2.189140E-01	4.362880E-03
6.718116E+03	2.134503E-01	4.289970E-03
6.728010E+03	2.079899E-01	4.213624E-03
6.737904E+03	2.025770E-01	4.134853E-03
6.747799E+03	1.972467E-01	4.054510E-03
6.757693E+03	1.920251E-01	3.973281E-03
6.767587E+03	1.869407E-01	3.891920E-03
6.777481E+03	1.820106E-01	3.810945E-03
6.787375E+03	1.772541E-01	3.730933E-03
6.797269E+03	1.726833E-01	3.652305E-03
6.807163E+03	1.683037E-01	3.575343E-03
6.817057E+03	1.641240E-01	3.500391E-03
6.826952E+03	1.601469E-01	3.427658E-03
6.836846E+03	1.563730E-01	3.357303E-03
6.846740E+03	1.527977E-01	3.289359E-03
6.856634E+03	1.494206E-01	3.223945E-03
6.866528E+03	1.462371E-01	3.161076E-03
6.876422E+03	1.432383E-01	3.100666E-03
6.886316E+03	1.404200E-01	3.042722E-03
6.896211E+03	1.377745E-01	2.987161E-03
6.906105E+03	1.352934E-01	2.933880E-03
6.915999E+03	1.329653E-01	2.882701E-03
6.925893E+03	1.307836E-01	2.833545E-03
6.935787E+03	1.287364E-01	2.786210E-03
6.945681E+03	1.268191E-01	2.740645E-03
6.955575E+03	1.250151E-01	2.696536E-03
6.965469E+03	1.233198E-01	2.653825E-03
6.975364E+03	1.217239E-01	2.612347E-03
6.985258E+03	1.202162E-01	2.571893E-03
6.995152E+03	1.187902E-01	2.532357E-03
7.005046E+03	1.174353E-01	2.493540E-03
7.014940E+03	1.161434E-01	2.455302E-03
7.024834E+03	1.149092E-01	2.417557E-03
7.034728E+03	1.137234E-01	2.380136E-03
7.044623E+03	1.125793E-01	2.342930E-03
7.054517E+03	1.114710E-01	2.305845E-03
7.064411E+03	1.103930E-01	2.268799E-03
7.074305E+03	1.093405E-01	2.231727E-03
7.084199E+03	1.083093E-01	2.194575E-03
7.094093E+03	1.072956E-01	2.157308E-03
7.103987E+03	1.062964E-01	2.119900E-03
7.113881E+03	1.053089E-01	2.082341E-03
7.123776E+03	1.043292E-01	2.044591E-03
7.133670E+03	1.033553E-01	2.006663E-03
7.143564E+03	1.023898E-01	1.968653E-03
7.153458E+03	1.014276E-01	1.930512E-03
7.163352E+03	1.004677E-01	1.892277E-03
7.173246E+03	9.950951E-02	1.853989E-03
7.183140E+03	9.855439E-02	1.815733E-03
7.193035E+03	9.760006E-02	1.777526E-03
7.202929E+03	9.664623E-02	1.739426E-03
7.212823E+03	9.569275E-02	1.701496E-03
7.222717E+03	9.473962E-02	1.663805E-03
7.232611E+03	9.378863E-02	1.626454E-03
7.242505E+03	9.283446E-02	1.589424E-03
7.252399E+03	9.188280E-02	1.552891E-03
7.262293E+03	9.093207E-02	1.516908E-03
7.272188E+03	8.998098E-02	1.481533E-03
7.282082E+03	8.903188E-02	1.446893E-03
7.291976E+03	8.808379E-02	1.413059E-03
7.301870E+03	8.713937E-02	1.380163E-03
7.311764E+03	8.619813E-02	1.348289E-03
7.321658E+03	8.526313E-02	1.317580E-03
7.331552E+03	8.433438E-02	1.288129E-03
7.341447E+03	8.341372E-02	1.260059E-03
7.351341E+03	8.250486E-02	1.233522E-03
7.361235E+03	8.160844E-02	1.208619E-03
7.371129E+03	8.072682E-02	1.185478E-03
7.381023E+03	7.986244E-02	1.164223E-03
7.390917E+03	7.901944E-02	1.144998E-03
7.400811E+03	7.819721E-02	1.127874E-03
7.410705E+03	7.740130E-02	1.113005E-03
7.420600E+03	7.663263E-02	1.100469E-03
7.430494E+03	7.589211E-02	1.090337E-03
7.440388E+03	7.518506E-02	1.082736E-03
7.450282E+03	7.451226E-02	1.077715E-03
7.460176E+03	7.387584E-02	1.075336E-03
7.470070E+03	7.327633E-02	1.075602E-03
7.479964E+03	7.271852E-02	1.078514E-03
7.489859E+03	7.220257E-02	1.083995E-03
7.499753E+03	7.172846E-02	1.091961E-03
7.509647E+03	7.130014E-02	1.102390E-03
7.519541E+03	7.091543E-02	1.115168E-03
7.529435E+03	7.057576E-02	1.130243E-03
7.539329E+03	7.028041E-02	1.147531E-03
7.549223E+03	7.002771E-02	1.166938E-03
7.559117E+03	6.981463E-02	1.188353E-03
7.569012E+03	6.963675E-02	1.211640E-03
7.578906E+03	6.948795E-02	1.236636E-03
7.588800E+03	6.935847E-02	1.263108E-03
7.598694E+03	6.924107E-02	1.290859E-03
7.608588E+03	6.912169E-02	1.319556E-03
7.618482E+03	6.898936E-02	1.348902E-03
7.628376E+03	6.883310E-02	1.378588E-03
7.638271E+03	6.864589E-02	1.408364E-03
7.648165E+03	6.843043E-02	1.438176E-03
7.658059E+03	6.818623E-02	1.467906E-03
7.667953E+03	6.791785E-02	1.497551E-03
7.677847E+03	6.762829E-02	1.527083E-03
7.687741E+03	6.731913E-02	1.556452E-03
7.697635E+03	6.699435E-02	1.585670E-03
7.707529E+03	6.665619E-02	1.614719E-03
7.717424E+03	6.630654E-02	1.643579E-03
7.727318E+03	6.594561E-02	1.672195E-03
7.737212E+03	6.557608E-02	1.700580E-03
7.747106E+03	6.519896E-02	1.728709E-03
7.757000E+03	6.481383E-02	1.756525E-03
7.766894E+03	6.442271E-02	1.784039E-03
7.776788E+03	6.402485E-02	1.811191E-03
7.786682E+03	6.362209E-02	1.837994E-03
7.796577E+03	6.321487E-02	1.864429E-03
7.806471E+03	6.280230E-02	1.890437E-03
7.816365E+03	6.238613E-02	1.916040E-03
7.826259E+03	6.196554E-02	1.941187E-03
7.836153E+03	6.154235E-02	1.965909E-03
7.846047E+03	6.111579E-02	1.990158E-03
7.855941E+03	6.068783E-02	2.013977E-03
7.865836E+03	6.025781E-02	2.037327E-03
7.875730E+03	5.982651E-02	2.060216E-03
7.885624E+03	5.939596E-02	2.082700E-03
7.895518E+03	5.896694E-02	2.104797E-03
7.905412E+03	5.853908E-02	2.126483E-03
7.915306E+03	5.811319E-02	2.147781E-03
7.925200E+03	5.769142E-02	2.168766E-03
7.935094E+03	5.727336E-02	2.189420E-03
7.944989E+03	5.686110E-02	2.209824E-03
7.954883E+03	5.645426E-02	2.229965E-03
7.964777E+03	5.605365E-02	2.249878E-03
7.974671E+03	5.566125E-02	2.269650E-03
7.984565E+03	5.527656E-02	2.289270E-03
7.994459E+03	5.490149E-02	2.308827E-03
8.004353E+03	5.453547E-02	2.328308E-03
8.014248E+03	5.418026E-02	2.347803E-03
8.024142E+03	5.383522E-02	2.367299E-03
8.034036E+03	5.350080E-02	2.386832E-03
8.043930E+03	5.317861E-02	2.406490E-03
8.053824E+03	5.286898E-02	2.426309E-03
8.063718E+03	5.257105E-02	2.446268E-03
8.073612E+03	5.228625E-02	2.466456E-03
8.083506E+03	5.201358E-02	2.486844E-03
8.093401E+03	5.175434E-02	2.507518E-03
8.103295E+03	5.150748E-02	2.528447E-03
8.113189E+03	5.127416E-02	2.549713E-03
8.123083E+03	5.105436E-02	2.571336E-03
8.132977E+03	5.084686E-02	2.593277E-03
8.142871E+03	5.065267E-02	2.615612E-03
8.152765E+03	5.047047E-02	2.638292E-03
8.162660E+03	5.030121E-02	2.661391E-03
8.172554E+03	5.014457E-02	2.684914E-03
8.182448E+03	5.000025E-02	2.708866E-03
8.192342E+03	4.986675E-02	2.733187E-03
8.202236E+03	4.974479E-02	2.757936E-03
8.212130E+03	4.963279E-02	2.783045E-03
8.222024E+03	4.953257E-02	2.808634E-03
8.231918E+03	4.944129E-02	2.834561E-03
8.241813E+03	4.935955E-02	2.860877E-03
8.251707E+03	4.928678E-02	2.887564E-03
8.261601E+03	4.922119E-02	2.914533E-03
8.271495E+03	4.916445E-02	2.941894E-03
8.281389E+03	4.911357E-02	2.969484E-03
8.291283E+03	4.906898E-02	2.997338E-03
8.301177E+03	4.902883E-02	3.025351E-03
8.311072E+03	4.899470E-02	3.053631E-03
8.320966E+03	4.896348E-02	3.081991E-03
8.330860E+03	4.893558E-02	3.110461E-03
8.340754E+03	4.890901E-02	3.138919E-03
8.350648E+03	4.888539E-02	3.167472E-03
8.360542E+03	4.886152E-02	3.195914E-03
8.370436E+03	4.883779E-02	3.224270E-03
8.380330E+03	4.881342E-02	3.252487E-03
8.390225E+03	4.878763E-02	3.280511E-03
8.400119E+03	4.875841E-02	3.308201E-03
8.410013E+03	4.872624E-02	3.335585E-03
8.419907E+03	4.869038E-02	3.362603E-03
8.429801E+03	4.864889E-02	3.389116E-03
8.439695E+03	4.860360E-02	3.415238E-03
8.449589E+03	4.855137E-02	3.440740E-03
8.459484E+03	4.849161E-02	3.465569E-03
8.469378E+03	4.842627E-02	3.489849E-03
8.479272E+03	4.835236E-02	3.513354E-03
8.489166E+03	4.826941E-02	3.536033E-03
8.499060E+03	4.817956E-02	3.558028E-03
8.508954E+03	4.807994E-02	3.579112E-03
8.518848E+03	4.797151E-02	3.599341E-03
8.528742E+03	4.785405E-02	3.618682E-03
8.538637E+03	4.772610E-02	3.637007E-03
8.548531E+03	4.758882E-02	3.654387E-03
8.558425E+03	4.744212E-02	3.670800E-03
8.568319E+03	4.728469E-02	3.686127E-03
8.578213E+03	4.711788E-02	3.700455E-03
8.588107E+03	4.694175E-02	3.713774E-03
8.598001E+03	4.675643E-02	3.726076E-03
8.607896E+03	4.656077E-02	3.737257E-03
8.617790E+03	4.635632E-02	3.747422E-03
8.627684E+03	4.614329E-02	3.756575E-03
8.637578E+03	4.592197E-02	3.764726E-03
8.647472E+03	4.569140E-02	3.771781E-03
8.657366E+03	4.545452E-02	3.777971E-03
8.667260E+03	4.520909E-02	3.783098E-03
8.677154E+03	4.495684E-02	3.787294E-03
8.687049E+03	4.469816E-02	3.790582E-03
8.696943E+03	4.443353E-02	3.792994E-03
8.706837E+03	4.416339E-02	3.794558E-03
8.716731E+03	4.388822E-02	3.795306E-03
8.726625E+03	4.360851E-02	3.795276E-03
8.736519E+03	4.332474E-02	3.794503E-03
8.746413E+03	4.303743E-02	3.793026E-03
8.756308E+03	4.274838E-02	3.791003E-03
8.766202E+03	4.245546E-02	3.788239E-03
8.776096E+03	4.216180E-02	3.785013E-03
8.785990E+03	4.186657E-02	3.781248E-03
8.795884E+03	4.157155E-02	3.777107E-03
8.805778E+03	4.127591E-02	3.772513E-03
8.815672E+03	4.098005E-02	3.767506E-03
8.825566E+03	4.068574E-02	3.762248E-03
8.835461E+03	4.039203E-02	3.756657E-03
8.845355E+03	4.010060E-02	3.750893E-03
8.855249E+03	3.981179E-02	3.744990E-03
8.865143E+03	3.952459E-02	3.738861E-03
8.875037E+03	3.924061E-02	3.732662E-03
8.884931E+03	3.896007E-02	3.726421E-03
8.894825E+03	3.868321E-02	3.720167E-03
8.904720E+03	3.840889E-02	3.713799E-03
8.944296E+03	3.735819E-02	3.689371E-03
8.983873E+03	3.638035E-02	3.666863E-03
9.023449E+03	3.547893E-02	3.647173E-03
9.063026E+03	3.465248E-02	3.630686E-03
9.102602E+03	3.389320E-02	3.617089E-03
9.142179E+03	3.319483E-02	3.606164E-03
9.181755E+03	3.254429E-02	3.596880E-03
9.221332E+03	3.193173E-02	3.588462E-03
9.260908E+03	3.134640E-02	3.579949E-03
9.300485E+03	3.078299E-02	3.570935E-03
9.340061E+03	3.023412E-02	3.560720E-03
9.379638E+03	2.969550E-02	3.548922E-03
9.419214E+03	2.916551E-02	3.535452E-03
9.458791E+03	2.863712E-02	3.519541E-03
9.498367E+03	2.811042E-02	3.501261E-03
9.537944E+03	2.758045E-02	3.480044E-03
9.577521E+03	2.705101E-02	3.456412E-03
9.617097E+03	2.652003E-02	3.430151E-03
9.656674E+03	2.599216E-02	3.401916E-03
9.696250E+03	2.547437E-02	3.372690E-03
9.735827E+03	2.496613E-02	3.342501E-03
9.775403E+03	2.447129E-02	3.311958E-03
9.814980E+03	2.398892E-02	3.281042E-03
9.854556E+03	2.352246E-02	3.250326E-03
9.894133E+03	2.307060E-02	3.219737E-03
9.933709E+03	2.262754E-02	3.188560E-03
9.973286E+03	2.219296E-02	3.156829E-03
1.001286E+04	2.176725E-02	3.124671E-03
1.005244E+04	2.134769E-02	3.091766E-03
1.009202E+04	2.093375E-02	3.058098E-03
1.013159E+04	2.052691E-02	3.023944E-03
1.017117E+04	2.012667E-02	2.989291E-03
1.021075E+04	1.973250E-02	2.954118E-03
