#wls	flux	fluxerr
1.583061E+03	7.037665E-02	5.942634E-03
1.622638E+03	7.181851E-02	6.030772E-03
1.662214E+03	7.325295E-02	6.116580E-03
1.701791E+03	7.470716E-02	6.202319E-03
1.741367E+03	7.617040E-02	6.287064E-03
1.780944E+03	7.765870E-02	6.372115E-03
1.820520E+03	7.916153E-02	6.456571E-03
1.860097E+03	8.068186E-02	6.540653E-03
1.899673E+03	8.222284E-02	6.624589E-03
1.939250E+03	8.380249E-02	6.709795E-03
1.978827E+03	8.541021E-02	6.795374E-03
2.018403E+03	8.705016E-02	6.881623E-03
2.057980E+03	8.872777E-02	6.968929E-03
2.097556E+03	9.046674E-02	7.059099E-03
2.137133E+03	9.227961E-02	7.153026E-03
2.176709E+03	9.414925E-02	7.249284E-03
2.216286E+03	9.612432E-02	7.351500E-03
2.255862E+03	9.822222E-02	7.460825E-03
2.295439E+03	1.004229E-01	7.575544E-03
2.335015E+03	1.027710E-01	7.698813E-03
2.374592E+03	1.052759E-01	7.831074E-03
2.414168E+03	1.079263E-01	7.971212E-03
2.453745E+03	1.107248E-01	8.119160E-03
2.493321E+03	1.136703E-01	8.274575E-03
2.532898E+03	1.167775E-01	8.438250E-03
2.572475E+03	1.200388E-01	8.609354E-03
2.612051E+03	1.234004E-01	8.783784E-03
2.651628E+03	1.268812E-01	8.962673E-03
2.691204E+03	1.304514E-01	9.143708E-03
2.730781E+03	1.340529E-01	9.322618E-03
2.770357E+03	1.376418E-01	9.496227E-03
2.809934E+03	1.411896E-01	9.662532E-03
2.849510E+03	1.446140E-01	9.815919E-03
2.889087E+03	1.478472E-01	9.951947E-03
2.928663E+03	1.508393E-01	1.006753E-02
2.968240E+03	1.534855E-01	1.015607E-02
2.978134E+03	1.540705E-01	1.017255E-02
2.988028E+03	1.546526E-01	1.018862E-02
2.997922E+03	1.552052E-01	1.020254E-02
3.007816E+03	1.557013E-01	1.021254E-02
3.017710E+03	1.561908E-01	1.022190E-02
3.027605E+03	1.566467E-01	1.022888E-02
3.037499E+03	1.570419E-01	1.023173E-02
3.047393E+03	1.574266E-01	1.023372E-02
3.057287E+03	1.577738E-01	1.023312E-02
3.067181E+03	1.580563E-01	1.022817E-02
3.077075E+03	1.583246E-01	1.022217E-02
3.086969E+03	1.585517E-01	1.021337E-02
3.096864E+03	1.587362E-01	1.020173E-02
3.106758E+03	1.588772E-01	1.018718E-02
3.116652E+03	1.589734E-01	1.016967E-02
3.126546E+03	1.590238E-01	1.014916E-02
3.136440E+03	1.590016E-01	1.012395E-02
3.146334E+03	1.589576E-01	1.009731E-02
3.156228E+03	1.588651E-01	1.006756E-02
3.166122E+03	1.587232E-01	1.003466E-02
3.176017E+03	1.585313E-01	9.998586E-03
3.185911E+03	1.582887E-01	9.959334E-03
3.195805E+03	1.579949E-01	9.916888E-03
3.205699E+03	1.576496E-01	9.871247E-03
3.215593E+03	1.572523E-01	9.822415E-03
3.225487E+03	1.568029E-01	9.770404E-03
3.235381E+03	1.563265E-01	9.716804E-03
3.245276E+03	1.557727E-01	9.658495E-03
3.255170E+03	1.551670E-01	9.597093E-03
3.265064E+03	1.545097E-01	9.532643E-03
3.274958E+03	1.538013E-01	9.465204E-03
3.284852E+03	1.530425E-01	9.394837E-03
3.294746E+03	1.522340E-01	9.321619E-03
3.304640E+03	1.514013E-01	9.247121E-03
3.314534E+03	1.504967E-01	9.168453E-03
3.324429E+03	1.495461E-01	9.087224E-03
3.334323E+03	1.485509E-01	9.003548E-03
3.344217E+03	1.475367E-01	8.918983E-03
3.354111E+03	1.464578E-01	8.830798E-03
3.364005E+03	1.453404E-01	8.740587E-03
3.373899E+03	1.442097E-01	8.649892E-03
3.383793E+03	1.430222E-01	8.556109E-03
3.393688E+03	1.418037E-01	8.460816E-03
3.403582E+03	1.405796E-01	8.365537E-03
3.413476E+03	1.393081E-01	8.267789E-03
3.423370E+03	1.380149E-01	8.169128E-03
3.433264E+03	1.367252E-01	8.071042E-03
3.443158E+03	1.353986E-01	7.971160E-03
3.453052E+03	1.340816E-01	7.872226E-03
3.462946E+03	1.327347E-01	7.771928E-03
3.472841E+03	1.314035E-01	7.672944E-03
3.482735E+03	1.300497E-01	7.573033E-03
3.492629E+03	1.286979E-01	7.473635E-03
3.502523E+03	1.273716E-01	7.376124E-03
3.512417E+03	1.260344E-01	7.278369E-03
3.522311E+03	1.247298E-01	7.182896E-03
3.532205E+03	1.234222E-01	7.087636E-03
3.542100E+03	1.221544E-01	6.995046E-03
3.551994E+03	1.208914E-01	6.903112E-03
3.561888E+03	1.196751E-01	6.814218E-03
3.571782E+03	1.184898E-01	6.727452E-03
3.581676E+03	1.173205E-01	6.641949E-03
3.591570E+03	1.162074E-01	6.559972E-03
3.601464E+03	1.151169E-01	6.479604E-03
3.611358E+03	1.140880E-01	6.403022E-03
3.621253E+03	1.130873E-01	6.328333E-03
3.631147E+03	1.121527E-01	6.257633E-03
3.641041E+03	1.112682E-01	6.190007E-03
3.650935E+03	1.104185E-01	6.124572E-03
3.660829E+03	1.096393E-01	6.063301E-03
3.670723E+03	1.088976E-01	6.004331E-03
3.680617E+03	1.082282E-01	5.949555E-03
3.690512E+03	1.076144E-01	5.898036E-03
3.700406E+03	1.070400E-01	5.848849E-03
3.710300E+03	1.065382E-01	5.803793E-03
3.720194E+03	1.060921E-01	5.761908E-03
3.730088E+03	1.056848E-01	5.722258E-03
3.739982E+03	1.053484E-01	5.686551E-03
3.749876E+03	1.050492E-01	5.652950E-03
3.759770E+03	1.048187E-01	5.623117E-03
3.769665E+03	1.046393E-01	5.596081E-03
3.779559E+03	1.044934E-01	5.570882E-03
3.789453E+03	1.044116E-01	5.549131E-03
3.799347E+03	1.043762E-01	5.529851E-03
3.809241E+03	1.043691E-01	5.512072E-03
3.819135E+03	1.044205E-01	5.497370E-03
3.829029E+03	1.045123E-01	5.484763E-03
3.838924E+03	1.046262E-01	5.473282E-03
3.848818E+03	1.047922E-01	5.464474E-03
3.858712E+03	1.049759E-01	5.456527E-03
3.868606E+03	1.052071E-01	5.450981E-03
3.878500E+03	1.054675E-01	5.446863E-03
3.888394E+03	1.057386E-01	5.443215E-03
3.898288E+03	1.060504E-01	5.441567E-03
3.908182E+03	1.063846E-01	5.440967E-03
3.918077E+03	1.067229E-01	5.440465E-03
3.927971E+03	1.070954E-01	5.441605E-03
3.937865E+03	1.074679E-01	5.442623E-03
3.947759E+03	1.078709E-01	5.445072E-03
3.957653E+03	1.082865E-01	5.448031E-03
3.967547E+03	1.086965E-01	5.450587E-03
3.977441E+03	1.091323E-01	5.454314E-03
3.987336E+03	1.095595E-01	5.457488E-03
3.997230E+03	1.100100E-01	5.461695E-03
4.007124E+03	1.104662E-01	5.466053E-03
4.017018E+03	1.109102E-01	5.469686E-03
4.026912E+03	1.113745E-01	5.474197E-03
4.036806E+03	1.118249E-01	5.477900E-03
4.046700E+03	1.122942E-01	5.482410E-03
4.056594E+03	1.127481E-01	5.486049E-03
4.066489E+03	1.132199E-01	5.490440E-03
4.076383E+03	1.136752E-01	5.493918E-03
4.086277E+03	1.141477E-01	5.498113E-03
4.096171E+03	1.146028E-01	5.501361E-03
4.106065E+03	1.150745E-01	5.505301E-03
4.115959E+03	1.155281E-01	5.508271E-03
4.125853E+03	1.159978E-01	5.511909E-03
4.135748E+03	1.164487E-01	5.514552E-03
4.145642E+03	1.168974E-01	5.517008E-03
4.155536E+03	1.173611E-01	5.520077E-03
4.165430E+03	1.178040E-01	5.522084E-03
4.175324E+03	1.182427E-01	5.523816E-03
4.185218E+03	1.186937E-01	5.526048E-03
4.195112E+03	1.191206E-01	5.527084E-03
4.205006E+03	1.195570E-01	5.528498E-03
4.214901E+03	1.199657E-01	5.528574E-03
4.224795E+03	1.203625E-01	5.528049E-03
4.234689E+03	1.207451E-01	5.526832E-03
4.244583E+03	1.211291E-01	5.525642E-03
4.254477E+03	1.214762E-01	5.522742E-03
4.264371E+03	1.218018E-01	5.518851E-03
4.274265E+03	1.221035E-01	5.513873E-03
4.284159E+03	1.223792E-01	5.507723E-03
4.294054E+03	1.226450E-01	5.501134E-03
4.303948E+03	1.228630E-01	5.492414E-03
4.313842E+03	1.230499E-01	5.482323E-03
4.323736E+03	1.232044E-01	5.470817E-03
4.333630E+03	1.233257E-01	5.457870E-03
4.343524E+03	1.234133E-01	5.443467E-03
4.353418E+03	1.234669E-01	5.427612E-03
4.363313E+03	1.234867E-01	5.410323E-03
4.373207E+03	1.234732E-01	5.391633E-03
4.383101E+03	1.234273E-01	5.371588E-03
4.392995E+03	1.233499E-01	5.350245E-03
4.402889E+03	1.232425E-01	5.327676E-03
4.412783E+03	1.231067E-01	5.303955E-03
4.422677E+03	1.229441E-01	5.279166E-03
4.432571E+03	1.227567E-01	5.253396E-03
4.442466E+03	1.225463E-01	5.226736E-03
4.452360E+03	1.222973E-01	5.198521E-03
4.462254E+03	1.220473E-01	5.170366E-03
4.472148E+03	1.217807E-01	5.141600E-03
4.482042E+03	1.214995E-01	5.112317E-03
4.491936E+03	1.211882E-01	5.081870E-03
4.501830E+03	1.208843E-01	5.051834E-03
4.511725E+03	1.205723E-01	5.021555E-03
4.521619E+03	1.202368E-01	4.990399E-03
4.531513E+03	1.199149E-01	4.959907E-03
4.541407E+03	1.195913E-01	4.929436E-03
4.551301E+03	1.192507E-01	4.898361E-03
4.561195E+03	1.189298E-01	4.868184E-03
4.571089E+03	1.185962E-01	4.837571E-03
4.580983E+03	1.182860E-01	4.808000E-03
4.590878E+03	1.179669E-01	4.778142E-03
4.600772E+03	1.176746E-01	4.749447E-03
4.610666E+03	1.173767E-01	4.720592E-03
4.620560E+03	1.170915E-01	4.692315E-03
4.630454E+03	1.168371E-01	4.665328E-03
4.640348E+03	1.165806E-01	4.638311E-03
4.650242E+03	1.163396E-01	4.611958E-03
4.660137E+03	1.161312E-01	4.586938E-03
4.670031E+03	1.159221E-01	4.561924E-03
4.679925E+03	1.157289E-01	4.537563E-03
4.689819E+03	1.155510E-01	4.513828E-03
4.699713E+03	1.153876E-01	4.490679E-03
4.709607E+03	1.152376E-01	4.468063E-03
4.719501E+03	1.150995E-01	4.445918E-03
4.729395E+03	1.149715E-01	4.424168E-03
4.739290E+03	1.148516E-01	4.402731E-03
4.749184E+03	1.147375E-01	4.381511E-03
4.759078E+03	1.146265E-01	4.360412E-03
4.768972E+03	1.145161E-01	4.339326E-03
4.778866E+03	1.144033E-01	4.318149E-03
4.788760E+03	1.142854E-01	4.296771E-03
4.798654E+03	1.141593E-01	4.275088E-03
4.808549E+03	1.140224E-01	4.252998E-03
4.818443E+03	1.138556E-01	4.229802E-03
4.828337E+03	1.136890E-01	4.206625E-03
4.838231E+03	1.135041E-01	4.182785E-03
4.848125E+03	1.132828E-01	4.157626E-03
4.858019E+03	1.130557E-01	4.132286E-03
4.867913E+03	1.128053E-01	4.106133E-03
4.877807E+03	1.125149E-01	4.078568E-03
4.887702E+03	1.122158E-01	4.050746E-03
4.897596E+03	1.118762E-01	4.021520E-03
4.907490E+03	1.115279E-01	3.992060E-03
4.917384E+03	1.111400E-01	3.961261E-03
4.927278E+03	1.107292E-01	3.929740E-03
4.937172E+03	1.103124E-01	3.898106E-03
4.947066E+03	1.098599E-01	3.865316E-03
4.956961E+03	1.093890E-01	3.831998E-03
4.966855E+03	1.089172E-01	3.798770E-03
4.976749E+03	1.084157E-01	3.764635E-03
4.986643E+03	1.079021E-01	3.730222E-03
4.996537E+03	1.073788E-01	3.695618E-03
5.006431E+03	1.068482E-01	3.660913E-03
5.016325E+03	1.063127E-01	3.626194E-03
5.026219E+03	1.057896E-01	3.592053E-03
5.036114E+03	1.052513E-01	3.557557E-03
5.046008E+03	1.047149E-01	3.523291E-03
5.055902E+03	1.041681E-01	3.488841E-03
5.065796E+03	1.036421E-01	3.455261E-03
5.075690E+03	1.031240E-01	3.422114E-03
5.085584E+03	1.026155E-01	3.389453E-03
5.095478E+03	1.021179E-01	3.357323E-03
5.105373E+03	1.016324E-01	3.325764E-03
5.115267E+03	1.011459E-01	3.294340E-03
5.125161E+03	1.006876E-01	3.264007E-03
5.135055E+03	1.002437E-01	3.234309E-03
5.144949E+03	9.980056E-02	3.204807E-03
5.154843E+03	9.938648E-02	3.176405E-03
5.164737E+03	9.898740E-02	3.148649E-03
5.174631E+03	9.858935E-02	3.121094E-03
5.184526E+03	9.821980E-02	3.094607E-03
5.194420E+03	9.785084E-02	3.068306E-03
5.204314E+03	9.750953E-02	3.043038E-03
5.214208E+03	9.716811E-02	3.017933E-03
5.224102E+03	9.683980E-02	2.993405E-03
5.233996E+03	9.653770E-02	2.969853E-03
5.243890E+03	9.623426E-02	2.946428E-03
5.253785E+03	9.594266E-02	2.923536E-03
5.263679E+03	9.566253E-02	2.901165E-03
5.273573E+03	9.540690E-02	2.879709E-03
5.283467E+03	9.514884E-02	2.858351E-03
5.293361E+03	9.490158E-02	2.837494E-03
5.303255E+03	9.466502E-02	2.817133E-03
5.313149E+03	9.443918E-02	2.797271E-03
5.323043E+03	9.422424E-02	2.777912E-03
5.332938E+03	9.402046E-02	2.759064E-03
5.342832E+03	9.382826E-02	2.740740E-03
5.352726E+03	9.364825E-02	2.722958E-03
5.362620E+03	9.348133E-02	2.705742E-03
5.372514E+03	9.332861E-02	2.689126E-03
5.382408E+03	9.319170E-02	2.673154E-03
5.392302E+03	9.305941E-02	2.657506E-03
5.402196E+03	9.295953E-02	2.642972E-03
5.412091E+03	9.288090E-02	2.629220E-03
5.421985E+03	9.282541E-02	2.616292E-03
5.431879E+03	9.278200E-02	2.603863E-03
5.441773E+03	9.277837E-02	2.592699E-03
5.451667E+03	9.280336E-02	2.582471E-03
5.461561E+03	9.284578E-02	2.572854E-03
5.471455E+03	9.293312E-02	2.564597E-03
5.481350E+03	9.304107E-02	2.557013E-03
5.491244E+03	9.319699E-02	2.550839E-03
5.501138E+03	9.337638E-02	2.545388E-03
5.511032E+03	9.360654E-02	2.541390E-03
5.520926E+03	9.386275E-02	2.538157E-03
5.530820E+03	9.415914E-02	2.536057E-03
5.540714E+03	9.451000E-02	2.535458E-03
5.550608E+03	9.489020E-02	2.535669E-03
5.560503E+03	9.531380E-02	2.537052E-03
5.570397E+03	9.578175E-02	2.539616E-03
5.580291E+03	9.630829E-02	2.543721E-03
5.590185E+03	9.686749E-02	2.548667E-03
5.600079E+03	9.747333E-02	2.554806E-03
5.609973E+03	9.812640E-02	2.562140E-03
5.619867E+03	9.882707E-02	2.570662E-03
5.629762E+03	9.957562E-02	2.580365E-03
5.639656E+03	1.003721E-01	2.591235E-03
5.649550E+03	1.012165E-01	2.603256E-03
5.659444E+03	1.021084E-01	2.616404E-03
5.669338E+03	1.030473E-01	2.630652E-03
5.679232E+03	1.040323E-01	2.645966E-03
5.689126E+03	1.050624E-01	2.662308E-03
5.699020E+03	1.061364E-01	2.679632E-03
5.708915E+03	1.072379E-01	2.697514E-03
5.718809E+03	1.083945E-01	2.716646E-03
5.728703E+03	1.095897E-01	2.736596E-03
5.738597E+03	1.108213E-01	2.757303E-03
5.748491E+03	1.120715E-01	2.778318E-03
5.758385E+03	1.133687E-01	2.800341E-03
5.768279E+03	1.146953E-01	2.822926E-03
5.778174E+03	1.160327E-01	2.845618E-03
5.788068E+03	1.174107E-01	2.869140E-03
5.797962E+03	1.188111E-01	2.893049E-03
5.807856E+03	1.202156E-01	2.916895E-03
5.817750E+03	1.216557E-01	2.941446E-03
5.827644E+03	1.230968E-01	2.965865E-03
5.837538E+03	1.245721E-01	2.990956E-03
5.847432E+03	1.260474E-01	3.015895E-03
5.857327E+03	1.275401E-01	3.041111E-03
5.867221E+03	1.290693E-01	3.067058E-03
5.877115E+03	1.306015E-01	3.092942E-03
5.887009E+03	1.321752E-01	3.119680E-03
5.896903E+03	1.337572E-01	3.146496E-03
5.906797E+03	1.353698E-01	3.173917E-03
5.916691E+03	1.370174E-01	3.202055E-03
5.926586E+03	1.387246E-01	3.231484E-03
5.936480E+03	1.404590E-01	3.261452E-03
5.946374E+03	1.422456E-01	3.292548E-03
5.956268E+03	1.440908E-01	3.324924E-03
5.966162E+03	1.460011E-01	3.358734E-03
5.976056E+03	1.479831E-01	3.394133E-03
5.985950E+03	1.500638E-01	3.431741E-03
5.995844E+03	1.522077E-01	3.470754E-03
6.005739E+03	1.544405E-01	3.511762E-03
6.015633E+03	1.567664E-01	3.554869E-03
6.025527E+03	1.591884E-01	3.600149E-03
6.035421E+03	1.617079E-01	3.647646E-03
6.045315E+03	1.643246E-01	3.697362E-03
6.055209E+03	1.670360E-01	3.749257E-03
6.065103E+03	1.698135E-01	3.802706E-03
6.074998E+03	1.726958E-01	3.858600E-03
6.084892E+03	1.756487E-01	3.916195E-03
6.094786E+03	1.786575E-01	3.975196E-03
6.104680E+03	1.817039E-01	4.035227E-03
6.114574E+03	1.847657E-01	4.095831E-03
6.124468E+03	1.877904E-01	4.155893E-03
6.134362E+03	1.907994E-01	4.215933E-03
6.144256E+03	1.937335E-01	4.274690E-03
6.154151E+03	1.965559E-01	4.331410E-03
6.164045E+03	1.992003E-01	4.384690E-03
6.173939E+03	2.016823E-01	4.434932E-03
6.183833E+03	2.039368E-01	4.480762E-03
6.193727E+03	2.059011E-01	4.520864E-03
6.203621E+03	2.076054E-01	4.555953E-03
6.213515E+03	2.090086E-01	4.585177E-03
6.223410E+03	2.100890E-01	4.608104E-03
6.233304E+03	2.109275E-01	4.626545E-03
6.243198E+03	2.114975E-01	4.639951E-03
6.253092E+03	2.118946E-01	4.650440E-03
6.262986E+03	2.120999E-01	4.657619E-03
6.272880E+03	2.122122E-01	4.663672E-03
6.282774E+03	2.122119E-01	4.668146E-03
6.292668E+03	2.121935E-01	4.673097E-03
6.302563E+03	2.121307E-01	4.677915E-03
6.312457E+03	2.120807E-01	4.683832E-03
6.322351E+03	2.120958E-01	4.691982E-03
6.332245E+03	2.121353E-01	4.701445E-03
6.342139E+03	2.122711E-01	4.713792E-03
6.352033E+03	2.124524E-01	4.727884E-03
6.361927E+03	2.127122E-01	4.744436E-03
6.371822E+03	2.130492E-01	4.763409E-03
6.381716E+03	2.134878E-01	4.785339E-03
6.391610E+03	2.139598E-01	4.808687E-03
6.401504E+03	2.144821E-01	4.833818E-03
6.411398E+03	2.150391E-01	4.860367E-03
6.421292E+03	2.156425E-01	4.888586E-03
6.431186E+03	2.162123E-01	4.916644E-03
6.441080E+03	2.167565E-01	4.944695E-03
6.450975E+03	2.172525E-01	4.972193E-03
6.460869E+03	2.176770E-01	4.998573E-03
6.470763E+03	2.180069E-01	5.023264E-03
6.480657E+03	2.182198E-01	5.045704E-03
6.490551E+03	2.183246E-01	5.066051E-03
6.500445E+03	2.182413E-01	5.082389E-03
6.510339E+03	2.179823E-01	5.094941E-03
6.520234E+03	2.175323E-01	5.103282E-03
6.530128E+03	2.168788E-01	5.107041E-03
6.540022E+03	2.160119E-01	5.105912E-03
6.549916E+03	2.149249E-01	5.099652E-03
6.559810E+03	2.136141E-01	5.088092E-03
6.569704E+03	2.120786E-01	5.071128E-03
6.579598E+03	2.103207E-01	5.048731E-03
6.589492E+03	2.083164E-01	5.020239E-03
6.599387E+03	2.061315E-01	4.987154E-03
6.609281E+03	2.037468E-01	4.948936E-03
6.619175E+03	2.011741E-01	4.905802E-03
6.629069E+03	1.984275E-01	4.858018E-03
6.638963E+03	1.955221E-01	4.805894E-03
6.648857E+03	1.924746E-01	4.749777E-03
6.658751E+03	1.892762E-01	4.689392E-03
6.668645E+03	1.859981E-01	4.626454E-03
6.678540E+03	1.826320E-01	4.560719E-03
6.688434E+03	1.791965E-01	4.492617E-03
6.698328E+03	1.757101E-01	4.422580E-03
6.708222E+03	1.721667E-01	4.350435E-03
6.718116E+03	1.686323E-01	4.277825E-03
6.728010E+03	1.650988E-01	4.204547E-03
6.737904E+03	1.615594E-01	4.130417E-03
6.747799E+03	1.580741E-01	4.056968E-03
6.757693E+03	1.546331E-01	3.983960E-03
6.767587E+03	1.512271E-01	3.911164E-03
6.777481E+03	1.479094E-01	3.839970E-03
6.787375E+03	1.446674E-01	3.770076E-03
6.797269E+03	1.414893E-01	3.701193E-03
6.807163E+03	1.384214E-01	3.634552E-03
6.817057E+03	1.354295E-01	3.569292E-03
6.826952E+03	1.325557E-01	3.506544E-03
6.836846E+03	1.297653E-01	3.445421E-03
6.846740E+03	1.270964E-01	3.386966E-03
6.856634E+03	1.245136E-01	3.330270E-03
6.866528E+03	1.220516E-01	3.276291E-03
6.876422E+03	1.196748E-01	3.224106E-03
6.886316E+03	1.174150E-01	3.174602E-03
6.896211E+03	1.152365E-01	3.126847E-03
6.906105E+03	1.131686E-01	3.081666E-03
6.915999E+03	1.111760E-01	3.038125E-03
6.925893E+03	1.092859E-01	2.997000E-03
6.935787E+03	1.074634E-01	2.957359E-03
6.945681E+03	1.057197E-01	2.919533E-03
6.955575E+03	1.040647E-01	2.883824E-03
6.965469E+03	1.024644E-01	2.849317E-03
6.975364E+03	1.009291E-01	2.816314E-03
6.985258E+03	9.946807E-02	2.785100E-03
6.995152E+03	9.804885E-02	2.754786E-03
7.005046E+03	9.668129E-02	2.725664E-03
7.014940E+03	9.537459E-02	2.698014E-03
7.024834E+03	9.409798E-02	2.670982E-03
7.034728E+03	9.286125E-02	2.644860E-03
7.044623E+03	9.166107E-02	2.619566E-03
7.054517E+03	9.050690E-02	2.595387E-03
7.064411E+03	8.937031E-02	2.571521E-03
7.074305E+03	8.826152E-02	2.548272E-03
7.084199E+03	8.717816E-02	2.525581E-03
7.094093E+03	8.611807E-02	2.503398E-03
7.103987E+03	8.507938E-02	2.481677E-03
7.113881E+03	8.407217E-02	2.460723E-03
7.123776E+03	8.307123E-02	2.439808E-03
7.133670E+03	8.208718E-02	2.419250E-03
7.143564E+03	8.111891E-02	2.399025E-03
7.153458E+03	8.016538E-02	2.379108E-03
7.163352E+03	7.922576E-02	2.359483E-03
7.173246E+03	7.829930E-02	2.340134E-03
7.183140E+03	7.738535E-02	2.321049E-03
7.193035E+03	7.648337E-02	2.302217E-03
7.202929E+03	7.559290E-02	2.283631E-03
7.212823E+03	7.471356E-02	2.265285E-03
7.222717E+03	7.384507E-02	2.247177E-03
7.232611E+03	7.298718E-02	2.229304E-03
7.242505E+03	7.213972E-02	2.211667E-03
7.252399E+03	7.130266E-02	2.194270E-03
7.262293E+03	7.047593E-02	2.177115E-03
7.272188E+03	6.964975E-02	2.159905E-03
7.282082E+03	6.884400E-02	2.143260E-03
7.291976E+03	6.804892E-02	2.126883E-03
7.301870E+03	6.726472E-02	2.110786E-03
7.311764E+03	6.649169E-02	2.094982E-03
7.321658E+03	6.573014E-02	2.079487E-03
7.331552E+03	6.497126E-02	2.064024E-03
7.341447E+03	6.423392E-02	2.049198E-03
7.351341E+03	6.350926E-02	2.034732E-03
7.361235E+03	6.279770E-02	2.020647E-03
7.371129E+03	6.209089E-02	2.006677E-03
7.381023E+03	6.140697E-02	1.993412E-03
7.390917E+03	6.073746E-02	1.980585E-03
7.400811E+03	6.008275E-02	1.968216E-03
7.410705E+03	5.943480E-02	1.956044E-03
7.420600E+03	5.881086E-02	1.944644E-03
7.430494E+03	5.819449E-02	1.933478E-03
7.440388E+03	5.760247E-02	1.923109E-03
7.450282E+03	5.702666E-02	1.913275E-03
7.460176E+03	5.645916E-02	1.903716E-03
7.470070E+03	5.591614E-02	1.894982E-03
7.479964E+03	5.538163E-02	1.886536E-03
7.489859E+03	5.487135E-02	1.878912E-03
7.499753E+03	5.436946E-02	1.871569E-03
7.509647E+03	5.389125E-02	1.865034E-03
7.519541E+03	5.342103E-02	1.858766E-03
7.529435E+03	5.297368E-02	1.853282E-03
7.539329E+03	5.253361E-02	1.848040E-03
7.549223E+03	5.211537E-02	1.843552E-03
7.559117E+03	5.170352E-02	1.839275E-03
7.569012E+03	5.131221E-02	1.835712E-03
7.578906E+03	5.092612E-02	1.832318E-03
7.588800E+03	5.055194E-02	1.829332E-03
7.598694E+03	5.019613E-02	1.826991E-03
7.608588E+03	4.984363E-02	1.824748E-03
7.618482E+03	4.950096E-02	1.822840E-03
7.628376E+03	4.917455E-02	1.821507E-03
7.638271E+03	4.884982E-02	1.820210E-03
7.648165E+03	4.853345E-02	1.819195E-03
7.658059E+03	4.822514E-02	1.818452E-03
7.667953E+03	4.793149E-02	1.818231E-03
7.677847E+03	4.763849E-02	1.818002E-03
7.687741E+03	4.735277E-02	1.818017E-03
7.697635E+03	4.707413E-02	1.818268E-03
7.707529E+03	4.680234E-02	1.818746E-03
7.717424E+03	4.654384E-02	1.819704E-03
7.727318E+03	4.628505E-02	1.820612E-03
7.737212E+03	4.603247E-02	1.821724E-03
7.747106E+03	4.578594E-02	1.823035E-03
7.757000E+03	4.554527E-02	1.824535E-03
7.766894E+03	4.531036E-02	1.826224E-03
7.776788E+03	4.508107E-02	1.828094E-03
7.786682E+03	4.485734E-02	1.830145E-03
7.796577E+03	4.463912E-02	1.832376E-03
7.806471E+03	4.442639E-02	1.834786E-03
7.816365E+03	4.421922E-02	1.837378E-03
7.826259E+03	4.401765E-02	1.840157E-03
7.836153E+03	4.382180E-02	1.843128E-03
7.846047E+03	4.363180E-02	1.846297E-03
7.855941E+03	4.344783E-02	1.849676E-03
7.865836E+03	4.327011E-02	1.853274E-03
7.875730E+03	4.309888E-02	1.857105E-03
7.885624E+03	4.293439E-02	1.861181E-03
7.895518E+03	4.277074E-02	1.865249E-03
7.905412E+03	4.262063E-02	1.869864E-03
7.915306E+03	4.247818E-02	1.874774E-03
7.925200E+03	4.234371E-02	1.879998E-03
7.935094E+03	4.221755E-02	1.885554E-03
7.944989E+03	4.209393E-02	1.891188E-03
7.954883E+03	4.198543E-02	1.897469E-03
7.964777E+03	4.188623E-02	1.904141E-03
7.974671E+03	4.179666E-02	1.911226E-03
7.984565E+03	4.171100E-02	1.918466E-03
7.994459E+03	4.164162E-02	1.926436E-03
8.004353E+03	4.158277E-02	1.934879E-03
8.014248E+03	4.152866E-02	1.943530E-03
8.024142E+03	4.149163E-02	1.952974E-03
8.034036E+03	4.146583E-02	1.962945E-03
8.043930E+03	4.144544E-02	1.973173E-03
8.053824E+03	4.144270E-02	1.984249E-03
8.063718E+03	4.144569E-02	1.995610E-03
8.073612E+03	4.146657E-02	2.007850E-03
8.083506E+03	4.149338E-02	2.020398E-03
8.093401E+03	4.153825E-02	2.033853E-03
8.103295E+03	4.158913E-02	2.047634E-03
8.113189E+03	4.165812E-02	2.062345E-03
8.123083E+03	4.173307E-02	2.077394E-03
8.132977E+03	4.182607E-02	2.093389E-03
8.142871E+03	4.192484E-02	2.109727E-03
8.152765E+03	4.204151E-02	2.127024E-03
8.162660E+03	4.216361E-02	2.144660E-03
8.172554E+03	4.229712E-02	2.162945E-03
8.182448E+03	4.244803E-02	2.182193E-03
8.192342E+03	4.260367E-02	2.201764E-03
8.202236E+03	4.276996E-02	2.221968E-03
8.212130E+03	4.295288E-02	2.243124E-03
8.222024E+03	4.313949E-02	2.264566E-03
8.231918E+03	4.333570E-02	2.286608E-03
8.241813E+03	4.354747E-02	2.309572E-03
8.251707E+03	4.376158E-02	2.332765E-03
8.261601E+03	4.398388E-02	2.356502E-03
8.271495E+03	4.421387E-02	2.380761E-03
8.281389E+03	4.445752E-02	2.405870E-03
8.291283E+03	4.470116E-02	2.431096E-03
8.301177E+03	4.495064E-02	2.456758E-03
8.311072E+03	4.520533E-02	2.482824E-03
8.320966E+03	4.546449E-02	2.509257E-03
8.330860E+03	4.573415E-02	2.536394E-03
8.340754E+03	4.600010E-02	2.563449E-03
8.350648E+03	4.626823E-02	2.590750E-03
8.360542E+03	4.653774E-02	2.618251E-03
8.370436E+03	4.680783E-02	2.645906E-03
8.380330E+03	4.707764E-02	2.673669E-03
8.390225E+03	4.734633E-02	2.701487E-03
8.400119E+03	4.761303E-02	2.729310E-03
8.410013E+03	4.787690E-02	2.757086E-03
8.419907E+03	4.813710E-02	2.784764E-03
8.429801E+03	4.839278E-02	2.812290E-03
8.439695E+03	4.864311E-02	2.839612E-03
8.449589E+03	4.888728E-02	2.866676E-03
8.459484E+03	4.912452E-02	2.893431E-03
8.469378E+03	4.935404E-02	2.919824E-03
8.479272E+03	4.957514E-02	2.945806E-03
8.489166E+03	4.978709E-02	2.971326E-03
8.499060E+03	4.998925E-02	2.996338E-03
8.508954E+03	5.018101E-02	3.020796E-03
8.518848E+03	5.036177E-02	3.044655E-03
8.528742E+03	5.053098E-02	3.067874E-03
8.538637E+03	5.068820E-02	3.090413E-03
8.548531E+03	5.083295E-02	3.112235E-03
8.558425E+03	5.096485E-02	3.133305E-03
8.568319E+03	5.107590E-02	3.153120E-03
8.578213E+03	5.118110E-02	3.172592E-03
8.588107E+03	5.127260E-02	3.191228E-03
8.598001E+03	5.135018E-02	3.209002E-03
8.607896E+03	5.141371E-02	3.225896E-03
8.617790E+03	5.146309E-02	3.241893E-03
8.627684E+03	5.149052E-02	3.256487E-03
8.637578E+03	5.151153E-02	3.270647E-03
8.647472E+03	5.151836E-02	3.283875E-03
8.657366E+03	5.151115E-02	3.296167E-03
8.667260E+03	5.148223E-02	3.307022E-03
8.677154E+03	5.144730E-02	3.317433E-03
8.687049E+03	5.139881E-02	3.326909E-03
8.696943E+03	5.133696E-02	3.335451E-03
8.706837E+03	5.125429E-02	3.342564E-03
8.716731E+03	5.116658E-02	3.349266E-03
8.726625E+03	5.106642E-02	3.355064E-03
8.736519E+03	5.094640E-02	3.359463E-03
8.746413E+03	5.082236E-02	3.363495E-03
8.756308E+03	5.068695E-02	3.366669E-03
8.766202E+03	5.053288E-02	3.368493E-03
8.776096E+03	5.037593E-02	3.370008E-03
8.785990E+03	5.020884E-02	3.370725E-03
8.795884E+03	5.002442E-02	3.370151E-03
8.805778E+03	4.983834E-02	3.369336E-03
8.815672E+03	4.964341E-02	3.367791E-03
8.825566E+03	4.943252E-02	3.365024E-03
8.835461E+03	4.922122E-02	3.362088E-03
8.845355E+03	4.900238E-02	3.358494E-03
8.855249E+03	4.876895E-02	3.353752E-03
8.865143E+03	4.853629E-02	3.348913E-03
8.875037E+03	4.828995E-02	3.342976E-03
8.884931E+03	4.804513E-02	3.336991E-03
8.894825E+03	4.779480E-02	3.330466E-03
8.904720E+03	4.753206E-02	3.322918E-03
8.944296E+03	4.645915E-02	3.289564E-03
8.983873E+03	4.532485E-02	3.249227E-03
9.023449E+03	4.415514E-02	3.203675E-03
9.063026E+03	4.296590E-02	3.154027E-03
9.102602E+03	4.177038E-02	3.101270E-03
9.142179E+03	4.058587E-02	3.046735E-03
9.181755E+03	3.940833E-02	2.990196E-03
9.221332E+03	3.825129E-02	2.932759E-03
9.260908E+03	3.712014E-02	2.874944E-03
9.300485E+03	3.601892E-02	2.817179E-03
9.340061E+03	3.495609E-02	2.760250E-03
9.379638E+03	3.392243E-02	2.703559E-03
9.419214E+03	3.293006E-02	2.648192E-03
9.458791E+03	3.196898E-02	2.593475E-03
9.498367E+03	3.104967E-02	2.540375E-03
9.537944E+03	3.016664E-02	2.488571E-03
9.577521E+03	2.931939E-02	2.438134E-03
9.617097E+03	2.850713E-02	2.389111E-03
9.656674E+03	2.772899E-02	2.341533E-03
9.696250E+03	2.698387E-02	2.295408E-03
9.735827E+03	2.627491E-02	2.251102E-03
9.775403E+03	2.559644E-02	2.208224E-03
9.814980E+03	2.494309E-02	2.166394E-03
9.854556E+03	2.432579E-02	2.126642E-03
9.894133E+03	2.373101E-02	2.087864E-03
9.933709E+03	2.316149E-02	2.050371E-03
9.973286E+03	2.261965E-02	2.014443E-03
1.001286E+04	2.210029E-02	1.979685E-03
1.005244E+04	2.160216E-02	1.946039E-03
1.009202E+04	2.112755E-02	1.913769E-03
1.013159E+04	2.067162E-02	1.882490E-03
1.017117E+04	2.023323E-02	1.852145E-03
1.021075E+04	1.981134E-02	1.822680E-03
