#wls	flux	fluxerr
1.583061E+03	4.647497E-15	3.481255E-16
1.622638E+03	4.747982E-15	3.438626E-16
1.662214E+03	4.845022E-15	3.389084E-16
1.701791E+03	4.940064E-15	3.334199E-16
1.741367E+03	5.031876E-15	3.273719E-16
1.780944E+03	5.120887E-15	3.208614E-16
1.820520E+03	5.203223E-15	3.137296E-16
1.860097E+03	5.278537E-15	3.060657E-16
1.899673E+03	5.342746E-15	2.977609E-16
1.939250E+03	5.390739E-15	2.886937E-16
1.978827E+03	5.419079E-15	2.788760E-16
2.018403E+03	5.424620E-15	2.683614E-16
2.057980E+03	5.412089E-15	2.575959E-16
2.097556E+03	5.395673E-15	2.474140E-16
2.137133E+03	5.402129E-15	2.390942E-16
2.176709E+03	5.452614E-15	2.334645E-16
2.216286E+03	5.548879E-15	2.304354E-16
2.255862E+03	5.684385E-15	2.296114E-16
2.295439E+03	5.848398E-15	2.304742E-16
2.335015E+03	6.037425E-15	2.328090E-16
2.374592E+03	6.248675E-15	2.364472E-16
2.414168E+03	6.481677E-15	2.413242E-16
2.453745E+03	6.733821E-15	2.473070E-16
2.493321E+03	6.997429E-15	2.540935E-16
2.532898E+03	7.256492E-15	2.611015E-16
2.572475E+03	7.483696E-15	2.673689E-16
2.612051E+03	7.649911E-15	2.718908E-16
2.651628E+03	7.754057E-15	2.746614E-16
2.691204E+03	7.820381E-15	2.765033E-16
2.730781E+03	7.868435E-15	2.779717E-16
2.770357E+03	7.913350E-15	2.794567E-16
2.809934E+03	7.961549E-15	2.810507E-16
2.849510E+03	8.015741E-15	2.827292E-16
2.889087E+03	8.075874E-15	2.843856E-16
2.928663E+03	8.142033E-15	2.859340E-16
2.968240E+03	8.215135E-15	2.873335E-16
2.978134E+03	8.235161E-15	2.876763E-16
2.988028E+03	8.255387E-15	2.879972E-16
2.997922E+03	8.276629E-15	2.883239E-16
3.007816E+03	8.298164E-15	2.886306E-16
3.017710E+03	8.320884E-15	2.889477E-16
3.027605E+03	8.344902E-15	2.892786E-16
3.037499E+03	8.369496E-15	2.895975E-16
3.047393E+03	8.395492E-15	2.899328E-16
3.057287E+03	8.423064E-15	2.902896E-16
3.067181E+03	8.451473E-15	2.906423E-16
3.077075E+03	8.482269E-15	2.910436E-16
3.086969E+03	8.513981E-15	2.914427E-16
3.096864E+03	8.548171E-15	2.918924E-16
3.106758E+03	8.583397E-15	2.923434E-16
3.116652E+03	8.621231E-15	2.928487E-16
3.126546E+03	8.661008E-15	2.933852E-16
3.136440E+03	8.702819E-15	2.939559E-16
3.146334E+03	8.747506E-15	2.945888E-16
3.156228E+03	8.794436E-15	2.952621E-16
3.166122E+03	8.844464E-15	2.960042E-16
3.176017E+03	8.896976E-15	2.967942E-16
3.185911E+03	8.953567E-15	2.976848E-16
3.195805E+03	9.012900E-15	2.986310E-16
3.205699E+03	9.075837E-15	2.996612E-16
3.215593E+03	9.143238E-15	3.008031E-16
3.225487E+03	9.214491E-15	3.020359E-16
3.235381E+03	9.289702E-15	3.033628E-16
3.245276E+03	9.370421E-15	3.048338E-16
3.255170E+03	9.455249E-15	3.064025E-16
3.265064E+03	9.544940E-15	3.080931E-16
3.274958E+03	9.639479E-15	3.099046E-16
3.284852E+03	9.739493E-15	3.118566E-16
3.294746E+03	9.844841E-15	3.139440E-16
3.304640E+03	9.954498E-15	3.161340E-16
3.314534E+03	1.006956E-14	3.184613E-16
3.324429E+03	1.018950E-14	3.209090E-16
3.334323E+03	1.031284E-14	3.234313E-16
3.344217E+03	1.043939E-14	3.260230E-16
3.354111E+03	1.056872E-14	3.286717E-16
3.364005E+03	1.069936E-14	3.313333E-16
3.373899E+03	1.082874E-14	3.339310E-16
3.383793E+03	1.095691E-14	3.364695E-16
3.393688E+03	1.107979E-14	3.388272E-16
3.403582E+03	1.119580E-14	3.409614E-16
3.413476E+03	1.130142E-14	3.427711E-16
3.423370E+03	1.139346E-14	3.441666E-16
3.433264E+03	1.146686E-14	3.450041E-16
3.443158E+03	1.151848E-14	3.451989E-16
3.453052E+03	1.154366E-14	3.446212E-16
3.462946E+03	1.153953E-14	3.431937E-16
3.472841E+03	1.150731E-14	3.409591E-16
3.482735E+03	1.145006E-14	3.380142E-16
3.492629E+03	1.137113E-14	3.344615E-16
3.502523E+03	1.127425E-14	3.304142E-16
3.512417E+03	1.116395E-14	3.260063E-16
3.522311E+03	1.104335E-14	3.213294E-16
3.532205E+03	1.091716E-14	3.165204E-16
3.542100E+03	1.078741E-14	3.116357E-16
3.551994E+03	1.065693E-14	3.067553E-16
3.561888E+03	1.052876E-14	3.019635E-16
3.571782E+03	1.040494E-14	2.973156E-16
3.581676E+03	1.028617E-14	2.928270E-16
3.591570E+03	1.017486E-14	2.885627E-16
3.601464E+03	1.007112E-14	2.845213E-16
3.611358E+03	9.976297E-15	2.807355E-16
3.621253E+03	9.890508E-15	2.772044E-16
3.631147E+03	9.814606E-15	2.739467E-16
3.641041E+03	9.747934E-15	2.709391E-16
3.650935E+03	9.691009E-15	2.681911E-16
3.660829E+03	9.643771E-15	2.656959E-16
3.670723E+03	9.606055E-15	2.634441E-16
3.680617E+03	9.576846E-15	2.614028E-16
3.690512E+03	9.556644E-15	2.595809E-16
3.700406E+03	9.544366E-15	2.579443E-16
3.710300E+03	9.539692E-15	2.564798E-16
3.720194E+03	9.542634E-15	2.551832E-16
3.730088E+03	9.552130E-15	2.540217E-16
3.739982E+03	9.568192E-15	2.529916E-16
3.749876E+03	9.590136E-15	2.520707E-16
3.759770E+03	9.617643E-15	2.512467E-16
3.769665E+03	9.650069E-15	2.504993E-16
3.779559E+03	9.687443E-15	2.498256E-16
3.789453E+03	9.728836E-15	2.491985E-16
3.799347E+03	9.774291E-15	2.486160E-16
3.809241E+03	9.823532E-15	2.480683E-16
3.819135E+03	9.875685E-15	2.475307E-16
3.829029E+03	9.930799E-15	2.470023E-16
3.838924E+03	9.988319E-15	2.464672E-16
3.848818E+03	1.004771E-14	2.459106E-16
3.858712E+03	1.010901E-14	2.453324E-16
3.868606E+03	1.017169E-14	2.447187E-16
3.878500E+03	1.023550E-14	2.440631E-16
3.888394E+03	1.029993E-14	2.433532E-16
3.898288E+03	1.036474E-14	2.425838E-16
3.908182E+03	1.042945E-14	2.417446E-16
3.918077E+03	1.049410E-14	2.408381E-16
3.927971E+03	1.055798E-14	2.398497E-16
3.937865E+03	1.062091E-14	2.387779E-16
3.947759E+03	1.068303E-14	2.376291E-16
3.957653E+03	1.074347E-14	2.363872E-16
3.967547E+03	1.080268E-14	2.350665E-16
3.977441E+03	1.086042E-14	2.336665E-16
3.987336E+03	1.091648E-14	2.321875E-16
3.997230E+03	1.097070E-14	2.306322E-16
4.007124E+03	1.102372E-14	2.290200E-16
4.017018E+03	1.107495E-14	2.273454E-16
4.026912E+03	1.112485E-14	2.256251E-16
4.036806E+03	1.117360E-14	2.238703E-16
4.046700E+03	1.122097E-14	2.220844E-16
4.056594E+03	1.126765E-14	2.202898E-16
4.066489E+03	1.131321E-14	2.184870E-16
4.076383E+03	1.135840E-14	2.167003E-16
4.086277E+03	1.140331E-14	2.149412E-16
4.096171E+03	1.144813E-14	2.132236E-16
4.106065E+03	1.149350E-14	2.115705E-16
4.115959E+03	1.153968E-14	2.099980E-16
4.125853E+03	1.158700E-14	2.085233E-16
4.135748E+03	1.163639E-14	2.071756E-16
4.145642E+03	1.168787E-14	2.059674E-16
4.155536E+03	1.174178E-14	2.049176E-16
4.165430E+03	1.179846E-14	2.040453E-16
4.175324E+03	1.185775E-14	2.033616E-16
4.185218E+03	1.191890E-14	2.028680E-16
4.195112E+03	1.198112E-14	2.025662E-16
4.205006E+03	1.204266E-14	2.024418E-16
4.214901E+03	1.210158E-14	2.024781E-16
4.224795E+03	1.215531E-14	2.026480E-16
4.234689E+03	1.220009E-14	2.029037E-16
4.244583E+03	1.223273E-14	2.032064E-16
4.254477E+03	1.224884E-14	2.034932E-16
4.264371E+03	1.224535E-14	2.037098E-16
4.274265E+03	1.222054E-14	2.038158E-16
4.284159E+03	1.217577E-14	2.038190E-16
4.294054E+03	1.211274E-14	2.037301E-16
4.303948E+03	1.203411E-14	2.035738E-16
4.313842E+03	1.194214E-14	2.033666E-16
4.323736E+03	1.183904E-14	2.031238E-16
4.333630E+03	1.172727E-14	2.028651E-16
4.343524E+03	1.160857E-14	2.025988E-16
4.353418E+03	1.148500E-14	2.023400E-16
4.363313E+03	1.135855E-14	2.021041E-16
4.373207E+03	1.123088E-14	2.019030E-16
4.383101E+03	1.110360E-14	2.017493E-16
4.392995E+03	1.097838E-14	2.016589E-16
4.402889E+03	1.085632E-14	2.016400E-16
4.412783E+03	1.073873E-14	2.017061E-16
4.422677E+03	1.062637E-14	2.018625E-16
4.432571E+03	1.051991E-14	2.021150E-16
4.442466E+03	1.041981E-14	2.024659E-16
4.452360E+03	1.032598E-14	2.029091E-16
4.462254E+03	1.023864E-14	2.034443E-16
4.472148E+03	1.015748E-14	2.040624E-16
4.482042E+03	1.008214E-14	2.047532E-16
4.491936E+03	1.001232E-14	2.055077E-16
4.501830E+03	9.947483E-15	2.063133E-16
4.511725E+03	9.887170E-15	2.071580E-16
4.521619E+03	9.831174E-15	2.080355E-16
4.531513E+03	9.778947E-15	2.089325E-16
4.541407E+03	9.730262E-15	2.098425E-16
4.551301E+03	9.684982E-15	2.107609E-16
4.561195E+03	9.642789E-15	2.116795E-16
4.571089E+03	9.603932E-15	2.126025E-16
4.580983E+03	9.568243E-15	2.135251E-16
4.590878E+03	9.535866E-15	2.144499E-16
4.600772E+03	9.506996E-15	2.153806E-16
4.610666E+03	9.481870E-15	2.163221E-16
4.620560E+03	9.460632E-15	2.172775E-16
4.630454E+03	9.443801E-15	2.182588E-16
4.640348E+03	9.431308E-15	2.192645E-16
4.650242E+03	9.423780E-15	2.203092E-16
4.660137E+03	9.421233E-15	2.213936E-16
4.670031E+03	9.423878E-15	2.225230E-16
4.679925E+03	9.431984E-15	2.237038E-16
4.689819E+03	9.445522E-15	2.249355E-16
4.699713E+03	9.464584E-15	2.262202E-16
4.709607E+03	9.488943E-15	2.275523E-16
4.719501E+03	9.518218E-15	2.289223E-16
4.729395E+03	9.552133E-15	2.303229E-16
4.739290E+03	9.589953E-15	2.317355E-16
4.749184E+03	9.631089E-15	2.331447E-16
4.759078E+03	9.674627E-15	2.345272E-16
4.768972E+03	9.719863E-15	2.358644E-16
4.778866E+03	9.765763E-15	2.371299E-16
4.788760E+03	9.811084E-15	2.382920E-16
4.798654E+03	9.854787E-15	2.393241E-16
4.808549E+03	9.895797E-15	2.401988E-16
4.818443E+03	9.932852E-15	2.408848E-16
4.828337E+03	9.964971E-15	2.413576E-16
4.838231E+03	9.991150E-15	2.415929E-16
4.848125E+03	1.001042E-14	2.415677E-16
4.858019E+03	1.002219E-14	2.412691E-16
4.867913E+03	1.002593E-14	2.406857E-16
4.877807E+03	1.002135E-14	2.398130E-16
4.887702E+03	1.000821E-14	2.386484E-16
4.897596E+03	9.986879E-15	2.372039E-16
4.907490E+03	9.957550E-15	2.354884E-16
4.917384E+03	9.920736E-15	2.335184E-16
4.927278E+03	9.877091E-15	2.313140E-16
4.937172E+03	9.827386E-15	2.288983E-16
4.947066E+03	9.772544E-15	2.262979E-16
4.956961E+03	9.713319E-15	2.235354E-16
4.966855E+03	9.650635E-15	2.206371E-16
4.976749E+03	9.585187E-15	2.176239E-16
4.986643E+03	9.517814E-15	2.145197E-16
4.996537E+03	9.449190E-15	2.113444E-16
5.006431E+03	9.379835E-15	2.081142E-16
5.016325E+03	9.310524E-15	2.048506E-16
5.026219E+03	9.241673E-15	2.015669E-16
5.036114E+03	9.173693E-15	1.982761E-16
5.046008E+03	9.107363E-15	1.949986E-16
5.055902E+03	9.042872E-15	1.917421E-16
5.065796E+03	8.980853E-15	1.885233E-16
5.075690E+03	8.921704E-15	1.853536E-16
5.085584E+03	8.865796E-15	1.822436E-16
5.095478E+03	8.813310E-15	1.791998E-16
5.105373E+03	8.764535E-15	1.762308E-16
5.115267E+03	8.719557E-15	1.733411E-16
5.125161E+03	8.678368E-15	1.705331E-16
5.135055E+03	8.640876E-15	1.678082E-16
5.144949E+03	8.606895E-15	1.651659E-16
5.154843E+03	8.576252E-15	1.626067E-16
5.164737E+03	8.548495E-15	1.601258E-16
5.174631E+03	8.523463E-15	1.577249E-16
5.184526E+03	8.500851E-15	1.554033E-16
5.194420E+03	8.480241E-15	1.531589E-16
5.204314E+03	8.461316E-15	1.509919E-16
5.214208E+03	8.443779E-15	1.489037E-16
5.224102E+03	8.427394E-15	1.468970E-16
5.233996E+03	8.411857E-15	1.449740E-16
5.243890E+03	8.396750E-15	1.431353E-16
5.253785E+03	8.381721E-15	1.413830E-16
5.263679E+03	8.366474E-15	1.397207E-16
5.273573E+03	8.350596E-15	1.381500E-16
5.283467E+03	8.333562E-15	1.366710E-16
5.293361E+03	8.314904E-15	1.352848E-16
5.303255E+03	8.294231E-15	1.339936E-16
5.313149E+03	8.270989E-15	1.327964E-16
5.323043E+03	8.244825E-15	1.316952E-16
5.332938E+03	8.215280E-15	1.306896E-16
5.342832E+03	8.182093E-15	1.297811E-16
5.352726E+03	8.145253E-15	1.289716E-16
5.362620E+03	8.104848E-15	1.282558E-16
5.372514E+03	8.061488E-15	1.276339E-16
5.382408E+03	8.016335E-15	1.271138E-16
5.392302E+03	7.970419E-15	1.267011E-16
5.402196E+03	7.924838E-15	1.264021E-16
5.412091E+03	7.880409E-15	1.262191E-16
5.421985E+03	7.837870E-15	1.261530E-16
5.431879E+03	7.797856E-15	1.262041E-16
5.441773E+03	7.760645E-15	1.263669E-16
5.451667E+03	7.726400E-15	1.266349E-16
5.461561E+03	7.695099E-15	1.269991E-16
5.471455E+03	7.666644E-15	1.274495E-16
5.481350E+03	7.640742E-15	1.279733E-16
5.491244E+03	7.617021E-15	1.285570E-16
5.501138E+03	7.595159E-15	1.291879E-16
5.511032E+03	7.574694E-15	1.298513E-16
5.520926E+03	7.555375E-15	1.305363E-16
5.530820E+03	7.536970E-15	1.312327E-16
5.540714E+03	7.519367E-15	1.319327E-16
5.550608E+03	7.502524E-15	1.326299E-16
5.560503E+03	7.486687E-15	1.333236E-16
5.570397E+03	7.472163E-15	1.340145E-16
5.580291E+03	7.459372E-15	1.347060E-16
5.590185E+03	7.448890E-15	1.354047E-16
5.600079E+03	7.441115E-15	1.361146E-16
5.609973E+03	7.436683E-15	1.368445E-16
5.619867E+03	7.436209E-15	1.376031E-16
5.629762E+03	7.440120E-15	1.383962E-16
5.639656E+03	7.448858E-15	1.392300E-16
5.649550E+03	7.462795E-15	1.401096E-16
5.659444E+03	7.482310E-15	1.410404E-16
5.669338E+03	7.507565E-15	1.420238E-16
5.679232E+03	7.538808E-15	1.430625E-16
5.689126E+03	7.576075E-15	1.441555E-16
5.699020E+03	7.619490E-15	1.453031E-16
5.708915E+03	7.668958E-15	1.465013E-16
5.718809E+03	7.724464E-15	1.477475E-16
5.728703E+03	7.785748E-15	1.490341E-16
5.738597E+03	7.852605E-15	1.503544E-16
5.748491E+03	7.924556E-15	1.516964E-16
5.758385E+03	8.001151E-15	1.530482E-16
5.768279E+03	8.081643E-15	1.543924E-16
5.778174E+03	8.165216E-15	1.557100E-16
5.788068E+03	8.250994E-15	1.569810E-16
5.797962E+03	8.337800E-15	1.581800E-16
5.807856E+03	8.424418E-15	1.592811E-16
5.817750E+03	8.509536E-15	1.602569E-16
5.827644E+03	8.591782E-15	1.610797E-16
5.837538E+03	8.669768E-15	1.617223E-16
5.847432E+03	8.742142E-15	1.621591E-16
5.857327E+03	8.807561E-15	1.623658E-16
5.867221E+03	8.864916E-15	1.623234E-16
5.877115E+03	8.913401E-15	1.620201E-16
5.887009E+03	8.952292E-15	1.614464E-16
5.896903E+03	8.981167E-15	1.605995E-16
5.906797E+03	9.000208E-15	1.594885E-16
5.916691E+03	9.009500E-15	1.581214E-16
5.926586E+03	9.009917E-15	1.565209E-16
5.936480E+03	9.002391E-15	1.547105E-16
5.946374E+03	8.988133E-15	1.527189E-16
5.956268E+03	8.968765E-15	1.505811E-16
5.966162E+03	8.945902E-15	1.483315E-16
5.976056E+03	8.921354E-15	1.460070E-16
5.985950E+03	8.896894E-15	1.436425E-16
5.995844E+03	8.874460E-15	1.412749E-16
6.005739E+03	8.855666E-15	1.389344E-16
6.015633E+03	8.842291E-15	1.366529E-16
6.025527E+03	8.835706E-15	1.344547E-16
6.035421E+03	8.837466E-15	1.323665E-16
6.045315E+03	8.848579E-15	1.304058E-16
6.055209E+03	8.870013E-15	1.285894E-16
6.065103E+03	8.902496E-15	1.269310E-16
6.074998E+03	8.946403E-15	1.254393E-16
6.084892E+03	9.001897E-15	1.241216E-16
6.094786E+03	9.068805E-15	1.229817E-16
6.104680E+03	9.146562E-15	1.220206E-16
6.114574E+03	9.233965E-15	1.212330E-16
6.124468E+03	9.329658E-15	1.206151E-16
6.134362E+03	9.431417E-15	1.201554E-16
6.144256E+03	9.536559E-15	1.198404E-16
6.154151E+03	9.641539E-15	1.196499E-16
6.164045E+03	9.742464E-15	1.195630E-16
6.173939E+03	9.834640E-15	1.195522E-16
6.183833E+03	9.913230E-15	1.195899E-16
6.193727E+03	9.973854E-15	1.196544E-16
6.203621E+03	1.001263E-14	1.197280E-16
6.213515E+03	1.002820E-14	1.198190E-16
6.223410E+03	1.002203E-14	1.199635E-16
6.233304E+03	9.998112E-15	1.202202E-16
6.243198E+03	9.961553E-15	1.206430E-16
6.253092E+03	9.917565E-15	1.212759E-16
6.262986E+03	9.871640E-15	1.221650E-16
6.272880E+03	9.828598E-15	1.233488E-16
6.282774E+03	9.792632E-15	1.248605E-16
6.292668E+03	9.767323E-15	1.267290E-16
6.302563E+03	9.755339E-15	1.289754E-16
6.312457E+03	9.758880E-15	1.316192E-16
6.322351E+03	9.779524E-15	1.346754E-16
6.332245E+03	9.818183E-15	1.381540E-16
6.342139E+03	9.875252E-15	1.420606E-16
6.352033E+03	9.950755E-15	1.463981E-16
6.361927E+03	1.004416E-14	1.511628E-16
6.371822E+03	1.015471E-14	1.563488E-16
6.381716E+03	1.028093E-14	1.619387E-16
6.391610E+03	1.042117E-14	1.679117E-16
6.401504E+03	1.057327E-14	1.742372E-16
6.411398E+03	1.073490E-14	1.808786E-16
6.421292E+03	1.090332E-14	1.877900E-16
6.431186E+03	1.107554E-14	1.949169E-16
6.441080E+03	1.124845E-14	2.021987E-16
6.450975E+03	1.141880E-14	2.095671E-16
6.460869E+03	1.158332E-14	2.169495E-16
6.470763E+03	1.173878E-14	2.242686E-16
6.480657E+03	1.188199E-14	2.314441E-16
6.490551E+03	1.201009E-14	2.383969E-16
6.500445E+03	1.212013E-14	2.450429E-16
6.510339E+03	1.220986E-14	2.513083E-16
6.520234E+03	1.227684E-14	2.571128E-16
6.530128E+03	1.231960E-14	2.623941E-16
6.540022E+03	1.233676E-14	2.670903E-16
6.549916E+03	1.232771E-14	2.711564E-16
6.559810E+03	1.229227E-14	2.745564E-16
6.569704E+03	1.223081E-14	2.772684E-16
6.579598E+03	1.214425E-14	2.792842E-16
6.589492E+03	1.203409E-14	2.806126E-16
6.599387E+03	1.190209E-14	2.812712E-16
6.609281E+03	1.175039E-14	2.812899E-16
6.619175E+03	1.158118E-14	2.807046E-16
6.629069E+03	1.139726E-14	2.795688E-16
6.638963E+03	1.120122E-14	2.779360E-16
6.648857E+03	1.099551E-14	2.758595E-16
6.658751E+03	1.078279E-14	2.734022E-16
6.668645E+03	1.056537E-14	2.706201E-16
6.678540E+03	1.034575E-14	2.675787E-16
6.688434E+03	1.012591E-14	2.643316E-16
6.698328E+03	9.907829E-15	2.609355E-16
6.708222E+03	9.692958E-15	2.574344E-16
6.718116E+03	9.483129E-15	2.538841E-16
6.728010E+03	9.279364E-15	2.503200E-16
6.737904E+03	9.082856E-15	2.467829E-16
6.747799E+03	8.894372E-15	2.433027E-16
6.757693E+03	8.714856E-15	2.399143E-16
6.767587E+03	8.544639E-15	2.366359E-16
6.777481E+03	8.384348E-15	2.334939E-16
6.787375E+03	8.234146E-15	2.305015E-16
6.797269E+03	8.094086E-15	2.276683E-16
6.807163E+03	7.964418E-15	2.250093E-16
6.817057E+03	7.845085E-15	2.225301E-16
6.826952E+03	7.735739E-15	2.202274E-16
6.836846E+03	7.636349E-15	2.181065E-16
6.846740E+03	7.546513E-15	2.161613E-16
6.856634E+03	7.465855E-15	2.143857E-16
6.866528E+03	7.394041E-15	2.127744E-16
6.876422E+03	7.330482E-15	2.113140E-16
6.886316E+03	7.274645E-15	2.099921E-16
6.896211E+03	7.226050E-15	2.087973E-16
6.906105E+03	7.183991E-15	2.077113E-16
6.915999E+03	7.147827E-15	2.067170E-16
6.925893E+03	7.116988E-15	2.057992E-16
6.935787E+03	7.090597E-15	2.049334E-16
6.945681E+03	7.068144E-15	2.041055E-16
6.955575E+03	7.048829E-15	2.032929E-16
6.965469E+03	7.031945E-15	2.024756E-16
6.975364E+03	7.016798E-15	2.016339E-16
6.985258E+03	7.002716E-15	2.007490E-16
6.995152E+03	6.988958E-15	1.998001E-16
7.005046E+03	6.975113E-15	1.987761E-16
7.014940E+03	6.960453E-15	1.976571E-16
7.024834E+03	6.944506E-15	1.964308E-16
7.034728E+03	6.926984E-15	1.950905E-16
7.044623E+03	6.907605E-15	1.936298E-16
7.054517E+03	6.886012E-15	1.920407E-16
7.064411E+03	6.862334E-15	1.903291E-16
7.074305E+03	6.836535E-15	1.884962E-16
7.084199E+03	6.808680E-15	1.865465E-16
7.094093E+03	6.779111E-15	1.844920E-16
7.103987E+03	6.748052E-15	1.823414E-16
7.113881E+03	6.715871E-15	1.801075E-16
7.123776E+03	6.682961E-15	1.778034E-16
7.133670E+03	6.649719E-15	1.754422E-16
7.143564E+03	6.616527E-15	1.730364E-16
7.153458E+03	6.583553E-15	1.705926E-16
7.163352E+03	6.551285E-15	1.681255E-16
7.173246E+03	6.519790E-15	1.656390E-16
7.183140E+03	6.489253E-15	1.631397E-16
7.193035E+03	6.459790E-15	1.606325E-16
7.202929E+03	6.431448E-15	1.581204E-16
7.212823E+03	6.404113E-15	1.556029E-16
7.222717E+03	6.377694E-15	1.530799E-16
7.232611E+03	6.351949E-15	1.505484E-16
7.242505E+03	6.326586E-15	1.480043E-16
7.252399E+03	6.301537E-15	1.454494E-16
7.262293E+03	6.276266E-15	1.428754E-16
7.272188E+03	6.250490E-15	1.402802E-16
7.282082E+03	6.224021E-15	1.376649E-16
7.291976E+03	6.196422E-15	1.350254E-16
7.301870E+03	6.167468E-15	1.323633E-16
7.311764E+03	6.136879E-15	1.296796E-16
7.321658E+03	6.104597E-15	1.269807E-16
7.331552E+03	6.070349E-15	1.242691E-16
7.341447E+03	6.034079E-15	1.215525E-16
7.351341E+03	5.995857E-15	1.188414E-16
7.361235E+03	5.955624E-15	1.161444E-16
7.371129E+03	5.913355E-15	1.134709E-16
7.381023E+03	5.869308E-15	1.108361E-16
7.390917E+03	5.823514E-15	1.082513E-16
7.400811E+03	5.776271E-15	1.057326E-16
7.410705E+03	5.727562E-15	1.032904E-16
7.420600E+03	5.677789E-15	1.009428E-16
7.430494E+03	5.627031E-15	9.870199E-17
7.440388E+03	5.575535E-15	9.658279E-17
7.450282E+03	5.523474E-15	9.459849E-17
7.460176E+03	5.471105E-15	9.276338E-17
7.470070E+03	5.418612E-15	9.108990E-17
7.479964E+03	5.366193E-15	8.958995E-17
7.489859E+03	5.314134E-15	8.827601E-17
7.499753E+03	5.262730E-15	8.715967E-17
7.509647E+03	5.212138E-15	8.624898E-17
7.519541E+03	5.162762E-15	8.555482E-17
7.529435E+03	5.114723E-15	8.508201E-17
7.539329E+03	5.068458E-15	8.483913E-17
7.549223E+03	5.024202E-15	8.482617E-17
7.559117E+03	4.982431E-15	8.504270E-17
7.569012E+03	4.943339E-15	8.548302E-17
7.578906E+03	4.907430E-15	8.614672E-17
7.588800E+03	4.874929E-15	8.702888E-17
7.598694E+03	4.846440E-15	8.813204E-17
7.608588E+03	4.822145E-15	8.945213E-17
7.618482E+03	4.802576E-15	9.099282E-17
7.628376E+03	4.788036E-15	9.275497E-17
7.638271E+03	4.778394E-15	9.473243E-17
7.648165E+03	4.773203E-15	9.691345E-17
7.658059E+03	4.772008E-15	9.928623E-17
7.667953E+03	4.774290E-15	1.018377E-16
7.677847E+03	4.779428E-15	1.045523E-16
7.687741E+03	4.787136E-15	1.074213E-16
7.697635E+03	4.796946E-15	1.104319E-16
7.707529E+03	4.808428E-15	1.135717E-16
7.717424E+03	4.821321E-15	1.168320E-16
7.727318E+03	4.835310E-15	1.202025E-16
7.737212E+03	4.850018E-15	1.236709E-16
7.747106E+03	4.865150E-15	1.272267E-16
7.757000E+03	4.880412E-15	1.308587E-16
7.766894E+03	4.895439E-15	1.345534E-16
7.776788E+03	4.910018E-15	1.383009E-16
7.786682E+03	4.923709E-15	1.420844E-16
7.796577E+03	4.936309E-15	1.458931E-16
7.806471E+03	4.947472E-15	1.497111E-16
7.816365E+03	4.957025E-15	1.535277E-16
7.826259E+03	4.964581E-15	1.573244E-16
7.836153E+03	4.969941E-15	1.610883E-16
7.846047E+03	4.973013E-15	1.648092E-16
7.855941E+03	4.973669E-15	1.684757E-16
7.865836E+03	4.971661E-15	1.720719E-16
7.875730E+03	4.967017E-15	1.755911E-16
7.885624E+03	4.959809E-15	1.790280E-16
7.895518E+03	4.949985E-15	1.823736E-16
7.905412E+03	4.937695E-15	1.856259E-16
7.915306E+03	4.922956E-15	1.887784E-16
7.925200E+03	4.905898E-15	1.918294E-16
7.935094E+03	4.886755E-15	1.947816E-16
7.944989E+03	4.865623E-15	1.976328E-16
7.954883E+03	4.842772E-15	2.003885E-16
7.964777E+03	4.818491E-15	2.030560E-16
7.974671E+03	4.792920E-15	2.056368E-16
7.984565E+03	4.766363E-15	2.081404E-16
7.994459E+03	4.739055E-15	2.105740E-16
8.004353E+03	4.711310E-15	2.129492E-16
8.014248E+03	4.683284E-15	2.152715E-16
8.024142E+03	4.655364E-15	2.175576E-16
8.034036E+03	4.627697E-15	2.198140E-16
8.043930E+03	4.600571E-15	2.220546E-16
8.053824E+03	4.574183E-15	2.242898E-16
8.063718E+03	4.548637E-15	2.265257E-16
8.073612E+03	4.524248E-15	2.287800E-16
8.083506E+03	4.501078E-15	2.310578E-16
8.093401E+03	4.479321E-15	2.333717E-16
8.103295E+03	4.458994E-15	2.357255E-16
8.113189E+03	4.440248E-15	2.381302E-16
8.123083E+03	4.423058E-15	2.405876E-16
8.132977E+03	4.407533E-15	2.431071E-16
8.142871E+03	4.393689E-15	2.456930E-16
8.152765E+03	4.381524E-15	2.483487E-16
8.162660E+03	4.371023E-15	2.510771E-16
8.172554E+03	4.362161E-15	2.538800E-16
8.182448E+03	4.354820E-15	2.567541E-16
8.192342E+03	4.349029E-15	2.597043E-16
8.202236E+03	4.344730E-15	2.627303E-16
8.212130E+03	4.341859E-15	2.658314E-16
8.222024E+03	4.340263E-15	2.690011E-16
8.231918E+03	4.339943E-15	2.722421E-16
8.241813E+03	4.340817E-15	2.755519E-16
8.251707E+03	4.342719E-15	2.789222E-16
8.261601E+03	4.345562E-15	2.823497E-16
8.271495E+03	4.349260E-15	2.858303E-16
8.281389E+03	4.353805E-15	2.893654E-16
8.291283E+03	4.359035E-15	2.929457E-16
8.301177E+03	4.364867E-15	2.965669E-16
8.311072E+03	4.371223E-15	3.002249E-16
8.320966E+03	4.378029E-15	3.039153E-16
8.330860E+03	4.385130E-15	3.076282E-16
8.340754E+03	4.392535E-15	3.113647E-16
8.350648E+03	4.400095E-15	3.151144E-16
8.360542E+03	4.407821E-15	3.188785E-16
8.370436E+03	4.415565E-15	3.226463E-16
8.380330E+03	4.423174E-15	3.264063E-16
8.390225E+03	4.430747E-15	3.301655E-16
8.400119E+03	4.438131E-15	3.339121E-16
8.410013E+03	4.445175E-15	3.376341E-16
8.419907E+03	4.451895E-15	3.413317E-16
8.429801E+03	4.458140E-15	3.449926E-16
8.439695E+03	4.463845E-15	3.486103E-16
8.449589E+03	4.469032E-15	3.521855E-16
8.459484E+03	4.473475E-15	3.556987E-16
8.469378E+03	4.477202E-15	3.591508E-16
8.479272E+03	4.480081E-15	3.625292E-16
8.489166E+03	4.482157E-15	3.658359E-16
8.499060E+03	4.483221E-15	3.690517E-16
8.508954E+03	4.483420E-15	3.721868E-16
8.518848E+03	4.482558E-15	3.752227E-16
8.528742E+03	4.480707E-15	3.781635E-16
8.538637E+03	4.477774E-15	3.809988E-16
8.548531E+03	4.473664E-15	3.837186E-16
8.558425E+03	4.468559E-15	3.863357E-16
8.568319E+03	4.462198E-15	3.888257E-16
8.578213E+03	4.454769E-15	3.912024E-16
8.588107E+03	4.446108E-15	3.934491E-16
8.598001E+03	4.436323E-15	3.955728E-16
8.607896E+03	4.425345E-15	3.975653E-16
8.617790E+03	4.413108E-15	3.994181E-16
8.627684E+03	4.399639E-15	4.011312E-16
8.637578E+03	4.384968E-15	4.027051E-16
8.647472E+03	4.369041E-15	4.041321E-16
8.657366E+03	4.351802E-15	4.054050E-16
8.667260E+03	4.333381E-15	4.065333E-16
8.677154E+03	4.313641E-15	4.075019E-16
8.687049E+03	4.292628E-15	4.083126E-16
8.696943E+03	4.270390E-15	4.089678E-16
8.706837E+03	4.246801E-15	4.094529E-16
8.716731E+03	4.221915E-15	4.097709E-16
8.726625E+03	4.195793E-15	4.099252E-16
8.736519E+03	4.168407E-15	4.099111E-16
8.746413E+03	4.139827E-15	4.097329E-16
8.756308E+03	4.110301E-15	4.094138E-16
8.766202E+03	4.079907E-15	4.089596E-16
8.776096E+03	4.048812E-15	4.083857E-16
8.785990E+03	4.017183E-15	4.077082E-16
8.795884E+03	3.985191E-15	4.069437E-16
8.805778E+03	3.953097E-15	4.061186E-16
8.815672E+03	3.920890E-15	4.052317E-16
8.825566E+03	3.888919E-15	4.043194E-16
8.835461E+03	3.857167E-15	4.033806E-16
8.845355E+03	3.825885E-15	4.024424E-16
8.855249E+03	3.795048E-15	4.015031E-16
8.865143E+03	3.764987E-15	4.005991E-16
8.875037E+03	3.735570E-15	3.997178E-16
8.884931E+03	3.707112E-15	3.988946E-16
8.894825E+03	3.679555E-15	3.981252E-16
8.904720E+03	3.652918E-15	3.974134E-16
8.944296E+03	3.556759E-15	3.953112E-16
8.983873E+03	3.477427E-15	3.945208E-16
9.023449E+03	3.412991E-15	3.949458E-16
9.063026E+03	3.360193E-15	3.963116E-16
9.102602E+03	3.315465E-15	3.982743E-16
9.142179E+03	3.275327E-15	4.004676E-16
9.181755E+03	3.237905E-15	4.026939E-16
9.221332E+03	3.202850E-15	4.049315E-16
9.260908E+03	3.170865E-15	4.072908E-16
9.300485E+03	3.142895E-15	4.099185E-16
9.340061E+03	3.119382E-15	4.129013E-16
9.379638E+03	3.100289E-15	4.162644E-16
9.419214E+03	3.085066E-15	4.199617E-16
9.458791E+03	3.072641E-15	4.238697E-16
9.498367E+03	3.061172E-15	4.277494E-16
9.537944E+03	3.049125E-15	4.313914E-16
9.577521E+03	3.034752E-15	4.345454E-16
9.617097E+03	3.017445E-15	4.371143E-16
9.656674E+03	2.997434E-15	4.391204E-16
9.696250E+03	2.975103E-15	4.406111E-16
9.735827E+03	2.951121E-15	4.416792E-16
9.775403E+03	2.926606E-15	4.424901E-16
9.814980E+03	2.901624E-15	4.430553E-16
9.854556E+03	2.876387E-15	4.434098E-16
9.894133E+03	2.851503E-15	4.436508E-16
9.933709E+03	2.826430E-15	4.436988E-16
9.973286E+03	2.801275E-15	4.435739E-16
1.001286E+04	2.775687E-15	4.432237E-16
1.005244E+04	2.749317E-15	4.425943E-16
1.009202E+04	2.722311E-15	4.417099E-16
1.013159E+04	2.694444E-15	4.405353E-16
1.017117E+04	2.665525E-15	4.390401E-16
1.021075E+04	2.635859E-15	4.372745E-16
