#wls	flux	fluxerr
1.583061E+03	3.818344E-15	3.441547E-16
1.622638E+03	3.915216E-15	3.476766E-16
1.662214E+03	4.011492E-15	3.508772E-16
1.701791E+03	4.106786E-15	3.537312E-16
1.741367E+03	4.200406E-15	3.561903E-16
1.780944E+03	4.289841E-15	3.580598E-16
1.820520E+03	4.374997E-15	3.593576E-16
1.860097E+03	4.450767E-15	3.596981E-16
1.899673E+03	4.514559E-15	3.589236E-16
1.939250E+03	4.560951E-15	3.566695E-16
1.978827E+03	4.587480E-15	3.528266E-16
2.018403E+03	4.595659E-15	3.475989E-16
2.057980E+03	4.592382E-15	3.415816E-16
2.097556E+03	4.594099E-15	3.360332E-16
2.137133E+03	4.619193E-15	3.322698E-16
2.176709E+03	4.680774E-15	3.311417E-16
2.216286E+03	4.782523E-15	3.327809E-16
2.255862E+03	4.918198E-15	3.366288E-16
2.295439E+03	5.079847E-15	3.420436E-16
2.335015E+03	5.259636E-15	3.484251E-16
2.374592E+03	5.451543E-15	3.553275E-16
2.414168E+03	5.652723E-15	3.625358E-16
2.453745E+03	5.858639E-15	3.697411E-16
2.493321E+03	6.062499E-15	3.765137E-16
2.532898E+03	6.253955E-15	3.822341E-16
2.572475E+03	6.423765E-15	3.863892E-16
2.612051E+03	6.564345E-15	3.885987E-16
2.651628E+03	6.673477E-15	3.888216E-16
2.691204E+03	6.758841E-15	3.875869E-16
2.730781E+03	6.828653E-15	3.854099E-16
2.770357E+03	6.892814E-15	3.828647E-16
2.809934E+03	6.961184E-15	3.804877E-16
2.849510E+03	7.041005E-15	3.786409E-16
2.889087E+03	7.140159E-15	3.776959E-16
2.928663E+03	7.264574E-15	3.778968E-16
2.968240E+03	7.419800E-15	3.794492E-16
2.978134E+03	7.464235E-15	3.800792E-16
2.988028E+03	7.511267E-15	3.808203E-16
2.997922E+03	7.560975E-15	3.816746E-16
3.007816E+03	7.613455E-15	3.826450E-16
3.017710E+03	7.668856E-15	3.837371E-16
3.027605E+03	7.727326E-15	3.849562E-16
3.037499E+03	7.788955E-15	3.863046E-16
3.047393E+03	7.853831E-15	3.877845E-16
3.057287E+03	7.923157E-15	3.894528E-16
3.067181E+03	7.994978E-15	3.912108E-16
3.077075E+03	8.072370E-15	3.932067E-16
3.086969E+03	8.152374E-15	3.952932E-16
3.096864E+03	8.237068E-15	3.975688E-16
3.106758E+03	8.326519E-15	4.000337E-16
3.116652E+03	8.419789E-15	4.026397E-16
3.126546E+03	8.516908E-15	4.053859E-16
3.136440E+03	8.620005E-15	4.083704E-16
3.146334E+03	8.727055E-15	4.114939E-16
3.156228E+03	8.839135E-15	4.148043E-16
3.166122E+03	8.956265E-15	4.182993E-16
3.176017E+03	9.079502E-15	4.220247E-16
3.185911E+03	9.206716E-15	4.258781E-16
3.195805E+03	9.338921E-15	4.299035E-16
3.205699E+03	9.477071E-15	4.341415E-16
3.215593E+03	9.619992E-15	4.385348E-16
3.225487E+03	9.768573E-15	4.431207E-16
3.235381E+03	9.921498E-15	4.478364E-16
3.245276E+03	1.008063E-14	4.527630E-16
3.255170E+03	1.024230E-14	4.577325E-16
3.265064E+03	1.040934E-14	4.628693E-16
3.274958E+03	1.058003E-14	4.680949E-16
3.284852E+03	1.075371E-14	4.733773E-16
3.294746E+03	1.092953E-14	4.786787E-16
3.304640E+03	1.110765E-14	4.840043E-16
3.314534E+03	1.128583E-14	4.892568E-16
3.324429E+03	1.146277E-14	4.943803E-16
3.334323E+03	1.163933E-14	4.994132E-16
3.344217E+03	1.181159E-14	5.041896E-16
3.354111E+03	1.198008E-14	5.087351E-16
3.364005E+03	1.214169E-14	5.129223E-16
3.373899E+03	1.229438E-14	5.166700E-16
3.383793E+03	1.243592E-14	5.198926E-16
3.393688E+03	1.256520E-14	5.225518E-16
3.403582E+03	1.267989E-14	5.245602E-16
3.413476E+03	1.277767E-14	5.258330E-16
3.423370E+03	1.285631E-14	5.262903E-16
3.433264E+03	1.291365E-14	5.258584E-16
3.443158E+03	1.294762E-14	5.244676E-16
3.453052E+03	1.295727E-14	5.220950E-16
3.462946E+03	1.294117E-14	5.186985E-16
3.472841E+03	1.289806E-14	5.142441E-16
3.482735E+03	1.283069E-14	5.088573E-16
3.492629E+03	1.273834E-14	5.025235E-16
3.502523E+03	1.262583E-14	4.954470E-16
3.512417E+03	1.249236E-14	4.876081E-16
3.522311E+03	1.234230E-14	4.791886E-16
3.532205E+03	1.217815E-14	4.702952E-16
3.542100E+03	1.200336E-14	4.610675E-16
3.551994E+03	1.181869E-14	4.515411E-16
3.561888E+03	1.162750E-14	4.418481E-16
3.571782E+03	1.143291E-14	4.321105E-16
3.581676E+03	1.123699E-14	4.224069E-16
3.591570E+03	1.104092E-14	4.127819E-16
3.601464E+03	1.084790E-14	4.033541E-16
3.611358E+03	1.065801E-14	3.941238E-16
3.621253E+03	1.047395E-14	3.851884E-16
3.631147E+03	1.029618E-14	3.765600E-16
3.641041E+03	1.012563E-14	3.682690E-16
3.650935E+03	9.964291E-15	3.603825E-16
3.660829E+03	9.811531E-15	3.528716E-16
3.670723E+03	9.668377E-15	3.457679E-16
3.680617E+03	9.535125E-15	3.390759E-16
3.690512E+03	9.411907E-15	3.327941E-16
3.700406E+03	9.298780E-15	3.269183E-16
3.710300E+03	9.196142E-15	3.214564E-16
3.720194E+03	9.103805E-15	3.163954E-16
3.730088E+03	9.021039E-15	3.117041E-16
3.739982E+03	8.947566E-15	3.073670E-16
3.749876E+03	8.883923E-15	3.033970E-16
3.759770E+03	8.828843E-15	2.997455E-16
3.769665E+03	8.782767E-15	2.964223E-16
3.779559E+03	8.744441E-15	2.933802E-16
3.789453E+03	8.714237E-15	2.906271E-16
3.799347E+03	8.691304E-15	2.881305E-16
3.809241E+03	8.675199E-15	2.858716E-16
3.819135E+03	8.665476E-15	2.838322E-16
3.829029E+03	8.662054E-15	2.820064E-16
3.838924E+03	8.664127E-15	2.803648E-16
3.848818E+03	8.671278E-15	2.788914E-16
3.858712E+03	8.683440E-15	2.775816E-16
3.868606E+03	8.699885E-15	2.764101E-16
3.878500E+03	8.720579E-15	2.753740E-16
3.888394E+03	8.744539E-15	2.744408E-16
3.898288E+03	8.772419E-15	2.736299E-16
3.908182E+03	8.802992E-15	2.729020E-16
3.918077E+03	8.836334E-15	2.722588E-16
3.927971E+03	8.872526E-15	2.717024E-16
3.937865E+03	8.911074E-15	2.712173E-16
3.947759E+03	8.951527E-15	2.707898E-16
3.957653E+03	8.994329E-15	2.704335E-16
3.967547E+03	9.038787E-15	2.701278E-16
3.977441E+03	9.085092E-15	2.698789E-16
3.987336E+03	9.132883E-15	2.696769E-16
3.997230E+03	9.182364E-15	2.695285E-16
4.007124E+03	9.233195E-15	2.694247E-16
4.017018E+03	9.285315E-15	2.693649E-16
4.026912E+03	9.338396E-15	2.693409E-16
4.036806E+03	9.392626E-15	2.693597E-16
4.046700E+03	9.447930E-15	2.694205E-16
4.056594E+03	9.503722E-15	2.695086E-16
4.066489E+03	9.560422E-15	2.696379E-16
4.076383E+03	9.617215E-15	2.697873E-16
4.086277E+03	9.674520E-15	2.699711E-16
4.096171E+03	9.732280E-15	2.701899E-16
4.106065E+03	9.789733E-15	2.704251E-16
4.115959E+03	9.847298E-15	2.706911E-16
4.125853E+03	9.904711E-15	2.709833E-16
4.135748E+03	9.961668E-15	2.712963E-16
4.145642E+03	1.001831E-14	2.716369E-16
4.155536E+03	1.007405E-14	2.719925E-16
4.165430E+03	1.012891E-14	2.723666E-16
4.175324E+03	1.018218E-14	2.727434E-16
4.185218E+03	1.023369E-14	2.731220E-16
4.195112E+03	1.028275E-14	2.734877E-16
4.205006E+03	1.032880E-14	2.738286E-16
4.214901E+03	1.037075E-14	2.741198E-16
4.224795E+03	1.040808E-14	2.743512E-16
4.234689E+03	1.043978E-14	2.745002E-16
4.244583E+03	1.046490E-14	2.745448E-16
4.254477E+03	1.048269E-14	2.744689E-16
4.264371E+03	1.049236E-14	2.742514E-16
4.274265E+03	1.049345E-14	2.738795E-16
4.284159E+03	1.048557E-14	2.733413E-16
4.294054E+03	1.046856E-14	2.726299E-16
4.303948E+03	1.044279E-14	2.717531E-16
4.313842E+03	1.040811E-14	2.707040E-16
4.323736E+03	1.036542E-14	2.695029E-16
4.333630E+03	1.031504E-14	2.681546E-16
4.343524E+03	1.025764E-14	2.666729E-16
4.353418E+03	1.019431E-14	2.650823E-16
4.363313E+03	1.012558E-14	2.633925E-16
4.373207E+03	1.005282E-14	2.616357E-16
4.383101E+03	9.976847E-15	2.598290E-16
4.392995E+03	9.898720E-15	2.579962E-16
4.402889E+03	9.819210E-15	2.561538E-16
4.412783E+03	9.739447E-15	2.543276E-16
4.422677E+03	9.660321E-15	2.525377E-16
4.432571E+03	9.582465E-15	2.507974E-16
4.442466E+03	9.506532E-15	2.491209E-16
4.452360E+03	9.433212E-15	2.475235E-16
4.462254E+03	9.362764E-15	2.460097E-16
4.472148E+03	9.295506E-15	2.445854E-16
4.482042E+03	9.231647E-15	2.432541E-16
4.491936E+03	9.171308E-15	2.420168E-16
4.501830E+03	9.114563E-15	2.408737E-16
4.511725E+03	9.061436E-15	2.398238E-16
4.521619E+03	9.011914E-15	2.388651E-16
4.531513E+03	8.965968E-15	2.379954E-16
4.541407E+03	8.923562E-15	2.372123E-16
4.551301E+03	8.884659E-15	2.365136E-16
4.561195E+03	8.849234E-15	2.358974E-16
4.571089E+03	8.817265E-15	2.353620E-16
4.580983E+03	8.788866E-15	2.349092E-16
4.590878E+03	8.763809E-15	2.345320E-16
4.600772E+03	8.742341E-15	2.342361E-16
4.610666E+03	8.724258E-15	2.340151E-16
4.620560E+03	8.709807E-15	2.338747E-16
4.630454E+03	8.698786E-15	2.338086E-16
4.640348E+03	8.691205E-15	2.338163E-16
4.650242E+03	8.687165E-15	2.338998E-16
4.660137E+03	8.686522E-15	2.340543E-16
4.670031E+03	8.689211E-15	2.342774E-16
4.679925E+03	8.695017E-15	2.345625E-16
4.689819E+03	8.703787E-15	2.349047E-16
4.699713E+03	8.715312E-15	2.352976E-16
4.709607E+03	8.729117E-15	2.357276E-16
4.719501E+03	8.744875E-15	2.361852E-16
4.729395E+03	8.762197E-15	2.366591E-16
4.739290E+03	8.780529E-15	2.371336E-16
4.749184E+03	8.799679E-15	2.376029E-16
4.759078E+03	8.818992E-15	2.380486E-16
4.768972E+03	8.837976E-15	2.384569E-16
4.778866E+03	8.856326E-15	2.388190E-16
4.788760E+03	8.873195E-15	2.391118E-16
4.798654E+03	8.888163E-15	2.393234E-16
4.808549E+03	8.900724E-15	2.394402E-16
4.818443E+03	8.910374E-15	2.394486E-16
4.828337E+03	8.916466E-15	2.393313E-16
4.838231E+03	8.918817E-15	2.390836E-16
4.848125E+03	8.916799E-15	2.386892E-16
4.858019E+03	8.910173E-15	2.381422E-16
4.867913E+03	8.898862E-15	2.374415E-16
4.877807E+03	8.882602E-15	2.365810E-16
4.887702E+03	8.861412E-15	2.355623E-16
4.897596E+03	8.835225E-15	2.343850E-16
4.907490E+03	8.804433E-15	2.330609E-16
4.917384E+03	8.768948E-15	2.315892E-16
4.927278E+03	8.729346E-15	2.299867E-16
4.937172E+03	8.685864E-15	2.282614E-16
4.947066E+03	8.638892E-15	2.264252E-16
4.956961E+03	8.588981E-15	2.244945E-16
4.966855E+03	8.536486E-15	2.224801E-16
4.976749E+03	8.482088E-15	2.204015E-16
4.986643E+03	8.426091E-15	2.182684E-16
4.996537E+03	8.369178E-15	2.161001E-16
5.006431E+03	8.311660E-15	2.139060E-16
5.016325E+03	8.254200E-15	2.117047E-16
5.026219E+03	8.197268E-15	2.095097E-16
5.036114E+03	8.141226E-15	2.073313E-16
5.046008E+03	8.086589E-15	2.051839E-16
5.055902E+03	8.033757E-15	2.030787E-16
5.065796E+03	7.983007E-15	2.010235E-16
5.075690E+03	7.934750E-15	1.990295E-16
5.085584E+03	7.889257E-15	1.971043E-16
5.095478E+03	7.846747E-15	1.952539E-16
5.105373E+03	7.807293E-15	1.934809E-16
5.115267E+03	7.771150E-15	1.917921E-16
5.125161E+03	7.738177E-15	1.901846E-16
5.135055E+03	7.708496E-15	1.886619E-16
5.144949E+03	7.681922E-15	1.872201E-16
5.154843E+03	7.658215E-15	1.858540E-16
5.164737E+03	7.637251E-15	1.845613E-16
5.174631E+03	7.618863E-15	1.833389E-16
5.184526E+03	7.602614E-15	1.821771E-16
5.194420E+03	7.588361E-15	1.810737E-16
5.204314E+03	7.575628E-15	1.800183E-16
5.214208E+03	7.564163E-15	1.790063E-16
5.224102E+03	7.553628E-15	1.780312E-16
5.233996E+03	7.543601E-15	1.770846E-16
5.243890E+03	7.533896E-15	1.761638E-16
5.253785E+03	7.524014E-15	1.752588E-16
5.263679E+03	7.513621E-15	1.743638E-16
5.273573E+03	7.502544E-15	1.734767E-16
5.283467E+03	7.490319E-15	1.725888E-16
5.293361E+03	7.476657E-15	1.716953E-16
5.303255E+03	7.461374E-15	1.707943E-16
5.313149E+03	7.444247E-15	1.698824E-16
5.323043E+03	7.424947E-15	1.689543E-16
5.332938E+03	7.403501E-15	1.680124E-16
5.342832E+03	7.379777E-15	1.670556E-16
5.352726E+03	7.353782E-15	1.660852E-16
5.362620E+03	7.325603E-15	1.651020E-16
5.372514E+03	7.295435E-15	1.641087E-16
5.382408E+03	7.263569E-15	1.631100E-16
5.392302E+03	7.230352E-15	1.621115E-16
5.402196E+03	7.196151E-15	1.611196E-16
5.412091E+03	7.161274E-15	1.601389E-16
5.421985E+03	7.126094E-15	1.591756E-16
5.431879E+03	7.091104E-15	1.582386E-16
5.441773E+03	7.056477E-15	1.573296E-16
5.451667E+03	7.022570E-15	1.564544E-16
5.461561E+03	6.989623E-15	1.556164E-16
5.471455E+03	6.957978E-15	1.548210E-16
5.481350E+03	6.927735E-15	1.540686E-16
5.491244E+03	6.899035E-15	1.533603E-16
5.501138E+03	6.871930E-15	1.526954E-16
5.511032E+03	6.846535E-15	1.520749E-16
5.520926E+03	6.823031E-15	1.515008E-16
5.530820E+03	6.801406E-15	1.509714E-16
5.540714E+03	6.781866E-15	1.504896E-16
5.550608E+03	6.764641E-15	1.500590E-16
5.560503E+03	6.749787E-15	1.496794E-16
5.570397E+03	6.737654E-15	1.493572E-16
5.580291E+03	6.728351E-15	1.490934E-16
5.590185E+03	6.722208E-15	1.488940E-16
5.600079E+03	6.719504E-15	1.487640E-16
5.609973E+03	6.720523E-15	1.487084E-16
5.619867E+03	6.725549E-15	1.487323E-16
5.629762E+03	6.734784E-15	1.488390E-16
5.639656E+03	6.748537E-15	1.490340E-16
5.649550E+03	6.767019E-15	1.493210E-16
5.659444E+03	6.790325E-15	1.497007E-16
5.669338E+03	6.818559E-15	1.501744E-16
5.679232E+03	6.851824E-15	1.507430E-16
5.689126E+03	6.890017E-15	1.514032E-16
5.699020E+03	6.933016E-15	1.521509E-16
5.708915E+03	6.980539E-15	1.529789E-16
5.718809E+03	7.032415E-15	1.538822E-16
5.728703E+03	7.088103E-15	1.548477E-16
5.738597E+03	7.147169E-15	1.558650E-16
5.748491E+03	7.208948E-15	1.569184E-16
5.758385E+03	7.272752E-15	1.579921E-16
5.768279E+03	7.337885E-15	1.590702E-16
5.778174E+03	7.403371E-15	1.601308E-16
5.788068E+03	7.468389E-15	1.611557E-16
5.797962E+03	7.531943E-15	1.621234E-16
5.807856E+03	7.593166E-15	1.630151E-16
5.817750E+03	7.651136E-15	1.638115E-16
5.827644E+03	7.704818E-15	1.644909E-16
5.837538E+03	7.753470E-15	1.650386E-16
5.847432E+03	7.796304E-15	1.654390E-16
5.857327E+03	7.832886E-15	1.656846E-16
5.867221E+03	7.862570E-15	1.657636E-16
5.877115E+03	7.885265E-15	1.656762E-16
5.887009E+03	7.900789E-15	1.654210E-16
5.896903E+03	7.909473E-15	1.650075E-16
5.906797E+03	7.911566E-15	1.644437E-16
5.916691E+03	7.907686E-15	1.637452E-16
5.926586E+03	7.898729E-15	1.629333E-16
5.936480E+03	7.885699E-15	1.620314E-16
5.946374E+03	7.869606E-15	1.610627E-16
5.956268E+03	7.851887E-15	1.600592E-16
5.966162E+03	7.833768E-15	1.590479E-16
5.976056E+03	7.816831E-15	1.580629E-16
5.985950E+03	7.802376E-15	1.571322E-16
5.995844E+03	7.791911E-15	1.562874E-16
6.005739E+03	7.786817E-15	1.555574E-16
6.015633E+03	7.788467E-15	1.549706E-16
6.025527E+03	7.797890E-15	1.545482E-16
6.035421E+03	7.816199E-15	1.543129E-16
6.045315E+03	7.844248E-15	1.542822E-16
6.055209E+03	7.882763E-15	1.544712E-16
6.065103E+03	7.932142E-15	1.548884E-16
6.074998E+03	7.992506E-15	1.555373E-16
6.084892E+03	8.063808E-15	1.564184E-16
6.094786E+03	8.145481E-15	1.575227E-16
6.104680E+03	8.236713E-15	1.588368E-16
6.114574E+03	8.336169E-15	1.603380E-16
6.124468E+03	8.442126E-15	1.619969E-16
6.134362E+03	8.551874E-15	1.637657E-16
6.144256E+03	8.662545E-15	1.655947E-16
6.154151E+03	8.770668E-15	1.674230E-16
6.164045E+03	8.872520E-15	1.691856E-16
6.173939E+03	8.964300E-15	1.708160E-16
6.183833E+03	9.042282E-15	1.722492E-16
6.193727E+03	9.103159E-15	1.734277E-16
6.203621E+03	9.144396E-15	1.743081E-16
6.213515E+03	9.165141E-15	1.748779E-16
6.223410E+03	9.167126E-15	1.751727E-16
6.233304E+03	9.153416E-15	1.752526E-16
6.243198E+03	9.128247E-15	1.751990E-16
6.253092E+03	9.096152E-15	1.750947E-16
6.262986E+03	9.061678E-15	1.750223E-16
6.272880E+03	9.029211E-15	1.750623E-16
6.282774E+03	9.002524E-15	1.752841E-16
6.292668E+03	8.985039E-15	1.757520E-16
6.302563E+03	8.979591E-15	1.765202E-16
6.312457E+03	8.988152E-15	1.776273E-16
6.322351E+03	9.012474E-15	1.791089E-16
6.332245E+03	9.053487E-15	1.809855E-16
6.342139E+03	9.111694E-15	1.832702E-16
6.352033E+03	9.187298E-15	1.859705E-16
6.361927E+03	9.279586E-15	1.890759E-16
6.371822E+03	9.387978E-15	1.925787E-16
6.381716E+03	9.511019E-15	1.964531E-16
6.391610E+03	9.647170E-15	2.006709E-16
6.401504E+03	9.794345E-15	2.051919E-16
6.411398E+03	9.950356E-15	2.099725E-16
6.421292E+03	1.011254E-14	2.149576E-16
6.431186E+03	1.027826E-14	2.200909E-16
6.441080E+03	1.044447E-14	2.253061E-16
6.450975E+03	1.060844E-14	2.305410E-16
6.460869E+03	1.076704E-14	2.357233E-16
6.470763E+03	1.091768E-14	2.407902E-16
6.480657E+03	1.105740E-14	2.456691E-16
6.490551E+03	1.118367E-14	2.502945E-16
6.500445E+03	1.129401E-14	2.546010E-16
6.510339E+03	1.138649E-14	2.585336E-16
6.520234E+03	1.145923E-14	2.620375E-16
6.530128E+03	1.151058E-14	2.650621E-16
6.540022E+03	1.153967E-14	2.675737E-16
6.549916E+03	1.154579E-14	2.695422E-16
6.559810E+03	1.152863E-14	2.709468E-16
6.569704E+03	1.148846E-14	2.717806E-16
6.579598E+03	1.142582E-14	2.720432E-16
6.589492E+03	1.134145E-14	2.717407E-16
6.599387E+03	1.123686E-14	2.708976E-16
6.609281E+03	1.111342E-14	2.695372E-16
6.619175E+03	1.097302E-14	2.676965E-16
6.629069E+03	1.081745E-14	2.654113E-16
6.638963E+03	1.064890E-14	2.627288E-16
6.648857E+03	1.046947E-14	2.596965E-16
6.658751E+03	1.028132E-14	2.563638E-16
6.668645E+03	1.008658E-14	2.527811E-16
6.678540E+03	9.887315E-15	2.489989E-16
6.688434E+03	9.685490E-15	2.450664E-16
6.698328E+03	9.483071E-15	2.410338E-16
6.708222E+03	9.281660E-15	2.369431E-16
6.718116E+03	9.082813E-15	2.328362E-16
6.728010E+03	8.888017E-15	2.287539E-16
6.737904E+03	8.698388E-15	2.247278E-16
6.747799E+03	8.515067E-15	2.207908E-16
6.757693E+03	8.338830E-15	2.169668E-16
6.767587E+03	8.170492E-15	2.132807E-16
6.777481E+03	8.010522E-15	2.097485E-16
6.787375E+03	7.859438E-15	2.063878E-16
6.797269E+03	7.717532E-15	2.032099E-16
6.807163E+03	7.584801E-15	2.002184E-16
6.817057E+03	7.461582E-15	1.974255E-16
6.826952E+03	7.347664E-15	1.948291E-16
6.836846E+03	7.242926E-15	1.924290E-16
6.846740E+03	7.147246E-15	1.902246E-16
6.856634E+03	7.060340E-15	1.882111E-16
6.866528E+03	6.981688E-15	1.863769E-16
6.876422E+03	6.911124E-15	1.847196E-16
6.886316E+03	6.847934E-15	1.832219E-16
6.896211E+03	6.791766E-15	1.818762E-16
6.906105E+03	6.741984E-15	1.806667E-16
6.915999E+03	6.698003E-15	1.795789E-16
6.925893E+03	6.659213E-15	1.785977E-16
6.935787E+03	6.624986E-15	1.777071E-16
6.945681E+03	6.594688E-15	1.768909E-16
6.955575E+03	6.567683E-15	1.761328E-16
6.965469E+03	6.543265E-15	1.754146E-16
6.975364E+03	6.520983E-15	1.747249E-16
6.985258E+03	6.500018E-15	1.740425E-16
6.995152E+03	6.479981E-15	1.733576E-16
7.005046E+03	6.460370E-15	1.726576E-16
7.014940E+03	6.440584E-15	1.719273E-16
7.024834E+03	6.420393E-15	1.711615E-16
7.034728E+03	6.399323E-15	1.703486E-16
7.044623E+03	6.377207E-15	1.694852E-16
7.054517E+03	6.353798E-15	1.685660E-16
7.064411E+03	6.329072E-15	1.675918E-16
7.074305E+03	6.303001E-15	1.665630E-16
7.084199E+03	6.275461E-15	1.654780E-16
7.094093E+03	6.246618E-15	1.643426E-16
7.103987E+03	6.216599E-15	1.631618E-16
7.113881E+03	6.185491E-15	1.619396E-16
7.123776E+03	6.153555E-15	1.606843E-16
7.133670E+03	6.120910E-15	1.594009E-16
7.143564E+03	6.087680E-15	1.580943E-16
7.153458E+03	6.054203E-15	1.567749E-16
7.163352E+03	6.020505E-15	1.554452E-16
7.173246E+03	5.986809E-15	1.541126E-16
7.183140E+03	5.953165E-15	1.527802E-16
7.193035E+03	5.919664E-15	1.514521E-16
7.202929E+03	5.886288E-15	1.501297E-16
7.212823E+03	5.853203E-15	1.488190E-16
7.222717E+03	5.820246E-15	1.475176E-16
7.232611E+03	5.787443E-15	1.462282E-16
7.242505E+03	5.754643E-15	1.449490E-16
7.252399E+03	5.721745E-15	1.436793E-16
7.262293E+03	5.688633E-15	1.424185E-16
7.272188E+03	5.655179E-15	1.411653E-16
7.282082E+03	5.621254E-15	1.399188E-16
7.291976E+03	5.586733E-15	1.386781E-16
7.301870E+03	5.551499E-15	1.374425E-16
7.311764E+03	5.515452E-15	1.362119E-16
7.321658E+03	5.478445E-15	1.349849E-16
7.331552E+03	5.440487E-15	1.337640E-16
7.341447E+03	5.401478E-15	1.325489E-16
7.351341E+03	5.361478E-15	1.313434E-16
7.361235E+03	5.320505E-15	1.301501E-16
7.371129E+03	5.278602E-15	1.289719E-16
7.381023E+03	5.235703E-15	1.278092E-16
7.390917E+03	5.192093E-15	1.266710E-16
7.400811E+03	5.147748E-15	1.255581E-16
7.410705E+03	5.102789E-15	1.244753E-16
7.420600E+03	5.057355E-15	1.234274E-16
7.430494E+03	5.011656E-15	1.224208E-16
7.440388E+03	4.965855E-15	1.214607E-16
7.450282E+03	4.919994E-15	1.205492E-16
7.460176E+03	4.874381E-15	1.196948E-16
7.470070E+03	4.829204E-15	1.189030E-16
7.479964E+03	4.784541E-15	1.181763E-16
7.489859E+03	4.740717E-15	1.175237E-16
7.499753E+03	4.697944E-15	1.169507E-16
7.509647E+03	4.656371E-15	1.164619E-16
7.519541E+03	4.616211E-15	1.160630E-16
7.529435E+03	4.577731E-15	1.157611E-16
7.539329E+03	4.541134E-15	1.155603E-16
7.549223E+03	4.506557E-15	1.154624E-16
7.559117E+03	4.474239E-15	1.154723E-16
7.569012E+03	4.444292E-15	1.155914E-16
7.578906E+03	4.416980E-15	1.158258E-16
7.588800E+03	4.392322E-15	1.161752E-16
7.598694E+03	4.370539E-15	1.166450E-16
7.608588E+03	4.351599E-15	1.172342E-16
7.618482E+03	4.335666E-15	1.179473E-16
7.628376E+03	4.322682E-15	1.187830E-16
7.638271E+03	4.312566E-15	1.197395E-16
7.648165E+03	4.305145E-15	1.208125E-16
7.658059E+03	4.300260E-15	1.219983E-16
7.667953E+03	4.297615E-15	1.232890E-16
7.677847E+03	4.297013E-15	1.246793E-16
7.687741E+03	4.298136E-15	1.261605E-16
7.697635E+03	4.300717E-15	1.277248E-16
7.707529E+03	4.304601E-15	1.293677E-16
7.717424E+03	4.309407E-15	1.310777E-16
7.727318E+03	4.314923E-15	1.328478E-16
7.737212E+03	4.320826E-15	1.346676E-16
7.747106E+03	4.326967E-15	1.365315E-16
7.757000E+03	4.332974E-15	1.384266E-16
7.766894E+03	4.338711E-15	1.403473E-16
7.776788E+03	4.343878E-15	1.422822E-16
7.786682E+03	4.348184E-15	1.442197E-16
7.796577E+03	4.351530E-15	1.461544E-16
7.806471E+03	4.353714E-15	1.480769E-16
7.816365E+03	4.354439E-15	1.499746E-16
7.826259E+03	4.353667E-15	1.518431E-16
7.836153E+03	4.351265E-15	1.536746E-16
7.846047E+03	4.347014E-15	1.554580E-16
7.855941E+03	4.340954E-15	1.571914E-16
7.865836E+03	4.333043E-15	1.588696E-16
7.875730E+03	4.323147E-15	1.604841E-16
7.885624E+03	4.311401E-15	1.620362E-16
7.895518E+03	4.297727E-15	1.635195E-16
7.905412E+03	4.282259E-15	1.649354E-16
7.915306E+03	4.264971E-15	1.662795E-16
7.925200E+03	4.246102E-15	1.675576E-16
7.935094E+03	4.225789E-15	1.687721E-16
7.944989E+03	4.204070E-15	1.699216E-16
7.954883E+03	4.181234E-15	1.710150E-16
7.964777E+03	4.157461E-15	1.720574E-16
7.974671E+03	4.132885E-15	1.730521E-16
7.984565E+03	4.107817E-15	1.740105E-16
7.994459E+03	4.082399E-15	1.749372E-16
8.004353E+03	4.056831E-15	1.758398E-16
8.014248E+03	4.031370E-15	1.767284E-16
8.024142E+03	4.006148E-15	1.776086E-16
8.034036E+03	3.981354E-15	1.784886E-16
8.043930E+03	3.957217E-15	1.793789E-16
8.053824E+03	3.933790E-15	1.802823E-16
8.063718E+03	3.911332E-15	1.812113E-16
8.073612E+03	3.889863E-15	1.821681E-16
8.083506E+03	3.869611E-15	1.831643E-16
8.093401E+03	3.850562E-15	1.842007E-16
8.103295E+03	3.832851E-15	1.852852E-16
8.113189E+03	3.816486E-15	1.864200E-16
8.123083E+03	3.801572E-15	1.876118E-16
8.132977E+03	3.788084E-15	1.888613E-16
8.142871E+03	3.776043E-15	1.901714E-16
8.152765E+03	3.765456E-15	1.915444E-16
8.162660E+03	3.756318E-15	1.929818E-16
8.172554E+03	3.748614E-15	1.944850E-16
8.182448E+03	3.742321E-15	1.960545E-16
8.192342E+03	3.737351E-15	1.976876E-16
8.202236E+03	3.733663E-15	1.993839E-16
8.212130E+03	3.731261E-15	2.011454E-16
8.222024E+03	3.729983E-15	2.029650E-16
8.231918E+03	3.729876E-15	2.048467E-16
8.241813E+03	3.730817E-15	2.067853E-16
8.251707E+03	3.732678E-15	2.087751E-16
8.261601E+03	3.735384E-15	2.108129E-16
8.271495E+03	3.738909E-15	2.128984E-16
8.281389E+03	3.743170E-15	2.150280E-16
8.291283E+03	3.747971E-15	2.171912E-16
8.301177E+03	3.753279E-15	2.193866E-16
8.311072E+03	3.759007E-15	2.216098E-16
8.320966E+03	3.765007E-15	2.238525E-16
8.330860E+03	3.771247E-15	2.261128E-16
8.340754E+03	3.777578E-15	2.283821E-16
8.350648E+03	3.783907E-15	2.306548E-16
8.360542E+03	3.790146E-15	2.329250E-16
8.370436E+03	3.796145E-15	2.351834E-16
8.380330E+03	3.801870E-15	2.374274E-16
8.390225E+03	3.807236E-15	2.396509E-16
8.400119E+03	3.812037E-15	2.418402E-16
8.410013E+03	3.816306E-15	2.439966E-16
8.419907E+03	3.819843E-15	2.461062E-16
8.429801E+03	3.822690E-15	2.481705E-16
8.439695E+03	3.824654E-15	2.501758E-16
8.449589E+03	3.825664E-15	2.521160E-16
8.459484E+03	3.825720E-15	2.539895E-16
8.469378E+03	3.824704E-15	2.557871E-16
8.479272E+03	3.822628E-15	2.575078E-16
8.489166E+03	3.819327E-15	2.591389E-16
8.499060E+03	3.814827E-15	2.606802E-16
8.508954E+03	3.809161E-15	2.621322E-16
8.518848E+03	3.802187E-15	2.634833E-16
8.528742E+03	3.793951E-15	2.647349E-16
8.538637E+03	3.784449E-15	2.658847E-16
8.548531E+03	3.773681E-15	2.669309E-16
8.558425E+03	3.761654E-15	2.678722E-16
8.568319E+03	3.748381E-15	2.687076E-16
8.578213E+03	3.733880E-15	2.694367E-16
8.588107E+03	3.718175E-15	2.700595E-16
8.598001E+03	3.701295E-15	2.705765E-16
8.607896E+03	3.683276E-15	2.709885E-16
8.617790E+03	3.664217E-15	2.713015E-16
8.627684E+03	3.644097E-15	2.715123E-16
8.637578E+03	3.623090E-15	2.716326E-16
8.647472E+03	3.601120E-15	2.716553E-16
8.657366E+03	3.578299E-15	2.715879E-16
8.667260E+03	3.554749E-15	2.714384E-16
8.677154E+03	3.530527E-15	2.712103E-16
8.687049E+03	3.505629E-15	2.709025E-16
8.696943E+03	3.480245E-15	2.705287E-16
8.706837E+03	3.454438E-15	2.700934E-16
8.716731E+03	3.428212E-15	2.695965E-16
8.726625E+03	3.401697E-15	2.690476E-16
8.736519E+03	3.374960E-15	2.684519E-16
8.746413E+03	3.348198E-15	2.678248E-16
8.756308E+03	3.321292E-15	2.671570E-16
8.766202E+03	3.294501E-15	2.664691E-16
8.776096E+03	3.267832E-15	2.657621E-16
8.785990E+03	3.241292E-15	2.650368E-16
8.795884E+03	3.215073E-15	2.643094E-16
8.805778E+03	3.189180E-15	2.635806E-16
8.815672E+03	3.163679E-15	2.628564E-16
8.825566E+03	3.138628E-15	2.621425E-16
8.835461E+03	3.114086E-15	2.614445E-16
8.845355E+03	3.090168E-15	2.607727E-16
8.855249E+03	3.066798E-15	2.601217E-16
8.865143E+03	3.044145E-15	2.595066E-16
8.875037E+03	3.022182E-15	2.589264E-16
8.884931E+03	3.001004E-15	2.583898E-16
8.894825E+03	2.980572E-15	2.578950E-16
8.904720E+03	2.960966E-15	2.574496E-16
8.944296E+03	2.890647E-15	2.561726E-16
8.983873E+03	2.833339E-15	2.557592E-16
9.023449E+03	2.787986E-15	2.561806E-16
9.063026E+03	2.752427E-15	2.572964E-16
9.102602E+03	2.724212E-15	2.589234E-16
9.142179E+03	2.700806E-15	2.608532E-16
9.181755E+03	2.680106E-15	2.629040E-16
9.221332E+03	2.660859E-15	2.649651E-16
9.260908E+03	2.642366E-15	2.669740E-16
9.300485E+03	2.624314E-15	2.689039E-16
9.340061E+03	2.606600E-15	2.707477E-16
9.379638E+03	2.589219E-15	2.725082E-16
9.419214E+03	2.571957E-15	2.741659E-16
9.458791E+03	2.554435E-15	2.756822E-16
9.498367E+03	2.536233E-15	2.770121E-16
9.537944E+03	2.516661E-15	2.780789E-16
9.577521E+03	2.495620E-15	2.788683E-16
9.617097E+03	2.472711E-15	2.793319E-16
9.656674E+03	2.448129E-15	2.794876E-16
9.696250E+03	2.422171E-15	2.793663E-16
9.735827E+03	2.394998E-15	2.789844E-16
9.775403E+03	2.367037E-15	2.783906E-16
9.814980E+03	2.338538E-15	2.776147E-16
9.854556E+03	2.309940E-15	2.767103E-16
9.894133E+03	2.281311E-15	2.756880E-16
9.933709E+03	2.252456E-15	2.745266E-16
9.973286E+03	2.223697E-15	2.732677E-16
1.001286E+04	2.194545E-15	2.718538E-16
1.005244E+04	2.165419E-15	2.703384E-16
1.009202E+04	2.135783E-15	2.686571E-16
1.013159E+04	2.105908E-15	2.668453E-16
1.017117E+04	2.075756E-15	2.648998E-16
1.021075E+04	2.045290E-15	2.628180E-16
