#wls	flux	fluxerr
1.583061E+03	2.903885E-15	2.990342E-16
1.622638E+03	2.991671E-15	3.040082E-16
1.662214E+03	3.077135E-15	3.084552E-16
1.701791E+03	3.160727E-15	3.124253E-16
1.741367E+03	3.240396E-15	3.157231E-16
1.780944E+03	3.315855E-15	3.183346E-16
1.820520E+03	3.384595E-15	3.200381E-16
1.860097E+03	3.445058E-15	3.207158E-16
1.899673E+03	3.494996E-15	3.201966E-16
1.939250E+03	3.531951E-15	3.183053E-16
1.978827E+03	3.556951E-15	3.151915E-16
2.018403E+03	3.573001E-15	3.111722E-16
2.057980E+03	3.587559E-15	3.069280E-16
2.097556E+03	3.614477E-15	3.036314E-16
2.137133E+03	3.668217E-15	3.024192E-16
2.176709E+03	3.759084E-15	3.040003E-16
2.216286E+03	3.888123E-15	3.082815E-16
2.255862E+03	4.049358E-15	3.146146E-16
2.295439E+03	4.234719E-15	3.222286E-16
2.335015E+03	4.436400E-15	3.304215E-16
2.374592E+03	4.649972E-15	3.387872E-16
2.414168E+03	4.871857E-15	3.470089E-16
2.453745E+03	5.102526E-15	3.550749E-16
2.493321E+03	5.342134E-15	3.629497E-16
2.532898E+03	5.593618E-15	3.707818E-16
2.572475E+03	5.857434E-15	3.785411E-16
2.612051E+03	6.139689E-15	3.865513E-16
2.651628E+03	6.439029E-15	3.946397E-16
2.691204E+03	6.756783E-15	4.028043E-16
2.730781E+03	7.092373E-15	4.109250E-16
2.770357E+03	7.444586E-15	4.188493E-16
2.809934E+03	7.815697E-15	4.266253E-16
2.849510E+03	8.206174E-15	4.341938E-16
2.889087E+03	8.616267E-15	4.414852E-16
2.928663E+03	9.047719E-15	4.485078E-16
2.968240E+03	9.500050E-15	4.551580E-16
2.978134E+03	9.617039E-15	4.567845E-16
2.988028E+03	9.734412E-15	4.583384E-16
2.997922E+03	9.852050E-15	4.598143E-16
3.007816E+03	9.972140E-15	4.613137E-16
3.017710E+03	1.009236E-14	4.627277E-16
3.027605E+03	1.021381E-14	4.641072E-16
3.037499E+03	1.033634E-14	4.654445E-16
3.047393E+03	1.045979E-14	4.667321E-16
3.057287E+03	1.058413E-14	4.679680E-16
3.067181E+03	1.071026E-14	4.691920E-16
3.077075E+03	1.083562E-14	4.702916E-16
3.086969E+03	1.096109E-14	4.713064E-16
3.096864E+03	1.108754E-14	4.722748E-16
3.106758E+03	1.121351E-14	4.731348E-16
3.116652E+03	1.133869E-14	4.738750E-16
3.126546E+03	1.146388E-14	4.745314E-16
3.136440E+03	1.158759E-14	4.750434E-16
3.146334E+03	1.170943E-14	4.753986E-16
3.156228E+03	1.183018E-14	4.756321E-16
3.166122E+03	1.194945E-14	4.757305E-16
3.176017E+03	1.206680E-14	4.756801E-16
3.185911E+03	1.218063E-14	4.754223E-16
3.195805E+03	1.229167E-14	4.749905E-16
3.205699E+03	1.240058E-14	4.744152E-16
3.215593E+03	1.250459E-14	4.735954E-16
3.225487E+03	1.260438E-14	4.725636E-16
3.235381E+03	1.269945E-14	4.713084E-16
3.245276E+03	1.279044E-14	4.698597E-16
3.255170E+03	1.287573E-14	4.681651E-16
3.265064E+03	1.295482E-14	4.662150E-16
3.274958E+03	1.302836E-14	4.640411E-16
3.284852E+03	1.309587E-14	4.616340E-16
3.294746E+03	1.315580E-14	4.589485E-16
3.304640E+03	1.320772E-14	4.559799E-16
3.314534E+03	1.325343E-14	4.527992E-16
3.324429E+03	1.329144E-14	4.493651E-16
3.334323E+03	1.332038E-14	4.456414E-16
3.344217E+03	1.334208E-14	4.416997E-16
3.354111E+03	1.335524E-14	4.375070E-16
3.364005E+03	1.335969E-14	4.330675E-16
3.373899E+03	1.335629E-14	4.284193E-16
3.383793E+03	1.334495E-14	4.235689E-16
3.393688E+03	1.332465E-14	4.184934E-16
3.403582E+03	1.329545E-14	4.132046E-16
3.413476E+03	1.325931E-14	4.077728E-16
3.423370E+03	1.321538E-14	4.021793E-16
3.433264E+03	1.316287E-14	3.964088E-16
3.443158E+03	1.310365E-14	3.905256E-16
3.453052E+03	1.303765E-14	3.845324E-16
3.462946E+03	1.296396E-14	3.784060E-16
3.472841E+03	1.288261E-14	3.721514E-16
3.482735E+03	1.279456E-14	3.657992E-16
3.492629E+03	1.269996E-14	3.593575E-16
3.502523E+03	1.259910E-14	3.528363E-16
3.512417E+03	1.249233E-14	3.462482E-16
3.522311E+03	1.238084E-14	3.396272E-16
3.532205E+03	1.226363E-14	3.329477E-16
3.542100E+03	1.214342E-14	3.262845E-16
3.551994E+03	1.201934E-14	3.196141E-16
3.561888E+03	1.189203E-14	3.129536E-16
3.571782E+03	1.176342E-14	3.063531E-16
3.581676E+03	1.163344E-14	2.998094E-16
3.591570E+03	1.150267E-14	2.933362E-16
3.601464E+03	1.137170E-14	2.869459E-16
3.611358E+03	1.124165E-14	2.806648E-16
3.621253E+03	1.111244E-14	2.744878E-16
3.631147E+03	1.098507E-14	2.684369E-16
3.641041E+03	1.085994E-14	2.625184E-16
3.650935E+03	1.073790E-14	2.567489E-16
3.660829E+03	1.061818E-14	2.511064E-16
3.670723E+03	1.050204E-14	2.456169E-16
3.680617E+03	1.038911E-14	2.402676E-16
3.690512E+03	1.027950E-14	2.350577E-16
3.700406E+03	1.017417E-14	2.300047E-16
3.710300E+03	1.007218E-14	2.250836E-16
3.720194E+03	9.973890E-15	2.202989E-16
3.730088E+03	9.879602E-15	2.156535E-16
3.739982E+03	9.788302E-15	2.111219E-16
3.749876E+03	9.700609E-15	2.067145E-16
3.759770E+03	9.615865E-15	2.024143E-16
3.769665E+03	9.534183E-15	1.982211E-16
3.779559E+03	9.455262E-15	1.941261E-16
3.789453E+03	9.378429E-15	1.901138E-16
3.799347E+03	9.303715E-15	1.861830E-16
3.809241E+03	9.230779E-15	1.823259E-16
3.819135E+03	9.159279E-15	1.785346E-16
3.829029E+03	9.088877E-15	1.748020E-16
3.838924E+03	9.019241E-15	1.711217E-16
3.848818E+03	8.950059E-15	1.674880E-16
3.858712E+03	8.881059E-15	1.638964E-16
3.868606E+03	8.811993E-15	1.603433E-16
3.878500E+03	8.742928E-15	1.568311E-16
3.888394E+03	8.673446E-15	1.533539E-16
3.898288E+03	8.603195E-15	1.499071E-16
3.908182E+03	8.532675E-15	1.465017E-16
3.918077E+03	8.461616E-15	1.431351E-16
3.927971E+03	8.390100E-15	1.398108E-16
3.937865E+03	8.318182E-15	1.365323E-16
3.947759E+03	8.245749E-15	1.333002E-16
3.957653E+03	8.173165E-15	1.301231E-16
3.967547E+03	8.100547E-15	1.270053E-16
3.977441E+03	8.027621E-15	1.239454E-16
3.987336E+03	7.954964E-15	1.209552E-16
3.997230E+03	7.882514E-15	1.180363E-16
4.007124E+03	7.810419E-15	1.151941E-16
4.017018E+03	7.738632E-15	1.124306E-16
4.026912E+03	7.667295E-15	1.097512E-16
4.036806E+03	7.596719E-15	1.071632E-16
4.046700E+03	7.526487E-15	1.046641E-16
4.056594E+03	7.457069E-15	1.022635E-16
4.066489E+03	7.388410E-15	9.996390E-17
4.076383E+03	7.320497E-15	9.776837E-17
4.086277E+03	7.253680E-15	9.568476E-17
4.096171E+03	7.187879E-15	9.371508E-17
4.106065E+03	7.123405E-15	9.186635E-17
4.115959E+03	7.060627E-15	9.014605E-17
4.125853E+03	6.999819E-15	8.856019E-17
4.135748E+03	6.941441E-15	8.711679E-17
4.145642E+03	6.885831E-15	8.582202E-17
4.155536E+03	6.833331E-15	8.468178E-17
4.165430E+03	6.784516E-15	8.370457E-17
4.175324E+03	6.739627E-15	8.289446E-17
4.185218E+03	6.698826E-15	8.225428E-17
4.195112E+03	6.662157E-15	8.178487E-17
4.205006E+03	6.629630E-15	8.148251E-17
4.214901E+03	6.601069E-15	8.133873E-17
4.224795E+03	6.575981E-15	8.134105E-17
4.234689E+03	6.553647E-15	8.147418E-17
4.244583E+03	6.533346E-15	8.172264E-17
4.254477E+03	6.513825E-15	8.206408E-17
4.264371E+03	6.493994E-15	8.247782E-17
4.274265E+03	6.473307E-15	8.294973E-17
4.284159E+03	6.451614E-15	8.347056E-17
4.294054E+03	6.428856E-15	8.403229E-17
4.303948E+03	6.405027E-15	8.462767E-17
4.313842E+03	6.380090E-15	8.524924E-17
4.323736E+03	6.354116E-15	8.589120E-17
4.333630E+03	6.326916E-15	8.654450E-17
4.343524E+03	6.298644E-15	8.720496E-17
4.353418E+03	6.269410E-15	8.786821E-17
4.363313E+03	6.239295E-15	8.852987E-17
4.373207E+03	6.208622E-15	8.918932E-17
4.383101E+03	6.177663E-15	8.984585E-17
4.392995E+03	6.146643E-15	9.049847E-17
4.402889E+03	6.115981E-15	9.114960E-17
4.412783E+03	6.086005E-15	9.180090E-17
4.422677E+03	6.056864E-15	9.245175E-17
4.432571E+03	6.028919E-15	9.310523E-17
4.442466E+03	6.002314E-15	9.376149E-17
4.452360E+03	5.977140E-15	9.442021E-17
4.462254E+03	5.953692E-15	9.508452E-17
4.472148E+03	5.931827E-15	9.575093E-17
4.482042E+03	5.911618E-15	9.641950E-17
4.491936E+03	5.893189E-15	9.709134E-17
4.501830E+03	5.876422E-15	9.776371E-17
4.511725E+03	5.861339E-15	9.843629E-17
4.521619E+03	5.848037E-15	9.911008E-17
4.531513E+03	5.836386E-15	9.978242E-17
4.541407E+03	5.826417E-15	1.004534E-16
4.551301E+03	5.818165E-15	1.011231E-16
4.561195E+03	5.811679E-15	1.017922E-16
4.571089E+03	5.807015E-15	1.024613E-16
4.580983E+03	5.804239E-15	1.031314E-16
4.590878E+03	5.803352E-15	1.038024E-16
4.600772E+03	5.804428E-15	1.044753E-16
4.610666E+03	5.807675E-15	1.051538E-16
4.620560E+03	5.812952E-15	1.058352E-16
4.630454E+03	5.820448E-15	1.065229E-16
4.640348E+03	5.830132E-15	1.072161E-16
4.650242E+03	5.841955E-15	1.079138E-16
4.660137E+03	5.855910E-15	1.086156E-16
4.670031E+03	5.871969E-15	1.093208E-16
4.679925E+03	5.889943E-15	1.100254E-16
4.689819E+03	5.909676E-15	1.107264E-16
4.699713E+03	5.930982E-15	1.114197E-16
4.709607E+03	5.953564E-15	1.120992E-16
4.719501E+03	5.977014E-15	1.127568E-16
4.729395E+03	6.001004E-15	1.133857E-16
4.739290E+03	6.025083E-15	1.139767E-16
4.749184E+03	6.049077E-15	1.145259E-16
4.759078E+03	6.072566E-15	1.150248E-16
4.768972E+03	6.095356E-15	1.154691E-16
4.778866E+03	6.117087E-15	1.158516E-16
4.788760E+03	6.137248E-15	1.161623E-16
4.798654E+03	6.155586E-15	1.163960E-16
4.808549E+03	6.171595E-15	1.165430E-16
4.818443E+03	6.184805E-15	1.165944E-16
4.828337E+03	6.195002E-15	1.165465E-16
4.838231E+03	6.201764E-15	1.163916E-16
4.848125E+03	6.204939E-15	1.161276E-16
4.858019E+03	6.204308E-15	1.157511E-16
4.867913E+03	6.199727E-15	1.152606E-16
4.877807E+03	6.191191E-15	1.146571E-16
4.887702E+03	6.178706E-15	1.139422E-16
4.897596E+03	6.162363E-15	1.131193E-16
4.907490E+03	6.142401E-15	1.121946E-16
4.917384E+03	6.119082E-15	1.111746E-16
4.927278E+03	6.092672E-15	1.100663E-16
4.937172E+03	6.063664E-15	1.088806E-16
4.947066E+03	6.032377E-15	1.076252E-16
4.956961E+03	5.999270E-15	1.063104E-16
4.966855E+03	5.964678E-15	1.049441E-16
4.976749E+03	5.929122E-15	1.035374E-16
4.986643E+03	5.892876E-15	1.020969E-16
4.996537E+03	5.856322E-15	1.006311E-16
5.006431E+03	5.820011E-15	9.915091E-17
5.016325E+03	5.784116E-15	9.766088E-17
5.026219E+03	5.749037E-15	9.616917E-17
5.036114E+03	5.715162E-15	9.468350E-17
5.046008E+03	5.682804E-15	9.321017E-17
5.055902E+03	5.652205E-15	9.175411E-17
5.065796E+03	5.623709E-15	9.032177E-17
5.075690E+03	5.597519E-15	8.891711E-17
5.085584E+03	5.573921E-15	8.754529E-17
5.095478E+03	5.553102E-15	8.620975E-17
5.105373E+03	5.535201E-15	8.491307E-17
5.115267E+03	5.520360E-15	8.365787E-17
5.125161E+03	5.508495E-15	8.244328E-17
5.135055E+03	5.499636E-15	8.127030E-17
5.144949E+03	5.493761E-15	8.013921E-17
5.154843E+03	5.490691E-15	7.904815E-17
5.164737E+03	5.490321E-15	7.799658E-17
5.174631E+03	5.492405E-15	7.698222E-17
5.184526E+03	5.496790E-15	7.600441E-17
5.194420E+03	5.503201E-15	7.506111E-17
5.204314E+03	5.511516E-15	7.415277E-17
5.214208E+03	5.521389E-15	7.327710E-17
5.224102E+03	5.532685E-15	7.243508E-17
5.233996E+03	5.545026E-15	7.162487E-17
5.243890E+03	5.558242E-15	7.084774E-17
5.253785E+03	5.572024E-15	7.010352E-17
5.263679E+03	5.585979E-15	6.939141E-17
5.273573E+03	5.599789E-15	6.871195E-17
5.283467E+03	5.612996E-15	6.806428E-17
5.293361E+03	5.625278E-15	6.744954E-17
5.303255E+03	5.636176E-15	6.686748E-17
5.313149E+03	5.645095E-15	6.631636E-17
5.323043E+03	5.651710E-15	6.579780E-17
5.332938E+03	5.655406E-15	6.530994E-17
5.342832E+03	5.655752E-15	6.485294E-17
5.352726E+03	5.652305E-15	6.442652E-17
5.362620E+03	5.644797E-15	6.403189E-17
5.372514E+03	5.633161E-15	6.367193E-17
5.382408E+03	5.617882E-15	6.335318E-17
5.392302E+03	5.599512E-15	6.307836E-17
5.402196E+03	5.578770E-15	6.285085E-17
5.412091E+03	5.556360E-15	6.267346E-17
5.421985E+03	5.532774E-15	6.254628E-17
5.431879E+03	5.508620E-15	6.247056E-17
5.441773E+03	5.484386E-15	6.244616E-17
5.451667E+03	5.460446E-15	6.247173E-17
5.461561E+03	5.437281E-15	6.254726E-17
5.471455E+03	5.415096E-15	6.266985E-17
5.481350E+03	5.394265E-15	6.283877E-17
5.491244E+03	5.374900E-15	6.305057E-17
5.501138E+03	5.357191E-15	6.330296E-17
5.511032E+03	5.341354E-15	6.359429E-17
5.520926E+03	5.327530E-15	6.392236E-17
5.530820E+03	5.315755E-15	6.428397E-17
5.540714E+03	5.306276E-15	6.467877E-17
5.550608E+03	5.299137E-15	6.510425E-17
5.560503E+03	5.294553E-15	6.556025E-17
5.570397E+03	5.292651E-15	6.604579E-17
5.580291E+03	5.293622E-15	6.656094E-17
5.590185E+03	5.297721E-15	6.710680E-17
5.600079E+03	5.305051E-15	6.768278E-17
5.609973E+03	5.315872E-15	6.829047E-17
5.619867E+03	5.330332E-15	6.893017E-17
5.629762E+03	5.348615E-15	6.960277E-17
5.639656E+03	5.370933E-15	7.030965E-17
5.649550E+03	5.397310E-15	7.104979E-17
5.659444E+03	5.427885E-15	7.182367E-17
5.669338E+03	5.462640E-15	7.262975E-17
5.679232E+03	5.501611E-15	7.346714E-17
5.689126E+03	5.544656E-15	7.433251E-17
5.699020E+03	5.591565E-15	7.522151E-17
5.708915E+03	5.642218E-15	7.613094E-17
5.718809E+03	5.696197E-15	7.705344E-17
5.728703E+03	5.753174E-15	7.798276E-17
5.738597E+03	5.812641E-15	7.891009E-17
5.748491E+03	5.874075E-15	7.982634E-17
5.758385E+03	5.936897E-15	8.072160E-17
5.768279E+03	6.000482E-15	8.158529E-17
5.778174E+03	6.064166E-15	8.240638E-17
5.788068E+03	6.127205E-15	8.317273E-17
5.797962E+03	6.188962E-15	8.387386E-17
5.807856E+03	6.248691E-15	8.449795E-17
5.817750E+03	6.305787E-15	8.503534E-17
5.827644E+03	6.359511E-15	8.547481E-17
5.837538E+03	6.409440E-15	8.580978E-17
5.847432E+03	6.454990E-15	8.603183E-17
5.857327E+03	6.495883E-15	8.613703E-17
5.867221E+03	6.531917E-15	8.612283E-17
5.877115E+03	6.562984E-15	8.598831E-17
5.887009E+03	6.589276E-15	8.573676E-17
5.896903E+03	6.611044E-15	8.537258E-17
5.906797E+03	6.628790E-15	8.490353E-17
5.916691E+03	6.643255E-15	8.434055E-17
5.926586E+03	6.655153E-15	8.369415E-17
5.936480E+03	6.665672E-15	8.298070E-17
5.946374E+03	6.675731E-15	8.221283E-17
5.956268E+03	6.686681E-15	8.140817E-17
5.966162E+03	6.699758E-15	8.058228E-17
5.976056E+03	6.716307E-15	7.975150E-17
5.985950E+03	6.737771E-15	7.893251E-17
5.995844E+03	6.765528E-15	7.814042E-17
6.005739E+03	6.800861E-15	7.738837E-17
6.015633E+03	6.845204E-15	7.669042E-17
6.025527E+03	6.899785E-15	7.605737E-17
6.035421E+03	6.965719E-15	7.549808E-17
6.045315E+03	7.043981E-15	7.501922E-17
6.055209E+03	7.135439E-15	7.462588E-17
6.065103E+03	7.240800E-15	7.432119E-17
6.074998E+03	7.360330E-15	7.410382E-17
6.084892E+03	7.494009E-15	7.397006E-17
6.094786E+03	7.641432E-15	7.391337E-17
6.104680E+03	7.801788E-15	7.392482E-17
6.114574E+03	7.973285E-15	7.398835E-17
6.124468E+03	8.153125E-15	7.408177E-17
6.134362E+03	8.337390E-15	7.417691E-17
6.144256E+03	8.521250E-15	7.424261E-17
6.154151E+03	8.698298E-15	7.423984E-17
6.164045E+03	8.860969E-15	7.412638E-17
6.173939E+03	9.000414E-15	7.385603E-17
6.183833E+03	9.107323E-15	7.338536E-17
6.193727E+03	9.172463E-15	7.267666E-17
6.203621E+03	9.188470E-15	7.170985E-17
6.213515E+03	9.152733E-15	7.050126E-17
6.223410E+03	9.070820E-15	6.912507E-17
6.233304E+03	8.953341E-15	6.768521E-17
6.243198E+03	8.812560E-15	6.628864E-17
6.253092E+03	8.660268E-15	6.503072E-17
6.262986E+03	8.507331E-15	6.399398E-17
6.272880E+03	8.362818E-15	6.324120E-17
6.282774E+03	8.233562E-15	6.280780E-17
6.292668E+03	8.124626E-15	6.271546E-17
6.302563E+03	8.039509E-15	6.297699E-17
6.312457E+03	7.980569E-15	6.360016E-17
6.322351E+03	7.948820E-15	6.458604E-17
6.332245E+03	7.944862E-15	6.593600E-17
6.342139E+03	7.968536E-15	6.764851E-17
6.352033E+03	8.019220E-15	6.972080E-17
6.361927E+03	8.095998E-15	7.214960E-17
6.371822E+03	8.197442E-15	7.492842E-17
6.381716E+03	8.322051E-15	7.805074E-17
6.391610E+03	8.467928E-15	8.150631E-17
6.401504E+03	8.632577E-15	8.527835E-17
6.411398E+03	8.813641E-15	8.934981E-17
6.421292E+03	9.008123E-15	9.369526E-17
6.431186E+03	9.212974E-15	9.828596E-17
6.441080E+03	9.424957E-15	1.030881E-16
6.450975E+03	9.640403E-15	1.080596E-16
6.460869E+03	9.855885E-15	1.131575E-16
6.470763E+03	1.006775E-14	1.183322E-16
6.480657E+03	1.027257E-14	1.235329E-16
6.490551E+03	1.046676E-14	1.287033E-16
6.500445E+03	1.064685E-14	1.337848E-16
6.510339E+03	1.080987E-14	1.387217E-16
6.520234E+03	1.095265E-14	1.434525E-16
6.530128E+03	1.107255E-14	1.479203E-16
6.540022E+03	1.116751E-14	1.520738E-16
6.549916E+03	1.123587E-14	1.558655E-16
6.559810E+03	1.127630E-14	1.592519E-16
6.569704E+03	1.128867E-14	1.622060E-16
6.579598E+03	1.127265E-14	1.646992E-16
6.589492E+03	1.122916E-14	1.667217E-16
6.599387E+03	1.115928E-14	1.682682E-16
6.609281E+03	1.106457E-14	1.693427E-16
6.619175E+03	1.094676E-14	1.699548E-16
6.629069E+03	1.080814E-14	1.701245E-16
6.638963E+03	1.065113E-14	1.698779E-16
6.648857E+03	1.047805E-14	1.692418E-16
6.658751E+03	1.029138E-14	1.682484E-16
6.668645E+03	1.009371E-14	1.669345E-16
6.678540E+03	9.887444E-15	1.653366E-16
6.688434E+03	9.674803E-15	1.634901E-16
6.698328E+03	9.458218E-15	1.614364E-16
6.708222E+03	9.239649E-15	1.592106E-16
6.718116E+03	9.020998E-15	1.568482E-16
6.728010E+03	8.804091E-15	1.543851E-16
6.737904E+03	8.590456E-15	1.518529E-16
6.747799E+03	8.381333E-15	1.492788E-16
6.757693E+03	8.178067E-15	1.466929E-16
6.767587E+03	7.981522E-15	1.441168E-16
6.777481E+03	7.792477E-15	1.415709E-16
6.787375E+03	7.611538E-15	1.390727E-16
6.797269E+03	7.439241E-15	1.366380E-16
6.807163E+03	7.275792E-15	1.342770E-16
6.817057E+03	7.121441E-15	1.319998E-16
6.826952E+03	6.976227E-15	1.298128E-16
6.836846E+03	6.840084E-15	1.277199E-16
6.846740E+03	6.712851E-15	1.257226E-16
6.856634E+03	6.594208E-15	1.238194E-16
6.866528E+03	6.484001E-15	1.220113E-16
6.876422E+03	6.381777E-15	1.202932E-16
6.886316E+03	6.287118E-15	1.186602E-16
6.896211E+03	6.199561E-15	1.171066E-16
6.906105E+03	6.118690E-15	1.156266E-16
6.915999E+03	6.043914E-15	1.142114E-16
6.925893E+03	5.974699E-15	1.128525E-16
6.935787E+03	5.910506E-15	1.115413E-16
6.945681E+03	5.850860E-15	1.102703E-16
6.955575E+03	5.795147E-15	1.090290E-16
6.965469E+03	5.742906E-15	1.078100E-16
6.975364E+03	5.693547E-15	1.066030E-16
6.985258E+03	5.646570E-15	1.053997E-16
6.995152E+03	5.601571E-15	1.041935E-16
7.005046E+03	5.558035E-15	1.029758E-16
7.014940E+03	5.515550E-15	1.017399E-16
7.024834E+03	5.473814E-15	1.004814E-16
7.034728E+03	5.432498E-15	9.919536E-17
7.044623E+03	5.391182E-15	9.787536E-17
7.054517E+03	5.349770E-15	9.652107E-17
7.064411E+03	5.308008E-15	9.512938E-17
7.074305E+03	5.265825E-15	9.370062E-17
7.084199E+03	5.223062E-15	9.223366E-17
7.094093E+03	5.179669E-15	9.072943E-17
7.103987E+03	5.135694E-15	8.919067E-17
7.113881E+03	5.091022E-15	8.761733E-17
7.123776E+03	5.045887E-15	8.601547E-17
7.133670E+03	5.000149E-15	8.438479E-17
7.143564E+03	4.954011E-15	8.273085E-17
7.153458E+03	4.907489E-15	8.105606E-17
7.163352E+03	4.860729E-15	7.936503E-17
7.173246E+03	4.813758E-15	7.766042E-17
7.183140E+03	4.766663E-15	7.594593E-17
7.193035E+03	4.719657E-15	7.422719E-17
7.202929E+03	4.672640E-15	7.250491E-17
7.212823E+03	4.625877E-15	7.078560E-17
7.222717E+03	4.579325E-15	6.907094E-17
7.232611E+03	4.533175E-15	6.736625E-17
7.242505E+03	4.487378E-15	6.567328E-17
7.252399E+03	4.442111E-15	6.399719E-17
7.262293E+03	4.397368E-15	6.234053E-17
7.272188E+03	4.353255E-15	6.070753E-17
7.282082E+03	4.309814E-15	5.910165E-17
7.291976E+03	4.267034E-15	5.752572E-17
7.301870E+03	4.225013E-15	5.598425E-17
7.311764E+03	4.183799E-15	5.448119E-17
7.321658E+03	4.143442E-15	5.302071E-17
7.331552E+03	4.104055E-15	5.160793E-17
7.341447E+03	4.065536E-15	5.024549E-17
7.351341E+03	4.028117E-15	4.894042E-17
7.361235E+03	3.991765E-15	4.769664E-17
7.371129E+03	3.956560E-15	4.651970E-17
7.381023E+03	3.922585E-15	4.541533E-17
7.390917E+03	3.889979E-15	4.439010E-17
7.400811E+03	3.858778E-15	4.344948E-17
7.410705E+03	3.829016E-15	4.259909E-17
7.420600E+03	3.800779E-15	4.184513E-17
7.430494E+03	3.774149E-15	4.119370E-17
7.440388E+03	3.749253E-15	4.065128E-17
7.450282E+03	3.726005E-15	4.022180E-17
7.460176E+03	3.704618E-15	3.991208E-17
7.470070E+03	3.684983E-15	3.972504E-17
7.479964E+03	3.667232E-15	3.966564E-17
7.489859E+03	3.651275E-15	3.973583E-17
7.499753E+03	3.637149E-15	3.993677E-17
7.509647E+03	3.624817E-15	4.026540E-17
7.519541E+03	3.614156E-15	4.071692E-17
7.529435E+03	3.605104E-15	4.128673E-17
7.539329E+03	3.597459E-15	4.196828E-17
7.549223E+03	3.591071E-15	4.275529E-17
7.559117E+03	3.585586E-15	4.363882E-17
7.569012E+03	3.580790E-15	4.461134E-17
7.578906E+03	3.576316E-15	4.566313E-17
7.588800E+03	3.571645E-15	4.678224E-17
7.598694E+03	3.566413E-15	4.795825E-17
7.608588E+03	3.560096E-15	4.917814E-17
7.618482E+03	3.552239E-15	5.042929E-17
7.628376E+03	3.542482E-15	5.169994E-17
7.638271E+03	3.530742E-15	5.298204E-17
7.648165E+03	3.517088E-15	5.426989E-17
7.658059E+03	3.501744E-15	5.556058E-17
7.667953E+03	3.485031E-15	5.685331E-17
7.677847E+03	3.467221E-15	5.814728E-17
7.687741E+03	3.448527E-15	5.944135E-17
7.697635E+03	3.429225E-15	6.073616E-17
7.707529E+03	3.409512E-15	6.203161E-17
7.717424E+03	3.389502E-15	6.332669E-17
7.727318E+03	3.369416E-15	6.462284E-17
7.737212E+03	3.349256E-15	6.591780E-17
7.747106E+03	3.329181E-15	6.721271E-17
7.757000E+03	3.309232E-15	6.850672E-17
7.766894E+03	3.289384E-15	6.979783E-17
7.776788E+03	3.269639E-15	7.108474E-17
7.786682E+03	3.250078E-15	7.236800E-17
7.796577E+03	3.230634E-15	7.364511E-17
7.806471E+03	3.211282E-15	7.491449E-17
7.816365E+03	3.192037E-15	7.617552E-17
7.826259E+03	3.172824E-15	7.742561E-17
7.836153E+03	3.153703E-15	7.866538E-17
7.846047E+03	3.134606E-15	7.989237E-17
7.855941E+03	3.115516E-15	8.110540E-17
7.865836E+03	3.096463E-15	8.230458E-17
7.875730E+03	3.077487E-15	8.349037E-17
7.885624E+03	3.058547E-15	8.466115E-17
7.895518E+03	3.039656E-15	8.581678E-17
7.905412E+03	3.020917E-15	8.695979E-17
7.915306E+03	3.002274E-15	8.808827E-17
7.925200E+03	2.983886E-15	8.920670E-17
7.935094E+03	2.965669E-15	9.031253E-17
7.944989E+03	2.947794E-15	9.141094E-17
7.954883E+03	2.930232E-15	9.250122E-17
7.964777E+03	2.913037E-15	9.358532E-17
7.974671E+03	2.896311E-15	9.466686E-17
7.984565E+03	2.880116E-15	9.574841E-17
7.994459E+03	2.864474E-15	9.683132E-17
8.004353E+03	2.849491E-15	9.791992E-17
8.014248E+03	2.835191E-15	9.901592E-17
8.024142E+03	2.821676E-15	1.001239E-16
8.034036E+03	2.808929E-15	1.012443E-16
8.043930E+03	2.797048E-15	1.023818E-16
8.053824E+03	2.786087E-15	1.035398E-16
8.063718E+03	2.776058E-15	1.047201E-16
8.073612E+03	2.767011E-15	1.059259E-16
8.083506E+03	2.758946E-15	1.071588E-16
8.093401E+03	2.751939E-15	1.084233E-16
8.103295E+03	2.745945E-15	1.097193E-16
8.113189E+03	2.741027E-15	1.110508E-16
8.123083E+03	2.737169E-15	1.124188E-16
8.132977E+03	2.734384E-15	1.138257E-16
8.142871E+03	2.732683E-15	1.152734E-16
8.152765E+03	2.731995E-15	1.167607E-16
8.162660E+03	2.732395E-15	1.182924E-16
8.172554E+03	2.733803E-15	1.198668E-16
8.182448E+03	2.736247E-15	1.214865E-16
8.192342E+03	2.739640E-15	1.231493E-16
8.202236E+03	2.744037E-15	1.248592E-16
8.212130E+03	2.749305E-15	1.266117E-16
8.222024E+03	2.755493E-15	1.284103E-16
8.231918E+03	2.762534E-15	1.302533E-16
8.241813E+03	2.770358E-15	1.321387E-16
8.251707E+03	2.778929E-15	1.340658E-16
8.261601E+03	2.788208E-15	1.360340E-16
8.271495E+03	2.798112E-15	1.380402E-16
8.281389E+03	2.808637E-15	1.400852E-16
8.291283E+03	2.819696E-15	1.421653E-16
8.301177E+03	2.831200E-15	1.442770E-16
8.311072E+03	2.843098E-15	1.464181E-16
8.320966E+03	2.855371E-15	1.485882E-16
8.330860E+03	2.867888E-15	1.507809E-16
8.340754E+03	2.880590E-15	1.529934E-16
8.350648E+03	2.893417E-15	1.552227E-16
8.360542E+03	2.906309E-15	1.574656E-16
8.370436E+03	2.919127E-15	1.597145E-16
8.380330E+03	2.931886E-15	1.619700E-16
8.390225E+03	2.944447E-15	1.642241E-16
8.400119E+03	2.956709E-15	1.664709E-16
8.410013E+03	2.968688E-15	1.687105E-16
8.419907E+03	2.980208E-15	1.709325E-16
8.429801E+03	2.991289E-15	1.731370E-16
8.439695E+03	3.001758E-15	1.753133E-16
8.449589E+03	3.011639E-15	1.774616E-16
8.459484E+03	3.020804E-15	1.795735E-16
8.469378E+03	3.029246E-15	1.816473E-16
8.479272E+03	3.036842E-15	1.836743E-16
8.489166E+03	3.043555E-15	1.856508E-16
8.499060E+03	3.049350E-15	1.875735E-16
8.508954E+03	3.054158E-15	1.894363E-16
8.518848E+03	3.057957E-15	1.912365E-16
8.528742E+03	3.060725E-15	1.929710E-16
8.538637E+03	3.062370E-15	1.946323E-16
8.548531E+03	3.062921E-15	1.962207E-16
8.558425E+03	3.062336E-15	1.977315E-16
8.568319E+03	3.060615E-15	1.991632E-16
8.578213E+03	3.057724E-15	2.005118E-16
8.588107E+03	3.053632E-15	2.017733E-16
8.598001E+03	3.048355E-15	2.029472E-16
8.607896E+03	3.041954E-15	2.040356E-16
8.617790E+03	3.034329E-15	2.050302E-16
8.627684E+03	3.025592E-15	2.059368E-16
8.637578E+03	3.015690E-15	2.067500E-16
8.647472E+03	3.004618E-15	2.074680E-16
8.657366E+03	2.992495E-15	2.080973E-16
8.667260E+03	2.979241E-15	2.086306E-16
8.677154E+03	2.964938E-15	2.090723E-16
8.687049E+03	2.949633E-15	2.094242E-16
8.696943E+03	2.933331E-15	2.096853E-16
8.706837E+03	2.916083E-15	2.098577E-16
8.716731E+03	2.897896E-15	2.099407E-16
8.726625E+03	2.878862E-15	2.099399E-16
8.736519E+03	2.859075E-15	2.098609E-16
8.746413E+03	2.838504E-15	2.097004E-16
8.756308E+03	2.817281E-15	2.094673E-16
8.766202E+03	2.795457E-15	2.091645E-16
8.776096E+03	2.773205E-15	2.088042E-16
8.785990E+03	2.750489E-15	2.083834E-16
8.795884E+03	2.727520E-15	2.079174E-16
8.805778E+03	2.704300E-15	2.074062E-16
8.815672E+03	2.680951E-15	2.068591E-16
8.825566E+03	2.657513E-15	2.062788E-16
8.835461E+03	2.634098E-15	2.056744E-16
8.845355E+03	2.610823E-15	2.050550E-16
8.855249E+03	2.587672E-15	2.044198E-16
8.865143E+03	2.564709E-15	2.037740E-16
8.875037E+03	2.542077E-15	2.031294E-16
8.884931E+03	2.519748E-15	2.024845E-16
8.894825E+03	2.497774E-15	2.018439E-16
8.904720E+03	2.476204E-15	2.012120E-16
8.944296E+03	2.394747E-15	1.988516E-16
8.983873E+03	2.321753E-15	1.968568E-16
9.023449E+03	2.257474E-15	1.952994E-16
9.063026E+03	2.201257E-15	1.941724E-16
9.102602E+03	2.152067E-15	1.934283E-16
9.142179E+03	2.108382E-15	1.929672E-16
9.181755E+03	2.068845E-15	1.926935E-16
9.221332E+03	2.032148E-15	1.925068E-16
9.260908E+03	1.997262E-15	1.923248E-16
9.300485E+03	1.963424E-15	1.920843E-16
9.340061E+03	1.930123E-15	1.917424E-16
9.379638E+03	1.897062E-15	1.912747E-16
9.419214E+03	1.863970E-15	1.906573E-16
9.458791E+03	1.830715E-15	1.898793E-16
9.498367E+03	1.797208E-15	1.889338E-16
9.537944E+03	1.763458E-15	1.878235E-16
9.577521E+03	1.729565E-15	1.865610E-16
9.617097E+03	1.695557E-15	1.851520E-16
9.656674E+03	1.661808E-15	1.836403E-16
9.696250E+03	1.628319E-15	1.820297E-16
9.735827E+03	1.595365E-15	1.803554E-16
9.775403E+03	1.563090E-15	1.786385E-16
9.814980E+03	1.531567E-15	1.768927E-16
9.854556E+03	1.500873E-15	1.751326E-16
9.894133E+03	1.470834E-15	1.733429E-16
9.933709E+03	1.441668E-15	1.715544E-16
9.973286E+03	1.412999E-15	1.697274E-16
1.001286E+04	1.384987E-15	1.678853E-16
1.005244E+04	1.357401E-15	1.660042E-16
1.009202E+04	1.330389E-15	1.641060E-16
1.013159E+04	1.303693E-15	1.621624E-16
1.017117E+04	1.277544E-15	1.602056E-16
1.021075E+04	1.251651E-15	1.582024E-16
