#wls	flux	fluxerr
1.583061E+03	2.543437E-15	3.062425E-16
1.622638E+03	2.615252E-15	3.110699E-16
1.662214E+03	2.683674E-15	3.152345E-16
1.701791E+03	2.749117E-15	3.187958E-16
1.741367E+03	2.810525E-15	3.216430E-16
1.780944E+03	2.866896E-15	3.236786E-16
1.820520E+03	2.917515E-15	3.248434E-16
1.860097E+03	2.961048E-15	3.250163E-16
1.899673E+03	2.996186E-15	3.240875E-16
1.939250E+03	3.022033E-15	3.220012E-16
1.978827E+03	3.038948E-15	3.188401E-16
2.018403E+03	3.050461E-15	3.150129E-16
2.057980E+03	3.064238E-15	3.113261E-16
2.097556E+03	3.090557E-15	3.087968E-16
2.137133E+03	3.142758E-15	3.086724E-16
2.176709E+03	3.229010E-15	3.116090E-16
2.216286E+03	3.350103E-15	3.175045E-16
2.255862E+03	3.500853E-15	3.256923E-16
2.295439E+03	3.675172E-15	3.354568E-16
2.335015E+03	3.866575E-15	3.460877E-16
2.374592E+03	4.072329E-15	3.572483E-16
2.414168E+03	4.292182E-15	3.688343E-16
2.453745E+03	4.526405E-15	3.807867E-16
2.493321E+03	4.779221E-15	3.933696E-16
2.532898E+03	5.052446E-15	4.066229E-16
2.572475E+03	5.351988E-15	4.208951E-16
2.612051E+03	5.680716E-15	4.362580E-16
2.651628E+03	6.042420E-15	4.528319E-16
2.691204E+03	6.435340E-15	4.703040E-16
2.730781E+03	6.858598E-15	4.884389E-16
2.770357E+03	7.309264E-15	5.068650E-16
2.809934E+03	7.783159E-15	5.251504E-16
2.849510E+03	8.274717E-15	5.428059E-16
2.889087E+03	8.778796E-15	5.594156E-16
2.928663E+03	9.285484E-15	5.743121E-16
2.968240E+03	9.785836E-15	5.869661E-16
2.978134E+03	9.908222E-15	5.896848E-16
2.988028E+03	1.002968E-14	5.922386E-16
2.997922E+03	1.014891E-14	5.945531E-16
3.007816E+03	1.026674E-14	5.966797E-16
3.017710E+03	1.038298E-14	5.986109E-16
3.027605E+03	1.049638E-14	6.002777E-16
3.037499E+03	1.060775E-14	6.017304E-16
3.047393E+03	1.071681E-14	6.029565E-16
3.057287E+03	1.082340E-14	6.039519E-16
3.067181E+03	1.092610E-14	6.046416E-16
3.077075E+03	1.102564E-14	6.050724E-16
3.086969E+03	1.112276E-14	6.052889E-16
3.096864E+03	1.121497E-14	6.051610E-16
3.106758E+03	1.130300E-14	6.047355E-16
3.116652E+03	1.138651E-14	6.040015E-16
3.126546E+03	1.146625E-14	6.030050E-16
3.136440E+03	1.153977E-14	6.016245E-16
3.146334E+03	1.160888E-14	5.999631E-16
3.156228E+03	1.167224E-14	5.979583E-16
3.166122E+03	1.172956E-14	5.956053E-16
3.176017E+03	1.178059E-14	5.928996E-16
3.185911E+03	1.182612E-14	5.898909E-16
3.195805E+03	1.186592E-14	5.865762E-16
3.205699E+03	1.189774E-14	5.828533E-16
3.215593E+03	1.192448E-14	5.788746E-16
3.225487E+03	1.194293E-14	5.744940E-16
3.235381E+03	1.195603E-14	5.698632E-16
3.245276E+03	1.196165E-14	5.648900E-16
3.255170E+03	1.196078E-14	5.596305E-16
3.265064E+03	1.195335E-14	5.540923E-16
3.274958E+03	1.193845E-14	5.482417E-16
3.284852E+03	1.191804E-14	5.421793E-16
3.294746E+03	1.189032E-14	5.358318E-16
3.304640E+03	1.185730E-14	5.292986E-16
3.314534E+03	1.181730E-14	5.225133E-16
3.324429E+03	1.177236E-14	5.155747E-16
3.334323E+03	1.172181E-14	5.084610E-16
3.344217E+03	1.166681E-14	5.012290E-16
3.354111E+03	1.160596E-14	4.938260E-16
3.364005E+03	1.154215E-14	4.863806E-16
3.373899E+03	1.147324E-14	4.788089E-16
3.383793E+03	1.140210E-14	4.712351E-16
3.393688E+03	1.132674E-14	4.635809E-16
3.403582E+03	1.124994E-14	4.559653E-16
3.413476E+03	1.117136E-14	4.483757E-16
3.423370E+03	1.109067E-14	4.408018E-16
3.433264E+03	1.100901E-14	4.332908E-16
3.443158E+03	1.092741E-14	4.258842E-16
3.453052E+03	1.084479E-14	4.185381E-16
3.462946E+03	1.076280E-14	4.113150E-16
3.472841E+03	1.068100E-14	4.041957E-16
3.482735E+03	1.059968E-14	3.971887E-16
3.492629E+03	1.051974E-14	3.903248E-16
3.502523E+03	1.044075E-14	3.835852E-16
3.512417E+03	1.036359E-14	3.769988E-16
3.522311E+03	1.028844E-14	3.705684E-16
3.532205E+03	1.021491E-14	3.642765E-16
3.542100E+03	1.014438E-14	3.581681E-16
3.551994E+03	1.007582E-14	3.522029E-16
3.561888E+03	1.001051E-14	3.464215E-16
3.571782E+03	9.947471E-15	3.407858E-16
3.581676E+03	9.887857E-15	3.353310E-16
3.591570E+03	9.831183E-15	3.300361E-16
3.601464E+03	9.777981E-15	3.249148E-16
3.611358E+03	9.727698E-15	3.199442E-16
3.621253E+03	9.680765E-15	3.151344E-16
3.631147E+03	9.636593E-15	3.104621E-16
3.641041E+03	9.595953E-15	3.059484E-16
3.650935E+03	9.557668E-15	3.015518E-16
3.660829E+03	9.521972E-15	2.972767E-16
3.670723E+03	9.488973E-15	2.931231E-16
3.680617E+03	9.457417E-15	2.890497E-16
3.690512E+03	9.427809E-15	2.850699E-16
3.700406E+03	9.399722E-15	2.811686E-16
3.710300E+03	9.371896E-15	2.773069E-16
3.720194E+03	9.345152E-15	2.735083E-16
3.730088E+03	9.318240E-15	2.697354E-16
3.739982E+03	9.291128E-15	2.659877E-16
3.749876E+03	9.263002E-15	2.622422E-16
3.759770E+03	9.234226E-15	2.585102E-16
3.769665E+03	9.203623E-15	2.547601E-16
3.779559E+03	9.171558E-15	2.510039E-16
3.789453E+03	9.137281E-15	2.472230E-16
3.799347E+03	9.100449E-15	2.434109E-16
3.809241E+03	9.061068E-15	2.395707E-16
3.819135E+03	9.018519E-15	2.356892E-16
3.829029E+03	8.972533E-15	2.317631E-16
3.838924E+03	8.923229E-15	2.277996E-16
3.848818E+03	8.870408E-15	2.237973E-16
3.858712E+03	8.813608E-15	2.197490E-16
3.868606E+03	8.753036E-15	2.156644E-16
3.878500E+03	8.688628E-15	2.115463E-16
3.888394E+03	8.620078E-15	2.073920E-16
3.898288E+03	8.548011E-15	2.032212E-16
3.908182E+03	8.471945E-15	1.990267E-16
3.918077E+03	8.392313E-15	1.948233E-16
3.927971E+03	8.309295E-15	1.906196E-16
3.937865E+03	8.223141E-15	1.864254E-16
3.947759E+03	8.134151E-15	1.822511E-16
3.957653E+03	8.042648E-15	1.781078E-16
3.967547E+03	7.948793E-15	1.740022E-16
3.977441E+03	7.853462E-15	1.699565E-16
3.987336E+03	7.756632E-15	1.659726E-16
3.997230E+03	7.658955E-15	1.620666E-16
4.007124E+03	7.560862E-15	1.582495E-16
4.017018E+03	7.462561E-15	1.545271E-16
4.026912E+03	7.364602E-15	1.509120E-16
4.036806E+03	7.267296E-15	1.474112E-16
4.046700E+03	7.170563E-15	1.440238E-16
4.056594E+03	7.075010E-15	1.407625E-16
4.066489E+03	6.980485E-15	1.376242E-16
4.076383E+03	6.887570E-15	1.346207E-16
4.086277E+03	6.796186E-15	1.317500E-16
4.096171E+03	6.706784E-15	1.290205E-16
4.106065E+03	6.619527E-15	1.264347E-16
4.115959E+03	6.534703E-15	1.239974E-16
4.125853E+03	6.453085E-15	1.217222E-16
4.135748E+03	6.374842E-15	1.196110E-16
4.145642E+03	6.300492E-15	1.176721E-16
4.155536E+03	6.230538E-15	1.159133E-16
4.165430E+03	6.165311E-15	1.143394E-16
4.175324E+03	6.105332E-15	1.129585E-16
4.185218E+03	6.050682E-15	1.117703E-16
4.195112E+03	6.001761E-15	1.107783E-16
4.205006E+03	5.958406E-15	1.099737E-16
4.214901E+03	5.920879E-15	1.093560E-16
4.224795E+03	5.888768E-15	1.089125E-16
4.234689E+03	5.861938E-15	1.086360E-16
4.244583E+03	5.839953E-15	1.085141E-16
4.254477E+03	5.822301E-15	1.085330E-16
4.264371E+03	5.808424E-15	1.086785E-16
4.274265E+03	5.797303E-15	1.089277E-16
4.284159E+03	5.788065E-15	1.092602E-16
4.294054E+03	5.779770E-15	1.096543E-16
4.303948E+03	5.771408E-15	1.100870E-16
4.313842E+03	5.762082E-15	1.105366E-16
4.323736E+03	5.751187E-15	1.109872E-16
4.333630E+03	5.738256E-15	1.114251E-16
4.343524E+03	5.722772E-15	1.118357E-16
4.353418E+03	5.704743E-15	1.122142E-16
4.363313E+03	5.684121E-15	1.125552E-16
4.373207E+03	5.660975E-15	1.128554E-16
4.383101E+03	5.635597E-15	1.131163E-16
4.392995E+03	5.608270E-15	1.133396E-16
4.402889E+03	5.579414E-15	1.135299E-16
4.412783E+03	5.549444E-15	1.136923E-16
4.422677E+03	5.518708E-15	1.138308E-16
4.432571E+03	5.487628E-15	1.139513E-16
4.442466E+03	5.456544E-15	1.140586E-16
4.452360E+03	5.425608E-15	1.141535E-16
4.462254E+03	5.395292E-15	1.142443E-16
4.472148E+03	5.365755E-15	1.143326E-16
4.482042E+03	5.337070E-15	1.144188E-16
4.491936E+03	5.309693E-15	1.145113E-16
4.501830E+03	5.283564E-15	1.146079E-16
4.511725E+03	5.258932E-15	1.147133E-16
4.521619E+03	5.235959E-15	1.148303E-16
4.531513E+03	5.214701E-15	1.149595E-16
4.541407E+03	5.195435E-15	1.151068E-16
4.551301E+03	5.178061E-15	1.152694E-16
4.561195E+03	5.162824E-15	1.154526E-16
4.571089E+03	5.149815E-15	1.156582E-16
4.580983E+03	5.138978E-15	1.158849E-16
4.590878E+03	5.130520E-15	1.161370E-16
4.600772E+03	5.124493E-15	1.164157E-16
4.610666E+03	5.120808E-15	1.167188E-16
4.620560E+03	5.119620E-15	1.170498E-16
4.630454E+03	5.120865E-15	1.174069E-16
4.640348E+03	5.124606E-15	1.177914E-16
4.650242E+03	5.130659E-15	1.181990E-16
4.660137E+03	5.139165E-15	1.186324E-16
4.670031E+03	5.149839E-15	1.190849E-16
4.679925E+03	5.162756E-15	1.195578E-16
4.689819E+03	5.177630E-15	1.200439E-16
4.699713E+03	5.194355E-15	1.205405E-16
4.709607E+03	5.212706E-15	1.210416E-16
4.719501E+03	5.232431E-15	1.215409E-16
4.729395E+03	5.253250E-15	1.220313E-16
4.739290E+03	5.274896E-15	1.225059E-16
4.749184E+03	5.297012E-15	1.229559E-16
4.759078E+03	5.319152E-15	1.233702E-16
4.768972E+03	5.341029E-15	1.237418E-16
4.778866E+03	5.362144E-15	1.240586E-16
4.788760E+03	5.382128E-15	1.243117E-16
4.798654E+03	5.400527E-15	1.244904E-16
4.808549E+03	5.416897E-15	1.245843E-16
4.818443E+03	5.430892E-15	1.245857E-16
4.828337E+03	5.442082E-15	1.244849E-16
4.838231E+03	5.450285E-15	1.242784E-16
4.848125E+03	5.455174E-15	1.239593E-16
4.858019E+03	5.456639E-15	1.235262E-16
4.867913E+03	5.454639E-15	1.229792E-16
4.877807E+03	5.448994E-15	1.223156E-16
4.887702E+03	5.439952E-15	1.215426E-16
4.897596E+03	5.427495E-15	1.206613E-16
4.907490E+03	5.411925E-15	1.196804E-16
4.917384E+03	5.393419E-15	1.186055E-16
4.927278E+03	5.372399E-15	1.174479E-16
4.937172E+03	5.349051E-15	1.162135E-16
4.947066E+03	5.323891E-15	1.149155E-16
4.956961E+03	5.297063E-15	1.135588E-16
4.966855E+03	5.269103E-15	1.121567E-16
4.976749E+03	5.240275E-15	1.107167E-16
4.986643E+03	5.210908E-15	1.092471E-16
4.996537E+03	5.181388E-15	1.077578E-16
5.006431E+03	5.151946E-15	1.062549E-16
5.016325E+03	5.122989E-15	1.047480E-16
5.026219E+03	5.094669E-15	1.032415E-16
5.036114E+03	5.067353E-15	1.017438E-16
5.046008E+03	5.041212E-15	1.002593E-16
5.055902E+03	5.016467E-15	9.879319E-17
5.065796E+03	4.993361E-15	9.735097E-17
5.075690E+03	4.972067E-15	9.593660E-17
5.085584E+03	4.952678E-15	9.455242E-17
5.095478E+03	4.935356E-15	9.320200E-17
5.105373E+03	4.920188E-15	9.188742E-17
5.115267E+03	4.907178E-15	9.060920E-17
5.125161E+03	4.896383E-15	8.936887E-17
5.135055E+03	4.887785E-15	8.816661E-17
5.144949E+03	4.881348E-15	8.700240E-17
5.154843E+03	4.876928E-15	8.587439E-17
5.164737E+03	4.874484E-15	8.478278E-17
5.174631E+03	4.873861E-15	8.372591E-17
5.184526E+03	4.874990E-15	8.270390E-17
5.194420E+03	4.877695E-15	8.171521E-17
5.204314E+03	4.881862E-15	8.075964E-17
5.214208E+03	4.887359E-15	7.983696E-17
5.224102E+03	4.894067E-15	7.894737E-17
5.233996E+03	4.901816E-15	7.809056E-17
5.243890E+03	4.910454E-15	7.726678E-17
5.253785E+03	4.919898E-15	7.647764E-17
5.263679E+03	4.929965E-15	7.572341E-17
5.273573E+03	4.940426E-15	7.500395E-17
5.283467E+03	4.951125E-15	7.432054E-17
5.293361E+03	4.961982E-15	7.367576E-17
5.303255E+03	4.972747E-15	7.306981E-17
5.313149E+03	4.983196E-15	7.250354E-17
5.323043E+03	4.993188E-15	7.197902E-17
5.332938E+03	5.002487E-15	7.149710E-17
5.342832E+03	5.010965E-15	7.106012E-17
5.352726E+03	5.018315E-15	7.066783E-17
5.362620E+03	5.024408E-15	7.032232E-17
5.372514E+03	5.029073E-15	7.002491E-17
5.382408E+03	5.032385E-15	6.977996E-17
5.392302E+03	5.034386E-15	6.959000E-17
5.402196E+03	5.035139E-15	6.945372E-17
5.412091E+03	5.034892E-15	6.937115E-17
5.421985E+03	5.033735E-15	6.933978E-17
5.431879E+03	5.031902E-15	6.935884E-17
5.441773E+03	5.029548E-15	6.942623E-17
5.451667E+03	5.026962E-15	6.954153E-17
5.461561E+03	5.024213E-15	6.970127E-17
5.471455E+03	5.021556E-15	6.990448E-17
5.481350E+03	5.019151E-15	7.014898E-17
5.491244E+03	5.017160E-15	7.043261E-17
5.501138E+03	5.015864E-15	7.075509E-17
5.511032E+03	5.015294E-15	7.111276E-17
5.520926E+03	5.015709E-15	7.150530E-17
5.530820E+03	5.017200E-15	7.193027E-17
5.540714E+03	5.019968E-15	7.238693E-17
5.550608E+03	5.024153E-15	7.287398E-17
5.560503E+03	5.030016E-15	7.339198E-17
5.570397E+03	5.037583E-15	7.393837E-17
5.580291E+03	5.047055E-15	7.451328E-17
5.590185E+03	5.058626E-15	7.511697E-17
5.600079E+03	5.072481E-15	7.574976E-17
5.609973E+03	5.088623E-15	7.640940E-17
5.619867E+03	5.107276E-15	7.709710E-17
5.629762E+03	5.128518E-15	7.781195E-17
5.639656E+03	5.152408E-15	7.855296E-17
5.649550E+03	5.178989E-15	7.931882E-17
5.659444E+03	5.208312E-15	8.010852E-17
5.669338E+03	5.240347E-15	8.091978E-17
5.679232E+03	5.274976E-15	8.174895E-17
5.689126E+03	5.312199E-15	8.259425E-17
5.699020E+03	5.351807E-15	8.345057E-17
5.708915E+03	5.393616E-15	8.431322E-17
5.718809E+03	5.437451E-15	8.517755E-17
5.728703E+03	5.482982E-15	8.603650E-17
5.738597E+03	5.529980E-15	8.688456E-17
5.748491E+03	5.578129E-15	8.771481E-17
5.758385E+03	5.627034E-15	8.851912E-17
5.768279E+03	5.676425E-15	8.929135E-17
5.778174E+03	5.725970E-15	9.002443E-17
5.788068E+03	5.775347E-15	9.071149E-17
5.797962E+03	5.824186E-15	9.134508E-17
5.807856E+03	5.872280E-15	9.192036E-17
5.817750E+03	5.919388E-15	9.243213E-17
5.827644E+03	5.965250E-15	9.287508E-17
5.837538E+03	6.009801E-15	9.324707E-17
5.847432E+03	6.052898E-15	9.354496E-17
5.857327E+03	6.094614E-15	9.376912E-17
5.867221E+03	6.134979E-15	9.391940E-17
5.877115E+03	6.174105E-15	9.399710E-17
5.887009E+03	6.212403E-15	9.400815E-17
5.896903E+03	6.250183E-15	9.395699E-17
5.906797E+03	6.287836E-15	9.384928E-17
5.916691E+03	6.325973E-15	9.369396E-17
5.926586E+03	6.365147E-15	9.349894E-17
5.936480E+03	6.406043E-15	9.327394E-17
5.946374E+03	6.449393E-15	9.302909E-17
5.956268E+03	6.495956E-15	9.277458E-17
5.966162E+03	6.546435E-15	9.251954E-17
5.976056E+03	6.601685E-15	9.227481E-17
5.985950E+03	6.662362E-15	9.204807E-17
5.995844E+03	6.729244E-15	9.184833E-17
6.005739E+03	6.802805E-15	9.168012E-17
6.015633E+03	6.883614E-15	9.154901E-17
6.025527E+03	6.971965E-15	9.145680E-17
6.035421E+03	7.068159E-15	9.140538E-17
6.045315E+03	7.172054E-15	9.139113E-17
6.055209E+03	7.283363E-15	9.140913E-17
6.065103E+03	7.401603E-15	9.145279E-17
6.074998E+03	7.525566E-15	9.150771E-17
6.084892E+03	7.653842E-15	9.155880E-17
6.094786E+03	7.784781E-15	9.159019E-17
6.104680E+03	7.915601E-15	9.157518E-17
6.114574E+03	8.043604E-15	9.149138E-17
6.124468E+03	8.165050E-15	9.130796E-17
6.134362E+03	8.275901E-15	9.099489E-17
6.144256E+03	8.371519E-15	9.051969E-17
6.154151E+03	8.447174E-15	8.985315E-17
6.164045E+03	8.497783E-15	8.896615E-17
6.173939E+03	8.518519E-15	8.783555E-17
6.183833E+03	8.505527E-15	8.645039E-17
6.193727E+03	8.455699E-15	8.480784E-17
6.203621E+03	8.368331E-15	8.292803E-17
6.213515E+03	8.246329E-15	8.086328E-17
6.223410E+03	8.096534E-15	7.869877E-17
6.233304E+03	7.928576E-15	7.653983E-17
6.243198E+03	7.753057E-15	7.449447E-17
6.253092E+03	7.579106E-15	7.265131E-17
6.262986E+03	7.414894E-15	7.108662E-17
6.272880E+03	7.267574E-15	6.986556E-17
6.282774E+03	7.141842E-15	6.902542E-17
6.292668E+03	7.041261E-15	6.858824E-17
6.302563E+03	6.968465E-15	6.857005E-17
6.312457E+03	6.924487E-15	6.897509E-17
6.322351E+03	6.909698E-15	6.980459E-17
6.332245E+03	6.924123E-15	7.105968E-17
6.342139E+03	6.967446E-15	7.274093E-17
6.352033E+03	7.038892E-15	7.484660E-17
6.361927E+03	7.137641E-15	7.737625E-17
6.371822E+03	7.262525E-15	8.032703E-17
6.381716E+03	7.412180E-15	8.369457E-17
6.391610E+03	7.585125E-15	8.747328E-17
6.401504E+03	7.779413E-15	9.165170E-17
6.411398E+03	7.992680E-15	9.621219E-17
6.421292E+03	8.222454E-15	1.011338E-16
6.431186E+03	8.465830E-15	1.063879E-16
6.441080E+03	8.719662E-15	1.119396E-16
6.450975E+03	8.980198E-15	1.177426E-16
6.460869E+03	9.244012E-15	1.237509E-16
6.470763E+03	9.507272E-15	1.299085E-16
6.480657E+03	9.765971E-15	1.361529E-16
6.490551E+03	1.001607E-14	1.424164E-16
6.500445E+03	1.025354E-14	1.486265E-16
6.510339E+03	1.047438E-14	1.547072E-16
6.520234E+03	1.067498E-14	1.605834E-16
6.530128E+03	1.085185E-14	1.661784E-16
6.540022E+03	1.100191E-14	1.714187E-16
6.549916E+03	1.112289E-14	1.762406E-16
6.559810E+03	1.121322E-14	1.805902E-16
6.569704E+03	1.127183E-14	1.844206E-16
6.579598E+03	1.129815E-14	1.876936E-16
6.589492E+03	1.129271E-14	1.903895E-16
6.599387E+03	1.125614E-14	1.924926E-16
6.609281E+03	1.118992E-14	1.940031E-16
6.619175E+03	1.109571E-14	1.949277E-16
6.629069E+03	1.097599E-14	1.952898E-16
6.638963E+03	1.083290E-14	1.951105E-16
6.648857E+03	1.066941E-14	1.944294E-16
6.658751E+03	1.048819E-14	1.932832E-16
6.668645E+03	1.029218E-14	1.917177E-16
6.678540E+03	1.008419E-14	1.897791E-16
6.688434E+03	9.866950E-15	1.875150E-16
6.698328E+03	9.643033E-15	1.849729E-16
6.708222E+03	9.414998E-15	1.822024E-16
6.718116E+03	9.184958E-15	1.792463E-16
6.728010E+03	8.954906E-15	1.761468E-16
6.737904E+03	8.726752E-15	1.729463E-16
6.747799E+03	8.502065E-15	1.696811E-16
6.757693E+03	8.282037E-15	1.663811E-16
6.767587E+03	8.068008E-15	1.630798E-16
6.777481E+03	7.860676E-15	1.597980E-16
6.787375E+03	7.660959E-15	1.565614E-16
6.797269E+03	7.469289E-15	1.533855E-16
6.807163E+03	7.286069E-15	1.502855E-16
6.817057E+03	7.111631E-15	1.472745E-16
6.826952E+03	6.946000E-15	1.443595E-16
6.836846E+03	6.789207E-15	1.415467E-16
6.846740E+03	6.641262E-15	1.388420E-16
6.856634E+03	6.501917E-15	1.362452E-16
6.866528E+03	6.370965E-15	1.337565E-16
6.876422E+03	6.248212E-15	1.313763E-16
6.886316E+03	6.133334E-15	1.291014E-16
6.896211E+03	6.025808E-15	1.269244E-16
6.906105E+03	5.925501E-15	1.248455E-16
6.915999E+03	5.831747E-15	1.228535E-16
6.925893E+03	5.744300E-15	1.209456E-16
6.935787E+03	5.662720E-15	1.191146E-16
6.945681E+03	5.586406E-15	1.173499E-16
6.955575E+03	5.515089E-15	1.156475E-16
6.965469E+03	5.448251E-15	1.139981E-16
6.975364E+03	5.385465E-15	1.123940E-16
6.985258E+03	5.326322E-15	1.108281E-16
6.995152E+03	5.270414E-15	1.092930E-16
7.005046E+03	5.217354E-15	1.077819E-16
7.014940E+03	5.166776E-15	1.062882E-16
7.024834E+03	5.118255E-15	1.048044E-16
7.034728E+03	5.071464E-15	1.033249E-16
7.044623E+03	5.026176E-15	1.018463E-16
7.054517E+03	4.982045E-15	1.003629E-16
7.064411E+03	4.938822E-15	9.887099E-17
7.074305E+03	4.896293E-15	9.736778E-17
7.084199E+03	4.854268E-15	9.585100E-17
7.094093E+03	4.812518E-15	9.431781E-17
7.103987E+03	4.770980E-15	9.276876E-17
7.113881E+03	4.729476E-15	9.120223E-17
7.123776E+03	4.687921E-15	8.961859E-17
7.133670E+03	4.646182E-15	8.801742E-17
7.143564E+03	4.604278E-15	8.640129E-17
7.153458E+03	4.562174E-15	8.477186E-17
7.163352E+03	4.519787E-15	8.313001E-17
7.173246E+03	4.477043E-15	8.147691E-17
7.183140E+03	4.434074E-15	7.981764E-17
7.193035E+03	4.390702E-15	7.815168E-17
7.202929E+03	4.347073E-15	7.648453E-17
7.212823E+03	4.303149E-15	7.481842E-17
7.222717E+03	4.258964E-15	7.315699E-17
7.232611E+03	4.214489E-15	7.150286E-17
7.242505E+03	4.169825E-15	6.986101E-17
7.252399E+03	4.124896E-15	6.823350E-17
7.262293E+03	4.079867E-15	6.662647E-17
7.272188E+03	4.034667E-15	6.504227E-17
7.282082E+03	3.989412E-15	6.348641E-17
7.291976E+03	3.944103E-15	6.196253E-17
7.301870E+03	3.898802E-15	6.047540E-17
7.311764E+03	3.853583E-15	5.902998E-17
7.321658E+03	3.808523E-15	5.763130E-17
7.331552E+03	3.763709E-15	5.628454E-17
7.341447E+03	3.719177E-15	5.499412E-17
7.351341E+03	3.675079E-15	5.376615E-17
7.361235E+03	3.631519E-15	5.260592E-17
7.371129E+03	3.588550E-15	5.151791E-17
7.381023E+03	3.546329E-15	5.050796E-17
7.390917E+03	3.504911E-15	4.958028E-17
7.400811E+03	3.464457E-15	4.874033E-17
7.410705E+03	3.425060E-15	4.799241E-17
7.420600E+03	3.386815E-15	4.734051E-17
7.430494E+03	3.349768E-15	4.678764E-17
7.440388E+03	3.314052E-15	4.633761E-17
7.450282E+03	3.279748E-15	4.599317E-17
7.460176E+03	3.246939E-15	4.575665E-17
7.470070E+03	3.215732E-15	4.563026E-17
7.479964E+03	3.186143E-15	4.561282E-17
7.489859E+03	3.158229E-15	4.570160E-17
7.499753E+03	3.132071E-15	4.589399E-17
7.509647E+03	3.107694E-15	4.618661E-17
7.519541E+03	3.085130E-15	4.657613E-17
7.529435E+03	3.064392E-15	4.705915E-17
7.539329E+03	3.045452E-15	4.763173E-17
7.549223E+03	3.028421E-15	4.829237E-17
7.559117E+03	3.013299E-15	4.903815E-17
7.569012E+03	3.000052E-15	4.986589E-17
7.578906E+03	2.988661E-15	5.077295E-17
7.588800E+03	2.979003E-15	5.175519E-17
7.598694E+03	2.970854E-15	5.280682E-17
7.608588E+03	2.964122E-15	5.392441E-17
7.618482E+03	2.958423E-15	5.509924E-17
7.628376E+03	2.953526E-15	5.632511E-17
7.638271E+03	2.949164E-15	5.759499E-17
7.648165E+03	2.945186E-15	5.890383E-17
7.658059E+03	2.941308E-15	6.024380E-17
7.667953E+03	2.937428E-15	6.161051E-17
7.677847E+03	2.933399E-15	6.299858E-17
7.687741E+03	2.929111E-15	6.440324E-17
7.697635E+03	2.924443E-15	6.581945E-17
7.707529E+03	2.919366E-15	6.724407E-17
7.717424E+03	2.913828E-15	6.867355E-17
7.727318E+03	2.907754E-15	7.010371E-17
7.737212E+03	2.901160E-15	7.153255E-17
7.747106E+03	2.893937E-15	7.295509E-17
7.757000E+03	2.886172E-15	7.437116E-17
7.766894E+03	2.877854E-15	7.577838E-17
7.776788E+03	2.868899E-15	7.717234E-17
7.786682E+03	2.859319E-15	7.855118E-17
7.796577E+03	2.849208E-15	7.991550E-17
7.806471E+03	2.838496E-15	8.126139E-17
7.816365E+03	2.827205E-15	8.258755E-17
7.826259E+03	2.815403E-15	8.389412E-17
7.836153E+03	2.803077E-15	8.517904E-17
7.846047E+03	2.790261E-15	8.644170E-17
7.855941E+03	2.776993E-15	8.768172E-17
7.865836E+03	2.763271E-15	8.889759E-17
7.875730E+03	2.749183E-15	9.009077E-17
7.885624E+03	2.734776E-15	9.126158E-17
7.895518E+03	2.720015E-15	9.240770E-17
7.905412E+03	2.705078E-15	9.353417E-17
7.915306E+03	2.689889E-15	9.463752E-17
7.925200E+03	2.674584E-15	9.572173E-17
7.935094E+03	2.659175E-15	9.678660E-17
7.944989E+03	2.643672E-15	9.783191E-17
7.954883E+03	2.628252E-15	9.886379E-17
7.964777E+03	2.612839E-15	9.987921E-17
7.974671E+03	2.597527E-15	1.008814E-16
7.984565E+03	2.582361E-15	1.018721E-16
7.994459E+03	2.567430E-15	1.028549E-16
8.004353E+03	2.552736E-15	1.038300E-16
8.014248E+03	2.538361E-15	1.048009E-16
8.024142E+03	2.524303E-15	1.057681E-16
8.034036E+03	2.510599E-15	1.067333E-16
8.043930E+03	2.497321E-15	1.077003E-16
8.053824E+03	2.484502E-15	1.086709E-16
8.063718E+03	2.472166E-15	1.096470E-16
8.073612E+03	2.460338E-15	1.106305E-16
8.083506E+03	2.448998E-15	1.116211E-16
8.093401E+03	2.438283E-15	1.126259E-16
8.103295E+03	2.428086E-15	1.136410E-16
8.113189E+03	2.418498E-15	1.146716E-16
8.123083E+03	2.409486E-15	1.157170E-16
8.132977E+03	2.401055E-15	1.167784E-16
8.142871E+03	2.393287E-15	1.178608E-16
8.152765E+03	2.386100E-15	1.189613E-16
8.162660E+03	2.379488E-15	1.200804E-16
8.172554E+03	2.373524E-15	1.212230E-16
8.182448E+03	2.368119E-15	1.223854E-16
8.192342E+03	2.363299E-15	1.235700E-16
8.202236E+03	2.359050E-15	1.247770E-16
8.212130E+03	2.355313E-15	1.260043E-16
8.222024E+03	2.352147E-15	1.272558E-16
8.231918E+03	2.349452E-15	1.285271E-16
8.241813E+03	2.347281E-15	1.298219E-16
8.251707E+03	2.345529E-15	1.311351E-16
8.261601E+03	2.344167E-15	1.324659E-16
8.271495E+03	2.343245E-15	1.338176E-16
8.281389E+03	2.342650E-15	1.351847E-16
8.291283E+03	2.342391E-15	1.365680E-16
8.301177E+03	2.342392E-15	1.379636E-16
8.311072E+03	2.342657E-15	1.393722E-16
8.320966E+03	2.343109E-15	1.407895E-16
8.330860E+03	2.343710E-15	1.422136E-16
8.340754E+03	2.344462E-15	1.436448E-16
8.350648E+03	2.345245E-15	1.450758E-16
8.360542E+03	2.346101E-15	1.465092E-16
8.370436E+03	2.346950E-15	1.479402E-16
8.380330E+03	2.347709E-15	1.493633E-16
8.390225E+03	2.348424E-15	1.507814E-16
8.400119E+03	2.348973E-15	1.521863E-16
8.410013E+03	2.349317E-15	1.535752E-16
8.419907E+03	2.349462E-15	1.549481E-16
8.429801E+03	2.349331E-15	1.562994E-16
8.439695E+03	2.348889E-15	1.576264E-16
8.449589E+03	2.348148E-15	1.589292E-16
8.459484E+03	2.346991E-15	1.601993E-16
8.469378E+03	2.345436E-15	1.614372E-16
8.479272E+03	2.343456E-15	1.626403E-16
8.489166E+03	2.341028E-15	1.638064E-16
8.499060E+03	2.338091E-15	1.649301E-16
8.508954E+03	2.334670E-15	1.660125E-16
8.518848E+03	2.330707E-15	1.670486E-16
8.528742E+03	2.326190E-15	1.680366E-16
8.538637E+03	2.321156E-15	1.689781E-16
8.548531E+03	2.315511E-15	1.698655E-16
8.558425E+03	2.309340E-15	1.707040E-16
8.568319E+03	2.302598E-15	1.714894E-16
8.578213E+03	2.295290E-15	1.722211E-16
8.588107E+03	2.287375E-15	1.728950E-16
8.598001E+03	2.278951E-15	1.735177E-16
8.607896E+03	2.269940E-15	1.740823E-16
8.617790E+03	2.260398E-15	1.745923E-16
8.627684E+03	2.250341E-15	1.750479E-16
8.637578E+03	2.239784E-15	1.754497E-16
8.647472E+03	2.228704E-15	1.757949E-16
8.657366E+03	2.217163E-15	1.760877E-16
8.667260E+03	2.205231E-15	1.763330E-16
8.677154E+03	2.192839E-15	1.765246E-16
8.687049E+03	2.180012E-15	1.766638E-16
8.696943E+03	2.166865E-15	1.767595E-16
8.706837E+03	2.153379E-15	1.768096E-16
8.716731E+03	2.139581E-15	1.768157E-16
8.726625E+03	2.125498E-15	1.767798E-16
8.736519E+03	2.111157E-15	1.767037E-16
8.746413E+03	2.096631E-15	1.765931E-16
8.756308E+03	2.081901E-15	1.764464E-16
8.766202E+03	2.067040E-15	1.762693E-16
8.776096E+03	2.052074E-15	1.760641E-16
8.785990E+03	2.036984E-15	1.758290E-16
8.795884E+03	2.021885E-15	1.755738E-16
8.805778E+03	2.006756E-15	1.752968E-16
8.815672E+03	1.991619E-15	1.749999E-16
8.825566E+03	1.976495E-15	1.746851E-16
8.835461E+03	1.961495E-15	1.743623E-16
8.845355E+03	1.946546E-15	1.740252E-16
8.855249E+03	1.931710E-15	1.736796E-16
8.865143E+03	1.917000E-15	1.733270E-16
8.875037E+03	1.902476E-15	1.729730E-16
8.884931E+03	1.888103E-15	1.726147E-16
8.894825E+03	1.873936E-15	1.722576E-16
8.904720E+03	1.859982E-15	1.719025E-16
8.944296E+03	1.806562E-15	1.705372E-16
8.983873E+03	1.757220E-15	1.693028E-16
9.023449E+03	1.712328E-15	1.682642E-16
9.063026E+03	1.671615E-15	1.674235E-16
9.102602E+03	1.634712E-15	1.667702E-16
9.142179E+03	1.601064E-15	1.662715E-16
9.181755E+03	1.570026E-15	1.658801E-16
9.221332E+03	1.540951E-15	1.655433E-16
9.260908E+03	1.513231E-15	1.652079E-16
9.300485E+03	1.486492E-15	1.648422E-16
9.340061E+03	1.460363E-15	1.644118E-16
9.379638E+03	1.434603E-15	1.638948E-16
9.419214E+03	1.409018E-15	1.632731E-16
9.458791E+03	1.383432E-15	1.625292E-16
9.498367E+03	1.357738E-15	1.616528E-16
9.537944E+03	1.331909E-15	1.606425E-16
9.577521E+03	1.305954E-15	1.595013E-16
9.617097E+03	1.279988E-15	1.582452E-16
9.656674E+03	1.254197E-15	1.568999E-16
9.696250E+03	1.228782E-15	1.554938E-16
9.735827E+03	1.203923E-15	1.540542E-16
9.775403E+03	1.179679E-15	1.525931E-16
9.814980E+03	1.156120E-15	1.511246E-16
9.854556E+03	1.133255E-15	1.496548E-16
9.894133E+03	1.110960E-15	1.481720E-16
9.933709E+03	1.089316E-15	1.466912E-16
9.973286E+03	1.068151E-15	1.451938E-16
1.001286E+04	1.047302E-15	1.436608E-16
1.005244E+04	1.026877E-15	1.421103E-16
1.009202E+04	1.006740E-15	1.405266E-16
1.013159E+04	9.870096E-16	1.389293E-16
1.017117E+04	9.675430E-16	1.373010E-16
1.021075E+04	9.483641E-16	1.356478E-16
